Time;Bezirk;GKZ;AnzEinwohner;AnzahlFaelle;AnzahlFaelleSum;AnzahlFaelle7Tage;SiebenTageInzidenzFaelle;AnzahlTotTaeglich;AnzahlTotSum;AnzahlGeheiltTaeglich;AnzahlGeheiltSum
26.02.2020 00:00:00;Eisenstadt(Stadt);101;14637;0;0;0;0;0;0;0;0
26.02.2020 00:00:00;Rust(Stadt);102;1940;0;0;0;0;0;0;0;0
26.02.2020 00:00:00;Eisenstadt-Umgebung;103;42927;0;0;0;0;0;0;0;0
26.02.2020 00:00:00;Güssing;104;25797;0;0;0;0;0;0;0;0
26.02.2020 00:00:00;Jennersdorf;105;17066;0;0;0;0;0;0;0;0
26.02.2020 00:00:00;Mattersburg;106;39925;0;0;0;0;0;0;0;0
26.02.2020 00:00:00;Neusiedl am See;107;59552;0;0;0;0;0;0;0;0
26.02.2020 00:00:00;Oberpullendorf;108;37513;0;0;0;0;0;0;0;0
26.02.2020 00:00:00;Oberwart;109;54076;0;0;0;0;0;0;0;0
26.02.2020 00:00:00;Klagenfurt Stadt;201;100817;0;0;0;0;0;0;0;0
26.02.2020 00:00:00;Villach Stadt;202;62243;0;0;0;0;0;0;0;0
26.02.2020 00:00:00;Hermagor;203;18224;0;0;0;0;0;0;0;0
26.02.2020 00:00:00;Klagenfurt Land;204;59800;0;0;0;0;0;0;0;0
26.02.2020 00:00:00;Sankt Veit an der Glan;205;54555;0;0;0;0;0;0;0;0
26.02.2020 00:00:00;Spittal an der Drau;206;76091;0;0;0;0;0;0;0;0
26.02.2020 00:00:00;Villach Land;207;64668;0;0;0;0;0;0;0;0
26.02.2020 00:00:00;Völkermarkt;208;41878;0;0;0;0;0;0;0;0
26.02.2020 00:00:00;Wolfsberg;209;52726;0;0;0;0;0;0;0;0
26.02.2020 00:00:00;Feldkirchen;210;29937;0;0;0;0;0;0;0;0
26.02.2020 00:00:00;Krems an der Donau(Stadt);301;24876;0;0;0;0;0;0;0;0
26.02.2020 00:00:00;Sankt Pölten(Stadt);302;55044;0;0;0;0;0;0;0;0
26.02.2020 00:00:00;Waidhofen an der Ybbs(Stadt);303;11261;0;0;0;0;0;0;0;0
26.02.2020 00:00:00;Wiener Neustadt(Stadt);304;45277;0;0;0;0;0;0;0;0
26.02.2020 00:00:00;Amstetten;305;116114;0;0;0;0;0;0;0;0
26.02.2020 00:00:00;Baden;306;146203;0;0;0;0;0;0;0;0
26.02.2020 00:00:00;Bruck an der Leitha;307;102010;0;0;0;0;0;0;0;0
26.02.2020 00:00:00;Gänserndorf;308;103686;0;0;0;0;0;0;0;0
26.02.2020 00:00:00;Gmünd;309;36773;0;0;0;0;0;0;0;0
26.02.2020 00:00:00;Hollabrunn;310;50858;0;0;0;0;0;0;0;0
26.02.2020 00:00:00;Horn;311;31090;0;0;0;0;0;0;0;0
26.02.2020 00:00:00;Korneuburg;312;90889;0;0;0;0;0;0;0;0
26.02.2020 00:00:00;Krems(Land);313;56596;0;0;0;0;0;0;0;0
26.02.2020 00:00:00;Lilienfeld;314;25812;0;0;0;0;0;0;0;0
26.02.2020 00:00:00;Melk;315;77962;0;0;0;0;0;0;0;0
26.02.2020 00:00:00;Mistelbach;316;75483;0;0;0;0;0;0;0;0
26.02.2020 00:00:00;Mödling;317;118998;0;0;0;0;0;0;0;0
26.02.2020 00:00:00;Neunkirchen;318;86291;0;0;0;0;0;0;0;0
26.02.2020 00:00:00;Sankt Pölten(Land);319;131044;0;0;0;0;0;0;0;0
26.02.2020 00:00:00;Scheibbs;320;41403;0;0;0;0;0;0;0;0
26.02.2020 00:00:00;Tulln;321;103771;0;0;0;0;0;0;0;0
26.02.2020 00:00:00;Waidhofen an der Thaya;322;25888;0;0;0;0;0;0;0;0
26.02.2020 00:00:00;Wiener Neustadt(Land);323;77991;0;0;0;0;0;0;0;0
26.02.2020 00:00:00;Zwettl;325;42222;0;0;0;0;0;0;0;0
26.02.2020 00:00:00;Linz(Stadt);401;205726;0;0;0;0;0;0;0;0
26.02.2020 00:00:00;Steyr(Stadt);402;38193;0;0;0;0;0;0;0;0
26.02.2020 00:00:00;Wels(Stadt);403;61727;0;0;0;0;0;0;0;0
26.02.2020 00:00:00;Braunau am Inn;404;104408;0;0;0;0;0;0;0;0
26.02.2020 00:00:00;Eferding;405;33156;0;0;0;0;0;0;0;0
26.02.2020 00:00:00;Freistadt;406;66621;0;0;0;0;0;0;0;0
26.02.2020 00:00:00;Gmunden;407;101631;0;0;0;0;0;0;0;0
26.02.2020 00:00:00;Grieskirchen;408;64721;0;0;0;0;0;0;0;0
26.02.2020 00:00:00;Kirchdorf an der Krems;409;56866;0;0;0;0;0;0;0;0
26.02.2020 00:00:00;Linz-Land;410;150273;0;0;0;0;0;0;0;1
26.02.2020 00:00:00;Perg;411;68459;0;0;0;0;0;0;0;0
26.02.2020 00:00:00;Ried im Innkreis;412;61204;0;0;0;0;0;0;0;0
26.02.2020 00:00:00;Rohrbach;413;56524;0;0;0;0;0;0;0;0
26.02.2020 00:00:00;Schärding;414;57307;0;0;0;0;0;0;0;0
26.02.2020 00:00:00;Steyr-Land;415;60427;0;0;0;0;0;0;0;0
26.02.2020 00:00:00;Urfahr-Umgebung;416;85505;0;0;0;0;0;0;0;0
26.02.2020 00:00:00;Vöcklabruck;417;136253;0;0;0;0;0;0;0;0
26.02.2020 00:00:00;Wels-Land;418;73094;0;0;0;0;0;0;0;0
26.02.2020 00:00:00;Salzburg(Stadt);501;154211;0;0;0;0;0;0;0;0
26.02.2020 00:00:00;Hallein;502;60374;0;0;0;0;0;0;0;0
26.02.2020 00:00:00;Salzburg-Umgebung;503;152281;0;0;0;0;0;0;0;0
26.02.2020 00:00:00;Sankt Johann im Pongau;504;80573;0;0;0;0;0;0;0;0
26.02.2020 00:00:00;Tamsweg;505;20320;0;0;0;0;0;0;0;0
26.02.2020 00:00:00;Zell am See;506;87462;0;0;0;0;0;0;0;0
26.02.2020 00:00:00;Graz(Stadt);601;288806;0;0;0;0;0;0;0;0
26.02.2020 00:00:00;Deutschlandsberg;603;60821;0;0;0;0;0;0;0;0
26.02.2020 00:00:00;Graz-Umgebung;606;154260;0;0;0;0;0;0;0;0
26.02.2020 00:00:00;Leibnitz;610;82484;0;0;0;0;0;0;0;0
26.02.2020 00:00:00;Leoben;611;60060;0;0;0;0;0;0;0;0
26.02.2020 00:00:00;Liezen;612;79901;0;0;0;0;0;0;0;0
26.02.2020 00:00:00;Murau;614;27659;0;0;0;0;0;0;0;0
26.02.2020 00:00:00;Voitsberg;616;51161;0;0;0;0;0;0;0;0
26.02.2020 00:00:00;Weiz;617;90343;0;0;0;0;0;0;0;0
26.02.2020 00:00:00;Murtal;620;72004;0;0;0;0;0;0;0;0
26.02.2020 00:00:00;Bruck-Mürzzuschlag;621;98984;0;0;0;0;0;0;0;0
26.02.2020 00:00:00;Hartberg-Fürstenfeld;622;90622;0;0;0;0;0;0;0;0
26.02.2020 00:00:00;Südoststeiermark;623;85947;0;0;0;0;0;0;0;0
26.02.2020 00:00:00;Innsbruck-Stadt;701;132110;0;0;0;0;0;0;0;0
26.02.2020 00:00:00;Imst;702;60056;0;0;0;0;0;0;0;0
26.02.2020 00:00:00;Innsbruck-Land;703;179318;0;0;0;0;0;0;0;0
26.02.2020 00:00:00;Kitzbühel;704;63881;0;0;0;0;0;0;0;0
26.02.2020 00:00:00;Kufstein;705;109682;0;0;0;0;0;0;0;0
26.02.2020 00:00:00;Landeck;706;44362;0;0;0;0;0;0;0;0
26.02.2020 00:00:00;Lienz;707;48753;0;0;0;0;0;0;0;0
26.02.2020 00:00:00;Reutte;708;32670;0;0;0;0;0;0;0;0
26.02.2020 00:00:00;Schwaz;709;83873;0;0;0;0;0;0;0;0
26.02.2020 00:00:00;Bludenz;801;63714;0;0;0;0;0;0;0;0
26.02.2020 00:00:00;Bregenz;802;134383;0;0;0;0;0;0;0;0
26.02.2020 00:00:00;Dornbirn;803;89041;0;0;0;0;0;0;0;0
26.02.2020 00:00:00;Feldkirch;804;107159;0;0;0;0;0;0;0;0
26.02.2020 00:00:00;Wien;900;1897491;1;1;1;0,05270117;0;0;0;0
27.02.2020 00:00:00;Eisenstadt(Stadt);101;14637;0;0;0;0;0;0;0;0
27.02.2020 00:00:00;Rust(Stadt);102;1940;0;0;0;0;0;0;0;0
27.02.2020 00:00:00;Eisenstadt-Umgebung;103;42927;0;0;0;0;0;0;0;0
27.02.2020 00:00:00;Güssing;104;25797;0;0;0;0;0;0;0;0
27.02.2020 00:00:00;Jennersdorf;105;17066;0;0;0;0;0;0;0;0
27.02.2020 00:00:00;Mattersburg;106;39925;0;0;0;0;0;0;0;0
27.02.2020 00:00:00;Neusiedl am See;107;59552;0;0;0;0;0;0;0;0
27.02.2020 00:00:00;Oberpullendorf;108;37513;0;0;0;0;0;0;0;0
27.02.2020 00:00:00;Oberwart;109;54076;0;0;0;0;0;0;0;0
27.02.2020 00:00:00;Klagenfurt Stadt;201;100817;0;0;0;0;0;0;0;0
27.02.2020 00:00:00;Villach Stadt;202;62243;0;0;0;0;0;0;0;0
27.02.2020 00:00:00;Hermagor;203;18224;0;0;0;0;0;0;0;0
27.02.2020 00:00:00;Klagenfurt Land;204;59800;0;0;0;0;0;0;0;0
27.02.2020 00:00:00;Sankt Veit an der Glan;205;54555;0;0;0;0;0;0;0;0
27.02.2020 00:00:00;Spittal an der Drau;206;76091;0;0;0;0;0;0;0;0
27.02.2020 00:00:00;Villach Land;207;64668;0;0;0;0;0;0;0;0
27.02.2020 00:00:00;Völkermarkt;208;41878;0;0;0;0;0;0;0;0
27.02.2020 00:00:00;Wolfsberg;209;52726;0;0;0;0;0;0;0;0
27.02.2020 00:00:00;Feldkirchen;210;29937;0;0;0;0;0;0;0;0
27.02.2020 00:00:00;Krems an der Donau(Stadt);301;24876;0;0;0;0;0;0;0;0
27.02.2020 00:00:00;Sankt Pölten(Stadt);302;55044;0;0;0;0;0;0;0;0
27.02.2020 00:00:00;Waidhofen an der Ybbs(Stadt);303;11261;0;0;0;0;0;0;0;0
27.02.2020 00:00:00;Wiener Neustadt(Stadt);304;45277;0;0;0;0;0;0;0;0
27.02.2020 00:00:00;Amstetten;305;116114;0;0;0;0;0;0;0;0
27.02.2020 00:00:00;Baden;306;146203;0;0;0;0;0;0;0;0
27.02.2020 00:00:00;Bruck an der Leitha;307;102010;0;0;0;0;0;0;0;0
27.02.2020 00:00:00;Gänserndorf;308;103686;0;0;0;0;0;0;0;0
27.02.2020 00:00:00;Gmünd;309;36773;0;0;0;0;0;0;0;0
27.02.2020 00:00:00;Hollabrunn;310;50858;0;0;0;0;0;0;0;0
27.02.2020 00:00:00;Horn;311;31090;0;0;0;0;0;0;0;0
27.02.2020 00:00:00;Korneuburg;312;90889;0;0;0;0;0;0;0;0
27.02.2020 00:00:00;Krems(Land);313;56596;0;0;0;0;0;0;0;0
27.02.2020 00:00:00;Lilienfeld;314;25812;0;0;0;0;0;0;0;0
27.02.2020 00:00:00;Melk;315;77962;0;0;0;0;0;0;0;0
27.02.2020 00:00:00;Mistelbach;316;75483;0;0;0;0;0;0;0;0
27.02.2020 00:00:00;Mödling;317;118998;0;0;0;0;0;0;0;0
27.02.2020 00:00:00;Neunkirchen;318;86291;0;0;0;0;0;0;0;0
27.02.2020 00:00:00;Sankt Pölten(Land);319;131044;0;0;0;0;0;0;0;0
27.02.2020 00:00:00;Scheibbs;320;41403;0;0;0;0;0;0;0;0
27.02.2020 00:00:00;Tulln;321;103771;0;0;0;0;0;0;0;0
27.02.2020 00:00:00;Waidhofen an der Thaya;322;25888;0;0;0;0;0;0;0;0
27.02.2020 00:00:00;Wiener Neustadt(Land);323;77991;0;0;0;0;0;0;0;0
27.02.2020 00:00:00;Zwettl;325;42222;0;0;0;0;0;0;0;0
27.02.2020 00:00:00;Linz(Stadt);401;205726;0;0;0;0;0;0;0;0
27.02.2020 00:00:00;Steyr(Stadt);402;38193;0;0;0;0;0;0;0;0
27.02.2020 00:00:00;Wels(Stadt);403;61727;0;0;0;0;0;0;0;0
27.02.2020 00:00:00;Braunau am Inn;404;104408;0;0;0;0;0;0;0;0
27.02.2020 00:00:00;Eferding;405;33156;0;0;0;0;0;0;0;0
27.02.2020 00:00:00;Freistadt;406;66621;0;0;0;0;0;0;0;0
27.02.2020 00:00:00;Gmunden;407;101631;0;0;0;0;0;0;0;0
27.02.2020 00:00:00;Grieskirchen;408;64721;0;0;0;0;0;0;0;0
27.02.2020 00:00:00;Kirchdorf an der Krems;409;56866;0;0;0;0;0;0;0;0
27.02.2020 00:00:00;Linz-Land;410;150273;0;0;0;0;0;0;0;1
27.02.2020 00:00:00;Perg;411;68459;0;0;0;0;0;0;0;0
27.02.2020 00:00:00;Ried im Innkreis;412;61204;0;0;0;0;0;0;0;0
27.02.2020 00:00:00;Rohrbach;413;56524;0;0;0;0;0;0;0;0
27.02.2020 00:00:00;Schärding;414;57307;0;0;0;0;0;0;0;0
27.02.2020 00:00:00;Steyr-Land;415;60427;0;0;0;0;0;0;0;0
27.02.2020 00:00:00;Urfahr-Umgebung;416;85505;0;0;0;0;0;0;0;0
27.02.2020 00:00:00;Vöcklabruck;417;136253;0;0;0;0;0;0;0;0
27.02.2020 00:00:00;Wels-Land;418;73094;0;0;0;0;0;0;0;0
27.02.2020 00:00:00;Salzburg(Stadt);501;154211;0;0;0;0;0;0;0;0
27.02.2020 00:00:00;Hallein;502;60374;0;0;0;0;0;0;0;0
27.02.2020 00:00:00;Salzburg-Umgebung;503;152281;0;0;0;0;0;0;0;0
27.02.2020 00:00:00;Sankt Johann im Pongau;504;80573;0;0;0;0;0;0;0;0
27.02.2020 00:00:00;Tamsweg;505;20320;0;0;0;0;0;0;0;0
27.02.2020 00:00:00;Zell am See;506;87462;0;0;0;0;0;0;0;0
27.02.2020 00:00:00;Graz(Stadt);601;288806;0;0;0;0;0;0;0;0
27.02.2020 00:00:00;Deutschlandsberg;603;60821;0;0;0;0;0;0;0;0
27.02.2020 00:00:00;Graz-Umgebung;606;154260;0;0;0;0;0;0;0;0
27.02.2020 00:00:00;Leibnitz;610;82484;0;0;0;0;0;0;0;0
27.02.2020 00:00:00;Leoben;611;60060;0;0;0;0;0;0;0;0
27.02.2020 00:00:00;Liezen;612;79901;0;0;0;0;0;0;0;0
27.02.2020 00:00:00;Murau;614;27659;0;0;0;0;0;0;0;0
27.02.2020 00:00:00;Voitsberg;616;51161;0;0;0;0;0;0;0;0
27.02.2020 00:00:00;Weiz;617;90343;0;0;0;0;0;0;0;0
27.02.2020 00:00:00;Murtal;620;72004;0;0;0;0;0;0;0;0
27.02.2020 00:00:00;Bruck-Mürzzuschlag;621;98984;0;0;0;0;0;0;0;0
27.02.2020 00:00:00;Hartberg-Fürstenfeld;622;90622;0;0;0;0;0;0;0;0
27.02.2020 00:00:00;Südoststeiermark;623;85947;0;0;0;0;0;0;0;0
27.02.2020 00:00:00;Innsbruck-Stadt;701;132110;0;0;0;0;0;0;0;0
27.02.2020 00:00:00;Imst;702;60056;0;0;0;0;0;0;0;0
27.02.2020 00:00:00;Innsbruck-Land;703;179318;0;0;0;0;0;0;0;0
27.02.2020 00:00:00;Kitzbühel;704;63881;0;0;0;0;0;0;0;0
27.02.2020 00:00:00;Kufstein;705;109682;0;0;0;0;0;0;0;0
27.02.2020 00:00:00;Landeck;706;44362;0;0;0;0;0;0;0;0
27.02.2020 00:00:00;Lienz;707;48753;0;0;0;0;0;0;0;0
27.02.2020 00:00:00;Reutte;708;32670;0;0;0;0;0;0;0;0
27.02.2020 00:00:00;Schwaz;709;83873;0;0;0;0;0;0;0;0
27.02.2020 00:00:00;Bludenz;801;63714;0;0;0;0;0;0;0;0
27.02.2020 00:00:00;Bregenz;802;134383;0;0;0;0;0;0;0;0
27.02.2020 00:00:00;Dornbirn;803;89041;0;0;0;0;0;0;0;0
27.02.2020 00:00:00;Feldkirch;804;107159;0;0;0;0;0;0;0;0
27.02.2020 00:00:00;Wien;900;1897491;2;3;3;0,1581035;0;0;0;0
28.02.2020 00:00:00;Eisenstadt(Stadt);101;14637;0;0;0;0;0;0;0;0
28.02.2020 00:00:00;Rust(Stadt);102;1940;0;0;0;0;0;0;0;0
28.02.2020 00:00:00;Eisenstadt-Umgebung;103;42927;0;0;0;0;0;0;0;0
28.02.2020 00:00:00;Güssing;104;25797;0;0;0;0;0;0;0;0
28.02.2020 00:00:00;Jennersdorf;105;17066;0;0;0;0;0;0;0;0
28.02.2020 00:00:00;Mattersburg;106;39925;0;0;0;0;0;0;0;0
28.02.2020 00:00:00;Neusiedl am See;107;59552;0;0;0;0;0;0;0;0
28.02.2020 00:00:00;Oberpullendorf;108;37513;0;0;0;0;0;0;0;0
28.02.2020 00:00:00;Oberwart;109;54076;0;0;0;0;0;0;0;0
28.02.2020 00:00:00;Klagenfurt Stadt;201;100817;0;0;0;0;0;0;0;0
28.02.2020 00:00:00;Villach Stadt;202;62243;0;0;0;0;0;0;0;0
28.02.2020 00:00:00;Hermagor;203;18224;0;0;0;0;0;0;0;0
28.02.2020 00:00:00;Klagenfurt Land;204;59800;0;0;0;0;0;0;0;0
28.02.2020 00:00:00;Sankt Veit an der Glan;205;54555;0;0;0;0;0;0;0;0
28.02.2020 00:00:00;Spittal an der Drau;206;76091;0;0;0;0;0;0;0;0
28.02.2020 00:00:00;Villach Land;207;64668;0;0;0;0;0;0;0;0
28.02.2020 00:00:00;Völkermarkt;208;41878;0;0;0;0;0;0;0;0
28.02.2020 00:00:00;Wolfsberg;209;52726;0;0;0;0;0;0;0;0
28.02.2020 00:00:00;Feldkirchen;210;29937;0;0;0;0;0;0;0;0
28.02.2020 00:00:00;Krems an der Donau(Stadt);301;24876;0;0;0;0;0;0;0;0
28.02.2020 00:00:00;Sankt Pölten(Stadt);302;55044;0;0;0;0;0;0;0;0
28.02.2020 00:00:00;Waidhofen an der Ybbs(Stadt);303;11261;0;0;0;0;0;0;0;0
28.02.2020 00:00:00;Wiener Neustadt(Stadt);304;45277;0;0;0;0;0;0;0;0
28.02.2020 00:00:00;Amstetten;305;116114;0;0;0;0;0;0;0;0
28.02.2020 00:00:00;Baden;306;146203;0;0;0;0;0;0;0;0
28.02.2020 00:00:00;Bruck an der Leitha;307;102010;0;0;0;0;0;0;0;0
28.02.2020 00:00:00;Gänserndorf;308;103686;0;0;0;0;0;0;0;0
28.02.2020 00:00:00;Gmünd;309;36773;0;0;0;0;0;0;0;0
28.02.2020 00:00:00;Hollabrunn;310;50858;0;0;0;0;0;0;0;0
28.02.2020 00:00:00;Horn;311;31090;0;0;0;0;0;0;0;0
28.02.2020 00:00:00;Korneuburg;312;90889;2;2;2;2,200486;0;0;0;0
28.02.2020 00:00:00;Krems(Land);313;56596;0;0;0;0;0;0;0;0
28.02.2020 00:00:00;Lilienfeld;314;25812;0;0;0;0;0;0;0;0
28.02.2020 00:00:00;Melk;315;77962;0;0;0;0;0;0;0;0
28.02.2020 00:00:00;Mistelbach;316;75483;0;0;0;0;0;0;0;0
28.02.2020 00:00:00;Mödling;317;118998;0;0;0;0;0;0;0;0
28.02.2020 00:00:00;Neunkirchen;318;86291;0;0;0;0;0;0;0;0
28.02.2020 00:00:00;Sankt Pölten(Land);319;131044;0;0;0;0;0;0;0;0
28.02.2020 00:00:00;Scheibbs;320;41403;0;0;0;0;0;0;0;0
28.02.2020 00:00:00;Tulln;321;103771;0;0;0;0;0;0;0;0
28.02.2020 00:00:00;Waidhofen an der Thaya;322;25888;0;0;0;0;0;0;0;0
28.02.2020 00:00:00;Wiener Neustadt(Land);323;77991;0;0;0;0;0;0;0;0
28.02.2020 00:00:00;Zwettl;325;42222;0;0;0;0;0;0;0;0
28.02.2020 00:00:00;Linz(Stadt);401;205726;0;0;0;0;0;0;0;0
28.02.2020 00:00:00;Steyr(Stadt);402;38193;0;0;0;0;0;0;0;0
28.02.2020 00:00:00;Wels(Stadt);403;61727;0;0;0;0;0;0;0;0
28.02.2020 00:00:00;Braunau am Inn;404;104408;0;0;0;0;0;0;0;0
28.02.2020 00:00:00;Eferding;405;33156;0;0;0;0;0;0;0;0
28.02.2020 00:00:00;Freistadt;406;66621;0;0;0;0;0;0;0;0
28.02.2020 00:00:00;Gmunden;407;101631;0;0;0;0;0;0;0;0
28.02.2020 00:00:00;Grieskirchen;408;64721;0;0;0;0;0;0;0;0
28.02.2020 00:00:00;Kirchdorf an der Krems;409;56866;0;0;0;0;0;0;0;0
28.02.2020 00:00:00;Linz-Land;410;150273;0;0;0;0;0;0;0;1
28.02.2020 00:00:00;Perg;411;68459;0;0;0;0;0;0;0;0
28.02.2020 00:00:00;Ried im Innkreis;412;61204;0;0;0;0;0;0;0;0
28.02.2020 00:00:00;Rohrbach;413;56524;0;0;0;0;0;0;0;0
28.02.2020 00:00:00;Schärding;414;57307;0;0;0;0;0;0;0;0
28.02.2020 00:00:00;Steyr-Land;415;60427;0;0;0;0;0;0;0;0
28.02.2020 00:00:00;Urfahr-Umgebung;416;85505;0;0;0;0;0;0;0;0
28.02.2020 00:00:00;Vöcklabruck;417;136253;0;0;0;0;0;0;0;0
28.02.2020 00:00:00;Wels-Land;418;73094;0;0;0;0;0;0;0;0
28.02.2020 00:00:00;Salzburg(Stadt);501;154211;0;0;0;0;0;0;0;0
28.02.2020 00:00:00;Hallein;502;60374;0;0;0;0;0;0;0;0
28.02.2020 00:00:00;Salzburg-Umgebung;503;152281;0;0;0;0;0;0;0;0
28.02.2020 00:00:00;Sankt Johann im Pongau;504;80573;0;0;0;0;0;0;0;0
28.02.2020 00:00:00;Tamsweg;505;20320;0;0;0;0;0;0;0;0
28.02.2020 00:00:00;Zell am See;506;87462;0;0;0;0;0;0;0;0
28.02.2020 00:00:00;Graz(Stadt);601;288806;0;0;0;0;0;0;0;0
28.02.2020 00:00:00;Deutschlandsberg;603;60821;0;0;0;0;0;0;0;0
28.02.2020 00:00:00;Graz-Umgebung;606;154260;0;0;0;0;0;0;0;0
28.02.2020 00:00:00;Leibnitz;610;82484;0;0;0;0;0;0;0;0
28.02.2020 00:00:00;Leoben;611;60060;0;0;0;0;0;0;0;0
28.02.2020 00:00:00;Liezen;612;79901;0;0;0;0;0;0;0;0
28.02.2020 00:00:00;Murau;614;27659;0;0;0;0;0;0;0;0
28.02.2020 00:00:00;Voitsberg;616;51161;0;0;0;0;0;0;0;0
28.02.2020 00:00:00;Weiz;617;90343;1;1;1;1,106893;0;0;0;0
28.02.2020 00:00:00;Murtal;620;72004;0;0;0;0;0;0;0;0
28.02.2020 00:00:00;Bruck-Mürzzuschlag;621;98984;0;0;0;0;0;0;0;0
28.02.2020 00:00:00;Hartberg-Fürstenfeld;622;90622;0;0;0;0;0;0;0;0
28.02.2020 00:00:00;Südoststeiermark;623;85947;0;0;0;0;0;0;0;0
28.02.2020 00:00:00;Innsbruck-Stadt;701;132110;0;0;0;0;0;0;0;0
28.02.2020 00:00:00;Imst;702;60056;0;0;0;0;0;0;0;0
28.02.2020 00:00:00;Innsbruck-Land;703;179318;0;0;0;0;0;0;0;0
28.02.2020 00:00:00;Kitzbühel;704;63881;0;0;0;0;0;0;0;0
28.02.2020 00:00:00;Kufstein;705;109682;0;0;0;0;0;0;0;0
28.02.2020 00:00:00;Landeck;706;44362;0;0;0;0;0;0;0;0
28.02.2020 00:00:00;Lienz;707;48753;0;0;0;0;0;0;0;0
28.02.2020 00:00:00;Reutte;708;32670;0;0;0;0;0;0;0;0
28.02.2020 00:00:00;Schwaz;709;83873;0;0;0;0;0;0;0;0
28.02.2020 00:00:00;Bludenz;801;63714;0;0;0;0;0;0;0;0
28.02.2020 00:00:00;Bregenz;802;134383;0;0;0;0;0;0;0;0
28.02.2020 00:00:00;Dornbirn;803;89041;0;0;0;0;0;0;0;0
28.02.2020 00:00:00;Feldkirch;804;107159;0;0;0;0;0;0;0;0
28.02.2020 00:00:00;Wien;900;1897491;1;4;4;0,2108047;0;0;0;0
29.02.2020 00:00:00;Eisenstadt(Stadt);101;14637;0;0;0;0;0;0;0;0
29.02.2020 00:00:00;Rust(Stadt);102;1940;0;0;0;0;0;0;0;0
29.02.2020 00:00:00;Eisenstadt-Umgebung;103;42927;0;0;0;0;0;0;0;0
29.02.2020 00:00:00;Güssing;104;25797;0;0;0;0;0;0;0;0
29.02.2020 00:00:00;Jennersdorf;105;17066;0;0;0;0;0;0;0;0
29.02.2020 00:00:00;Mattersburg;106;39925;0;0;0;0;0;0;0;0
29.02.2020 00:00:00;Neusiedl am See;107;59552;0;0;0;0;0;0;0;0
29.02.2020 00:00:00;Oberpullendorf;108;37513;0;0;0;0;0;0;0;0
29.02.2020 00:00:00;Oberwart;109;54076;0;0;0;0;0;0;0;0
29.02.2020 00:00:00;Klagenfurt Stadt;201;100817;0;0;0;0;0;0;0;0
29.02.2020 00:00:00;Villach Stadt;202;62243;0;0;0;0;0;0;0;0
29.02.2020 00:00:00;Hermagor;203;18224;0;0;0;0;0;0;0;0
29.02.2020 00:00:00;Klagenfurt Land;204;59800;0;0;0;0;0;0;0;0
29.02.2020 00:00:00;Sankt Veit an der Glan;205;54555;0;0;0;0;0;0;0;0
29.02.2020 00:00:00;Spittal an der Drau;206;76091;0;0;0;0;0;0;0;0
29.02.2020 00:00:00;Villach Land;207;64668;0;0;0;0;0;0;0;0
29.02.2020 00:00:00;Völkermarkt;208;41878;0;0;0;0;0;0;0;0
29.02.2020 00:00:00;Wolfsberg;209;52726;0;0;0;0;0;0;0;0
29.02.2020 00:00:00;Feldkirchen;210;29937;0;0;0;0;0;0;0;0
29.02.2020 00:00:00;Krems an der Donau(Stadt);301;24876;0;0;0;0;0;0;0;0
29.02.2020 00:00:00;Sankt Pölten(Stadt);302;55044;0;0;0;0;0;0;0;0
29.02.2020 00:00:00;Waidhofen an der Ybbs(Stadt);303;11261;0;0;0;0;0;0;0;0
29.02.2020 00:00:00;Wiener Neustadt(Stadt);304;45277;0;0;0;0;0;0;0;0
29.02.2020 00:00:00;Amstetten;305;116114;0;0;0;0;0;0;0;0
29.02.2020 00:00:00;Baden;306;146203;0;0;0;0;0;0;0;0
29.02.2020 00:00:00;Bruck an der Leitha;307;102010;0;0;0;0;0;0;0;0
29.02.2020 00:00:00;Gänserndorf;308;103686;0;0;0;0;0;0;0;0
29.02.2020 00:00:00;Gmünd;309;36773;0;0;0;0;0;0;0;0
29.02.2020 00:00:00;Hollabrunn;310;50858;0;0;0;0;0;0;0;0
29.02.2020 00:00:00;Horn;311;31090;0;0;0;0;0;0;0;0
29.02.2020 00:00:00;Korneuburg;312;90889;0;2;2;2,200486;0;0;0;0
29.02.2020 00:00:00;Krems(Land);313;56596;0;0;0;0;0;0;0;0
29.02.2020 00:00:00;Lilienfeld;314;25812;0;0;0;0;0;0;0;0
29.02.2020 00:00:00;Melk;315;77962;0;0;0;0;0;0;0;0
29.02.2020 00:00:00;Mistelbach;316;75483;0;0;0;0;0;0;0;0
29.02.2020 00:00:00;Mödling;317;118998;0;0;0;0;0;0;0;0
29.02.2020 00:00:00;Neunkirchen;318;86291;0;0;0;0;0;0;0;0
29.02.2020 00:00:00;Sankt Pölten(Land);319;131044;0;0;0;0;0;0;0;0
29.02.2020 00:00:00;Scheibbs;320;41403;0;0;0;0;0;0;0;0
29.02.2020 00:00:00;Tulln;321;103771;0;0;0;0;0;0;0;0
29.02.2020 00:00:00;Waidhofen an der Thaya;322;25888;0;0;0;0;0;0;0;0
29.02.2020 00:00:00;Wiener Neustadt(Land);323;77991;0;0;0;0;0;0;0;0
29.02.2020 00:00:00;Zwettl;325;42222;0;0;0;0;0;0;0;0
29.02.2020 00:00:00;Linz(Stadt);401;205726;0;0;0;0;0;0;0;0
29.02.2020 00:00:00;Steyr(Stadt);402;38193;0;0;0;0;0;0;0;0
29.02.2020 00:00:00;Wels(Stadt);403;61727;0;0;0;0;0;0;0;0
29.02.2020 00:00:00;Braunau am Inn;404;104408;0;0;0;0;0;0;0;0
29.02.2020 00:00:00;Eferding;405;33156;0;0;0;0;0;0;0;0
29.02.2020 00:00:00;Freistadt;406;66621;0;0;0;0;0;0;0;0
29.02.2020 00:00:00;Gmunden;407;101631;0;0;0;0;0;0;0;0
29.02.2020 00:00:00;Grieskirchen;408;64721;0;0;0;0;0;0;0;0
29.02.2020 00:00:00;Kirchdorf an der Krems;409;56866;0;0;0;0;0;0;0;0
29.02.2020 00:00:00;Linz-Land;410;150273;0;0;0;0;0;0;0;1
29.02.2020 00:00:00;Perg;411;68459;0;0;0;0;0;0;0;0
29.02.2020 00:00:00;Ried im Innkreis;412;61204;0;0;0;0;0;0;0;0
29.02.2020 00:00:00;Rohrbach;413;56524;0;0;0;0;0;0;0;0
29.02.2020 00:00:00;Schärding;414;57307;0;0;0;0;0;0;0;0
29.02.2020 00:00:00;Steyr-Land;415;60427;0;0;0;0;0;0;0;0
29.02.2020 00:00:00;Urfahr-Umgebung;416;85505;0;0;0;0;0;0;0;0
29.02.2020 00:00:00;Vöcklabruck;417;136253;0;0;0;0;0;0;0;0
29.02.2020 00:00:00;Wels-Land;418;73094;0;0;0;0;0;0;0;0
29.02.2020 00:00:00;Salzburg(Stadt);501;154211;0;0;0;0;0;0;0;0
29.02.2020 00:00:00;Hallein;502;60374;0;0;0;0;0;0;0;0
29.02.2020 00:00:00;Salzburg-Umgebung;503;152281;0;0;0;0;0;0;0;0
29.02.2020 00:00:00;Sankt Johann im Pongau;504;80573;0;0;0;0;0;0;0;0
29.02.2020 00:00:00;Tamsweg;505;20320;0;0;0;0;0;0;0;0
29.02.2020 00:00:00;Zell am See;506;87462;1;1;1;1,143354;0;0;0;0
29.02.2020 00:00:00;Graz(Stadt);601;288806;0;0;0;0;0;0;0;0
29.02.2020 00:00:00;Deutschlandsberg;603;60821;0;0;0;0;0;0;0;0
29.02.2020 00:00:00;Graz-Umgebung;606;154260;0;0;0;0;0;0;0;0
29.02.2020 00:00:00;Leibnitz;610;82484;0;0;0;0;0;0;0;0
29.02.2020 00:00:00;Leoben;611;60060;0;0;0;0;0;0;0;0
29.02.2020 00:00:00;Liezen;612;79901;0;0;0;0;0;0;0;0
29.02.2020 00:00:00;Murau;614;27659;0;0;0;0;0;0;0;0
29.02.2020 00:00:00;Voitsberg;616;51161;0;0;0;0;0;0;0;0
29.02.2020 00:00:00;Weiz;617;90343;0;1;1;1,106893;0;0;0;0
29.02.2020 00:00:00;Murtal;620;72004;0;0;0;0;0;0;0;0
29.02.2020 00:00:00;Bruck-Mürzzuschlag;621;98984;0;0;0;0;0;0;0;0
29.02.2020 00:00:00;Hartberg-Fürstenfeld;622;90622;0;0;0;0;0;0;0;0
29.02.2020 00:00:00;Südoststeiermark;623;85947;0;0;0;0;0;0;0;0
29.02.2020 00:00:00;Innsbruck-Stadt;701;132110;0;0;0;0;0;0;0;0
29.02.2020 00:00:00;Imst;702;60056;0;0;0;0;0;0;0;0
29.02.2020 00:00:00;Innsbruck-Land;703;179318;0;0;0;0;0;0;0;0
29.02.2020 00:00:00;Kitzbühel;704;63881;0;0;0;0;0;0;0;0
29.02.2020 00:00:00;Kufstein;705;109682;0;0;0;0;0;0;0;0
29.02.2020 00:00:00;Landeck;706;44362;0;0;0;0;0;0;0;0
29.02.2020 00:00:00;Lienz;707;48753;0;0;0;0;0;0;0;0
29.02.2020 00:00:00;Reutte;708;32670;0;0;0;0;0;0;0;0
29.02.2020 00:00:00;Schwaz;709;83873;0;0;0;0;0;0;0;0
29.02.2020 00:00:00;Bludenz;801;63714;0;0;0;0;0;0;0;0
29.02.2020 00:00:00;Bregenz;802;134383;0;0;0;0;0;0;0;0
29.02.2020 00:00:00;Dornbirn;803;89041;0;0;0;0;0;0;0;0
29.02.2020 00:00:00;Feldkirch;804;107159;0;0;0;0;0;0;0;0
29.02.2020 00:00:00;Wien;900;1897491;0;4;4;0,2108047;0;0;0;0
01.03.2020 00:00:00;Eisenstadt(Stadt);101;14637;0;0;0;0;0;0;0;0
01.03.2020 00:00:00;Rust(Stadt);102;1940;0;0;0;0;0;0;0;0
01.03.2020 00:00:00;Eisenstadt-Umgebung;103;42927;0;0;0;0;0;0;0;0
01.03.2020 00:00:00;Güssing;104;25797;0;0;0;0;0;0;0;0
01.03.2020 00:00:00;Jennersdorf;105;17066;0;0;0;0;0;0;0;0
01.03.2020 00:00:00;Mattersburg;106;39925;0;0;0;0;0;0;0;0
01.03.2020 00:00:00;Neusiedl am See;107;59552;0;0;0;0;0;0;0;0
01.03.2020 00:00:00;Oberpullendorf;108;37513;0;0;0;0;0;0;0;0
01.03.2020 00:00:00;Oberwart;109;54076;0;0;0;0;0;0;0;0
01.03.2020 00:00:00;Klagenfurt Stadt;201;100817;0;0;0;0;0;0;0;0
01.03.2020 00:00:00;Villach Stadt;202;62243;0;0;0;0;0;0;0;0
01.03.2020 00:00:00;Hermagor;203;18224;0;0;0;0;0;0;0;0
01.03.2020 00:00:00;Klagenfurt Land;204;59800;0;0;0;0;0;0;0;0
01.03.2020 00:00:00;Sankt Veit an der Glan;205;54555;0;0;0;0;0;0;0;0
01.03.2020 00:00:00;Spittal an der Drau;206;76091;0;0;0;0;0;0;0;0
01.03.2020 00:00:00;Villach Land;207;64668;0;0;0;0;0;0;0;0
01.03.2020 00:00:00;Völkermarkt;208;41878;0;0;0;0;0;0;0;0
01.03.2020 00:00:00;Wolfsberg;209;52726;0;0;0;0;0;0;0;0
01.03.2020 00:00:00;Feldkirchen;210;29937;0;0;0;0;0;0;0;0
01.03.2020 00:00:00;Krems an der Donau(Stadt);301;24876;0;0;0;0;0;0;0;0
01.03.2020 00:00:00;Sankt Pölten(Stadt);302;55044;0;0;0;0;0;0;0;0
01.03.2020 00:00:00;Waidhofen an der Ybbs(Stadt);303;11261;0;0;0;0;0;0;0;0
01.03.2020 00:00:00;Wiener Neustadt(Stadt);304;45277;0;0;0;0;0;0;0;0
01.03.2020 00:00:00;Amstetten;305;116114;0;0;0;0;0;0;0;0
01.03.2020 00:00:00;Baden;306;146203;0;0;0;0;0;0;0;0
01.03.2020 00:00:00;Bruck an der Leitha;307;102010;0;0;0;0;0;0;0;0
01.03.2020 00:00:00;Gänserndorf;308;103686;0;0;0;0;0;0;0;0
01.03.2020 00:00:00;Gmünd;309;36773;0;0;0;0;0;0;0;0
01.03.2020 00:00:00;Hollabrunn;310;50858;0;0;0;0;0;0;0;0
01.03.2020 00:00:00;Horn;311;31090;0;0;0;0;0;0;0;0
01.03.2020 00:00:00;Korneuburg;312;90889;0;2;2;2,200486;0;0;0;0
01.03.2020 00:00:00;Krems(Land);313;56596;0;0;0;0;0;0;0;0
01.03.2020 00:00:00;Lilienfeld;314;25812;0;0;0;0;0;0;0;0
01.03.2020 00:00:00;Melk;315;77962;0;0;0;0;0;0;0;0
01.03.2020 00:00:00;Mistelbach;316;75483;0;0;0;0;0;0;0;0
01.03.2020 00:00:00;Mödling;317;118998;0;0;0;0;0;0;0;0
01.03.2020 00:00:00;Neunkirchen;318;86291;0;0;0;0;0;0;0;0
01.03.2020 00:00:00;Sankt Pölten(Land);319;131044;0;0;0;0;0;0;0;0
01.03.2020 00:00:00;Scheibbs;320;41403;0;0;0;0;0;0;0;0
01.03.2020 00:00:00;Tulln;321;103771;0;0;0;0;0;0;0;0
01.03.2020 00:00:00;Waidhofen an der Thaya;322;25888;0;0;0;0;0;0;0;0
01.03.2020 00:00:00;Wiener Neustadt(Land);323;77991;0;0;0;0;0;0;0;0
01.03.2020 00:00:00;Zwettl;325;42222;0;0;0;0;0;0;0;0
01.03.2020 00:00:00;Linz(Stadt);401;205726;0;0;0;0;0;0;0;0
01.03.2020 00:00:00;Steyr(Stadt);402;38193;0;0;0;0;0;0;0;0
01.03.2020 00:00:00;Wels(Stadt);403;61727;0;0;0;0;0;0;0;0
01.03.2020 00:00:00;Braunau am Inn;404;104408;0;0;0;0;0;0;0;0
01.03.2020 00:00:00;Eferding;405;33156;0;0;0;0;0;0;0;0
01.03.2020 00:00:00;Freistadt;406;66621;0;0;0;0;0;0;0;0
01.03.2020 00:00:00;Gmunden;407;101631;0;0;0;0;0;0;0;0
01.03.2020 00:00:00;Grieskirchen;408;64721;0;0;0;0;0;0;0;0
01.03.2020 00:00:00;Kirchdorf an der Krems;409;56866;0;0;0;0;0;0;0;0
01.03.2020 00:00:00;Linz-Land;410;150273;0;0;0;0;0;0;0;1
01.03.2020 00:00:00;Perg;411;68459;0;0;0;0;0;0;0;0
01.03.2020 00:00:00;Ried im Innkreis;412;61204;0;0;0;0;0;0;0;0
01.03.2020 00:00:00;Rohrbach;413;56524;0;0;0;0;0;0;1;1
01.03.2020 00:00:00;Schärding;414;57307;0;0;0;0;0;0;0;0
01.03.2020 00:00:00;Steyr-Land;415;60427;0;0;0;0;0;0;0;0
01.03.2020 00:00:00;Urfahr-Umgebung;416;85505;0;0;0;0;0;0;0;0
01.03.2020 00:00:00;Vöcklabruck;417;136253;0;0;0;0;0;0;0;0
01.03.2020 00:00:00;Wels-Land;418;73094;0;0;0;0;0;0;0;0
01.03.2020 00:00:00;Salzburg(Stadt);501;154211;0;0;0;0;0;0;0;0
01.03.2020 00:00:00;Hallein;502;60374;0;0;0;0;0;0;0;0
01.03.2020 00:00:00;Salzburg-Umgebung;503;152281;0;0;0;0;0;0;0;0
01.03.2020 00:00:00;Sankt Johann im Pongau;504;80573;0;0;0;0;0;0;0;0
01.03.2020 00:00:00;Tamsweg;505;20320;0;0;0;0;0;0;0;0
01.03.2020 00:00:00;Zell am See;506;87462;0;1;1;1,143354;0;0;0;0
01.03.2020 00:00:00;Graz(Stadt);601;288806;0;0;0;0;0;0;0;0
01.03.2020 00:00:00;Deutschlandsberg;603;60821;0;0;0;0;0;0;0;0
01.03.2020 00:00:00;Graz-Umgebung;606;154260;0;0;0;0;0;0;0;0
01.03.2020 00:00:00;Leibnitz;610;82484;0;0;0;0;0;0;0;0
01.03.2020 00:00:00;Leoben;611;60060;0;0;0;0;0;0;0;0
01.03.2020 00:00:00;Liezen;612;79901;0;0;0;0;0;0;0;0
01.03.2020 00:00:00;Murau;614;27659;0;0;0;0;0;0;0;0
01.03.2020 00:00:00;Voitsberg;616;51161;0;0;0;0;0;0;0;0
01.03.2020 00:00:00;Weiz;617;90343;0;1;1;1,106893;0;0;0;0
01.03.2020 00:00:00;Murtal;620;72004;0;0;0;0;0;0;0;0
01.03.2020 00:00:00;Bruck-Mürzzuschlag;621;98984;0;0;0;0;0;0;0;0
01.03.2020 00:00:00;Hartberg-Fürstenfeld;622;90622;0;0;0;0;0;0;0;0
01.03.2020 00:00:00;Südoststeiermark;623;85947;0;0;0;0;0;0;0;0
01.03.2020 00:00:00;Innsbruck-Stadt;701;132110;0;0;0;0;0;0;0;0
01.03.2020 00:00:00;Imst;702;60056;0;0;0;0;0;0;0;0
01.03.2020 00:00:00;Innsbruck-Land;703;179318;0;0;0;0;0;0;0;0
01.03.2020 00:00:00;Kitzbühel;704;63881;0;0;0;0;0;0;0;0
01.03.2020 00:00:00;Kufstein;705;109682;0;0;0;0;0;0;0;0
01.03.2020 00:00:00;Landeck;706;44362;0;0;0;0;0;0;0;0
01.03.2020 00:00:00;Lienz;707;48753;0;0;0;0;0;0;0;0
01.03.2020 00:00:00;Reutte;708;32670;0;0;0;0;0;0;0;0
01.03.2020 00:00:00;Schwaz;709;83873;0;0;0;0;0;0;0;0
01.03.2020 00:00:00;Bludenz;801;63714;0;0;0;0;0;0;0;0
01.03.2020 00:00:00;Bregenz;802;134383;0;0;0;0;0;0;0;0
01.03.2020 00:00:00;Dornbirn;803;89041;0;0;0;0;0;0;0;0
01.03.2020 00:00:00;Feldkirch;804;107159;0;0;0;0;0;0;0;0
01.03.2020 00:00:00;Wien;900;1897491;4;8;8;0,4216094;0;0;0;0
02.03.2020 00:00:00;Eisenstadt(Stadt);101;14637;0;0;0;0;0;0;0;0
02.03.2020 00:00:00;Rust(Stadt);102;1940;0;0;0;0;0;0;0;0
02.03.2020 00:00:00;Eisenstadt-Umgebung;103;42927;0;0;0;0;0;0;0;0
02.03.2020 00:00:00;Güssing;104;25797;0;0;0;0;0;0;0;0
02.03.2020 00:00:00;Jennersdorf;105;17066;0;0;0;0;0;0;0;0
02.03.2020 00:00:00;Mattersburg;106;39925;0;0;0;0;0;0;0;0
02.03.2020 00:00:00;Neusiedl am See;107;59552;0;0;0;0;0;0;0;0
02.03.2020 00:00:00;Oberpullendorf;108;37513;0;0;0;0;0;0;0;0
02.03.2020 00:00:00;Oberwart;109;54076;0;0;0;0;0;0;0;0
02.03.2020 00:00:00;Klagenfurt Stadt;201;100817;0;0;0;0;0;0;0;0
02.03.2020 00:00:00;Villach Stadt;202;62243;0;0;0;0;0;0;0;0
02.03.2020 00:00:00;Hermagor;203;18224;0;0;0;0;0;0;0;0
02.03.2020 00:00:00;Klagenfurt Land;204;59800;0;0;0;0;0;0;0;0
02.03.2020 00:00:00;Sankt Veit an der Glan;205;54555;0;0;0;0;0;0;0;0
02.03.2020 00:00:00;Spittal an der Drau;206;76091;0;0;0;0;0;0;0;0
02.03.2020 00:00:00;Villach Land;207;64668;0;0;0;0;0;0;0;0
02.03.2020 00:00:00;Völkermarkt;208;41878;0;0;0;0;0;0;0;0
02.03.2020 00:00:00;Wolfsberg;209;52726;0;0;0;0;0;0;0;0
02.03.2020 00:00:00;Feldkirchen;210;29937;0;0;0;0;0;0;0;0
02.03.2020 00:00:00;Krems an der Donau(Stadt);301;24876;0;0;0;0;0;0;0;0
02.03.2020 00:00:00;Sankt Pölten(Stadt);302;55044;0;0;0;0;0;0;0;0
02.03.2020 00:00:00;Waidhofen an der Ybbs(Stadt);303;11261;0;0;0;0;0;0;0;0
02.03.2020 00:00:00;Wiener Neustadt(Stadt);304;45277;0;0;0;0;0;0;0;0
02.03.2020 00:00:00;Amstetten;305;116114;0;0;0;0;0;0;0;0
02.03.2020 00:00:00;Baden;306;146203;0;0;0;0;0;0;0;0
02.03.2020 00:00:00;Bruck an der Leitha;307;102010;0;0;0;0;0;0;0;0
02.03.2020 00:00:00;Gänserndorf;308;103686;0;0;0;0;0;0;0;0
02.03.2020 00:00:00;Gmünd;309;36773;0;0;0;0;0;0;0;0
02.03.2020 00:00:00;Hollabrunn;310;50858;0;0;0;0;0;0;0;0
02.03.2020 00:00:00;Horn;311;31090;0;0;0;0;0;0;0;0
02.03.2020 00:00:00;Korneuburg;312;90889;1;3;3;3,30073;0;0;0;0
02.03.2020 00:00:00;Krems(Land);313;56596;0;0;0;0;0;0;0;0
02.03.2020 00:00:00;Lilienfeld;314;25812;0;0;0;0;0;0;0;0
02.03.2020 00:00:00;Melk;315;77962;0;0;0;0;0;0;0;0
02.03.2020 00:00:00;Mistelbach;316;75483;0;0;0;0;0;0;0;0
02.03.2020 00:00:00;Mödling;317;118998;0;0;0;0;0;0;0;0
02.03.2020 00:00:00;Neunkirchen;318;86291;0;0;0;0;0;0;0;0
02.03.2020 00:00:00;Sankt Pölten(Land);319;131044;0;0;0;0;0;0;0;0
02.03.2020 00:00:00;Scheibbs;320;41403;0;0;0;0;0;0;0;0
02.03.2020 00:00:00;Tulln;321;103771;0;0;0;0;0;0;0;0
02.03.2020 00:00:00;Waidhofen an der Thaya;322;25888;0;0;0;0;0;0;0;0
02.03.2020 00:00:00;Wiener Neustadt(Land);323;77991;0;0;0;0;0;0;0;0
02.03.2020 00:00:00;Zwettl;325;42222;0;0;0;0;0;0;0;0
02.03.2020 00:00:00;Linz(Stadt);401;205726;0;0;0;0;0;0;0;0
02.03.2020 00:00:00;Steyr(Stadt);402;38193;0;0;0;0;0;0;0;0
02.03.2020 00:00:00;Wels(Stadt);403;61727;0;0;0;0;0;0;0;0
02.03.2020 00:00:00;Braunau am Inn;404;104408;0;0;0;0;0;0;0;0
02.03.2020 00:00:00;Eferding;405;33156;0;0;0;0;0;0;0;0
02.03.2020 00:00:00;Freistadt;406;66621;0;0;0;0;0;0;0;0
02.03.2020 00:00:00;Gmunden;407;101631;0;0;0;0;0;0;0;0
02.03.2020 00:00:00;Grieskirchen;408;64721;0;0;0;0;0;0;0;0
02.03.2020 00:00:00;Kirchdorf an der Krems;409;56866;0;0;0;0;0;0;0;0
02.03.2020 00:00:00;Linz-Land;410;150273;0;0;0;0;0;0;0;1
02.03.2020 00:00:00;Perg;411;68459;0;0;0;0;0;0;0;0
02.03.2020 00:00:00;Ried im Innkreis;412;61204;0;0;0;0;0;0;0;0
02.03.2020 00:00:00;Rohrbach;413;56524;0;0;0;0;0;0;0;1
02.03.2020 00:00:00;Schärding;414;57307;0;0;0;0;0;0;0;0
02.03.2020 00:00:00;Steyr-Land;415;60427;0;0;0;0;0;0;0;0
02.03.2020 00:00:00;Urfahr-Umgebung;416;85505;0;0;0;0;0;0;0;0
02.03.2020 00:00:00;Vöcklabruck;417;136253;0;0;0;0;0;0;0;0
02.03.2020 00:00:00;Wels-Land;418;73094;0;0;0;0;0;0;0;0
02.03.2020 00:00:00;Salzburg(Stadt);501;154211;0;0;0;0;0;0;0;0
02.03.2020 00:00:00;Hallein;502;60374;0;0;0;0;0;0;0;0
02.03.2020 00:00:00;Salzburg-Umgebung;503;152281;0;0;0;0;0;0;0;0
02.03.2020 00:00:00;Sankt Johann im Pongau;504;80573;0;0;0;0;0;0;0;0
02.03.2020 00:00:00;Tamsweg;505;20320;0;0;0;0;0;0;0;0
02.03.2020 00:00:00;Zell am See;506;87462;1;2;2;2,286707;0;0;0;0
02.03.2020 00:00:00;Graz(Stadt);601;288806;1;1;1;0,3462532;0;0;0;0
02.03.2020 00:00:00;Deutschlandsberg;603;60821;0;0;0;0;0;0;0;0
02.03.2020 00:00:00;Graz-Umgebung;606;154260;0;0;0;0;0;0;0;0
02.03.2020 00:00:00;Leibnitz;610;82484;0;0;0;0;0;0;0;0
02.03.2020 00:00:00;Leoben;611;60060;0;0;0;0;0;0;0;0
02.03.2020 00:00:00;Liezen;612;79901;0;0;0;0;0;0;0;0
02.03.2020 00:00:00;Murau;614;27659;0;0;0;0;0;0;0;0
02.03.2020 00:00:00;Voitsberg;616;51161;0;0;0;0;0;0;0;0
02.03.2020 00:00:00;Weiz;617;90343;0;1;1;1,106893;0;0;0;0
02.03.2020 00:00:00;Murtal;620;72004;0;0;0;0;0;0;0;0
02.03.2020 00:00:00;Bruck-Mürzzuschlag;621;98984;1;1;1;1,010264;0;0;0;0
02.03.2020 00:00:00;Hartberg-Fürstenfeld;622;90622;0;0;0;0;0;0;0;0
02.03.2020 00:00:00;Südoststeiermark;623;85947;0;0;0;0;0;0;0;0
02.03.2020 00:00:00;Innsbruck-Stadt;701;132110;0;0;0;0;0;0;0;0
02.03.2020 00:00:00;Imst;702;60056;0;0;0;0;0;0;0;0
02.03.2020 00:00:00;Innsbruck-Land;703;179318;0;0;0;0;0;0;0;0
02.03.2020 00:00:00;Kitzbühel;704;63881;0;0;0;0;0;0;0;0
02.03.2020 00:00:00;Kufstein;705;109682;0;0;0;0;0;0;0;0
02.03.2020 00:00:00;Landeck;706;44362;0;0;0;0;0;0;0;0
02.03.2020 00:00:00;Lienz;707;48753;0;0;0;0;0;0;0;0
02.03.2020 00:00:00;Reutte;708;32670;0;0;0;0;0;0;0;0
02.03.2020 00:00:00;Schwaz;709;83873;0;0;0;0;0;0;0;0
02.03.2020 00:00:00;Bludenz;801;63714;0;0;0;0;0;0;0;0
02.03.2020 00:00:00;Bregenz;802;134383;0;0;0;0;0;0;0;0
02.03.2020 00:00:00;Dornbirn;803;89041;0;0;0;0;0;0;0;0
02.03.2020 00:00:00;Feldkirch;804;107159;0;0;0;0;0;0;0;0
02.03.2020 00:00:00;Wien;900;1897491;1;9;9;0,4743105;0;0;0;0
03.03.2020 00:00:00;Eisenstadt(Stadt);101;14637;0;0;0;0;0;0;0;0
03.03.2020 00:00:00;Rust(Stadt);102;1940;0;0;0;0;0;0;0;0
03.03.2020 00:00:00;Eisenstadt-Umgebung;103;42927;0;0;0;0;0;0;0;0
03.03.2020 00:00:00;Güssing;104;25797;0;0;0;0;0;0;0;0
03.03.2020 00:00:00;Jennersdorf;105;17066;0;0;0;0;0;0;0;0
03.03.2020 00:00:00;Mattersburg;106;39925;0;0;0;0;0;0;0;0
03.03.2020 00:00:00;Neusiedl am See;107;59552;0;0;0;0;0;0;0;0
03.03.2020 00:00:00;Oberpullendorf;108;37513;0;0;0;0;0;0;0;0
03.03.2020 00:00:00;Oberwart;109;54076;0;0;0;0;0;0;0;0
03.03.2020 00:00:00;Klagenfurt Stadt;201;100817;0;0;0;0;0;0;0;0
03.03.2020 00:00:00;Villach Stadt;202;62243;0;0;0;0;0;0;0;0
03.03.2020 00:00:00;Hermagor;203;18224;0;0;0;0;0;0;0;0
03.03.2020 00:00:00;Klagenfurt Land;204;59800;0;0;0;0;0;0;0;0
03.03.2020 00:00:00;Sankt Veit an der Glan;205;54555;0;0;0;0;0;0;0;0
03.03.2020 00:00:00;Spittal an der Drau;206;76091;0;0;0;0;0;0;0;0
03.03.2020 00:00:00;Villach Land;207;64668;0;0;0;0;0;0;0;0
03.03.2020 00:00:00;Völkermarkt;208;41878;0;0;0;0;0;0;0;0
03.03.2020 00:00:00;Wolfsberg;209;52726;0;0;0;0;0;0;0;0
03.03.2020 00:00:00;Feldkirchen;210;29937;0;0;0;0;0;0;0;0
03.03.2020 00:00:00;Krems an der Donau(Stadt);301;24876;0;0;0;0;0;0;0;0
03.03.2020 00:00:00;Sankt Pölten(Stadt);302;55044;0;0;0;0;0;0;0;0
03.03.2020 00:00:00;Waidhofen an der Ybbs(Stadt);303;11261;0;0;0;0;0;0;0;0
03.03.2020 00:00:00;Wiener Neustadt(Stadt);304;45277;0;0;0;0;0;0;0;0
03.03.2020 00:00:00;Amstetten;305;116114;0;0;0;0;0;0;0;0
03.03.2020 00:00:00;Baden;306;146203;0;0;0;0;0;0;0;0
03.03.2020 00:00:00;Bruck an der Leitha;307;102010;0;0;0;0;0;0;0;0
03.03.2020 00:00:00;Gänserndorf;308;103686;0;0;0;0;0;0;0;0
03.03.2020 00:00:00;Gmünd;309;36773;0;0;0;0;0;0;0;0
03.03.2020 00:00:00;Hollabrunn;310;50858;0;0;0;0;0;0;0;0
03.03.2020 00:00:00;Horn;311;31090;0;0;0;0;0;0;0;0
03.03.2020 00:00:00;Korneuburg;312;90889;2;5;5;5,501216;0;0;0;0
03.03.2020 00:00:00;Krems(Land);313;56596;0;0;0;0;0;0;0;0
03.03.2020 00:00:00;Lilienfeld;314;25812;0;0;0;0;0;0;0;0
03.03.2020 00:00:00;Melk;315;77962;0;0;0;0;0;0;0;0
03.03.2020 00:00:00;Mistelbach;316;75483;0;0;0;0;0;0;0;0
03.03.2020 00:00:00;Mödling;317;118998;0;0;0;0;0;0;0;0
03.03.2020 00:00:00;Neunkirchen;318;86291;0;0;0;0;0;0;0;0
03.03.2020 00:00:00;Sankt Pölten(Land);319;131044;0;0;0;0;0;0;0;0
03.03.2020 00:00:00;Scheibbs;320;41403;0;0;0;0;0;0;0;0
03.03.2020 00:00:00;Tulln;321;103771;0;0;0;0;0;0;0;0
03.03.2020 00:00:00;Waidhofen an der Thaya;322;25888;0;0;0;0;0;0;0;0
03.03.2020 00:00:00;Wiener Neustadt(Land);323;77991;0;0;0;0;0;0;0;0
03.03.2020 00:00:00;Zwettl;325;42222;0;0;0;0;0;0;0;0
03.03.2020 00:00:00;Linz(Stadt);401;205726;0;0;0;0;0;0;0;0
03.03.2020 00:00:00;Steyr(Stadt);402;38193;0;0;0;0;0;0;0;0
03.03.2020 00:00:00;Wels(Stadt);403;61727;0;0;0;0;0;0;0;0
03.03.2020 00:00:00;Braunau am Inn;404;104408;0;0;0;0;0;0;0;0
03.03.2020 00:00:00;Eferding;405;33156;0;0;0;0;0;0;0;0
03.03.2020 00:00:00;Freistadt;406;66621;0;0;0;0;0;0;0;0
03.03.2020 00:00:00;Gmunden;407;101631;0;0;0;0;0;0;0;0
03.03.2020 00:00:00;Grieskirchen;408;64721;0;0;0;0;0;0;0;0
03.03.2020 00:00:00;Kirchdorf an der Krems;409;56866;0;0;0;0;0;0;0;0
03.03.2020 00:00:00;Linz-Land;410;150273;0;0;0;0;0;0;0;1
03.03.2020 00:00:00;Perg;411;68459;0;0;0;0;0;0;0;0
03.03.2020 00:00:00;Ried im Innkreis;412;61204;0;0;0;0;0;0;0;0
03.03.2020 00:00:00;Rohrbach;413;56524;0;0;0;0;0;0;0;1
03.03.2020 00:00:00;Schärding;414;57307;0;0;0;0;0;0;0;0
03.03.2020 00:00:00;Steyr-Land;415;60427;0;0;0;0;0;0;0;0
03.03.2020 00:00:00;Urfahr-Umgebung;416;85505;0;0;0;0;0;0;0;0
03.03.2020 00:00:00;Vöcklabruck;417;136253;0;0;0;0;0;0;0;0
03.03.2020 00:00:00;Wels-Land;418;73094;0;0;0;0;0;0;0;0
03.03.2020 00:00:00;Salzburg(Stadt);501;154211;0;0;0;0;0;0;0;0
03.03.2020 00:00:00;Hallein;502;60374;0;0;0;0;0;0;0;0
03.03.2020 00:00:00;Salzburg-Umgebung;503;152281;0;0;0;0;0;0;0;0
03.03.2020 00:00:00;Sankt Johann im Pongau;504;80573;0;0;0;0;0;0;0;0
03.03.2020 00:00:00;Tamsweg;505;20320;0;0;0;0;0;0;0;0
03.03.2020 00:00:00;Zell am See;506;87462;0;2;2;2,286707;0;0;0;0
03.03.2020 00:00:00;Graz(Stadt);601;288806;0;1;1;0,3462532;0;0;0;0
03.03.2020 00:00:00;Deutschlandsberg;603;60821;0;0;0;0;0;0;0;0
03.03.2020 00:00:00;Graz-Umgebung;606;154260;0;0;0;0;0;0;0;0
03.03.2020 00:00:00;Leibnitz;610;82484;0;0;0;0;0;0;0;0
03.03.2020 00:00:00;Leoben;611;60060;0;0;0;0;0;0;0;0
03.03.2020 00:00:00;Liezen;612;79901;0;0;0;0;0;0;0;0
03.03.2020 00:00:00;Murau;614;27659;0;0;0;0;0;0;0;0
03.03.2020 00:00:00;Voitsberg;616;51161;0;0;0;0;0;0;0;0
03.03.2020 00:00:00;Weiz;617;90343;0;1;1;1,106893;0;0;0;0
03.03.2020 00:00:00;Murtal;620;72004;0;0;0;0;0;0;0;0
03.03.2020 00:00:00;Bruck-Mürzzuschlag;621;98984;0;1;1;1,010264;0;0;0;0
03.03.2020 00:00:00;Hartberg-Fürstenfeld;622;90622;0;0;0;0;0;0;0;0
03.03.2020 00:00:00;Südoststeiermark;623;85947;0;0;0;0;0;0;0;0
03.03.2020 00:00:00;Innsbruck-Stadt;701;132110;0;0;0;0;0;0;0;0
03.03.2020 00:00:00;Imst;702;60056;0;0;0;0;0;0;0;0
03.03.2020 00:00:00;Innsbruck-Land;703;179318;0;0;0;0;0;0;0;0
03.03.2020 00:00:00;Kitzbühel;704;63881;0;0;0;0;0;0;0;0
03.03.2020 00:00:00;Kufstein;705;109682;0;0;0;0;0;0;0;0
03.03.2020 00:00:00;Landeck;706;44362;0;0;0;0;0;0;0;0
03.03.2020 00:00:00;Lienz;707;48753;0;0;0;0;0;0;0;0
03.03.2020 00:00:00;Reutte;708;32670;0;0;0;0;0;0;0;0
03.03.2020 00:00:00;Schwaz;709;83873;0;0;0;0;0;0;0;0
03.03.2020 00:00:00;Bludenz;801;63714;0;0;0;0;0;0;0;0
03.03.2020 00:00:00;Bregenz;802;134383;0;0;0;0;0;0;0;0
03.03.2020 00:00:00;Dornbirn;803;89041;0;0;0;0;0;0;0;0
03.03.2020 00:00:00;Feldkirch;804;107159;0;0;0;0;0;0;0;0
03.03.2020 00:00:00;Wien;900;1897491;4;13;13;0,6851152;0;0;0;0
04.03.2020 00:00:00;Eisenstadt(Stadt);101;14637;0;0;0;0;0;0;0;0
04.03.2020 00:00:00;Rust(Stadt);102;1940;0;0;0;0;0;0;0;0
04.03.2020 00:00:00;Eisenstadt-Umgebung;103;42927;0;0;0;0;0;0;0;0
04.03.2020 00:00:00;Güssing;104;25797;0;0;0;0;0;0;0;0
04.03.2020 00:00:00;Jennersdorf;105;17066;0;0;0;0;0;0;0;0
04.03.2020 00:00:00;Mattersburg;106;39925;0;0;0;0;0;0;0;0
04.03.2020 00:00:00;Neusiedl am See;107;59552;0;0;0;0;0;0;0;0
04.03.2020 00:00:00;Oberpullendorf;108;37513;0;0;0;0;0;0;0;0
04.03.2020 00:00:00;Oberwart;109;54076;0;0;0;0;0;0;0;0
04.03.2020 00:00:00;Klagenfurt Stadt;201;100817;0;0;0;0;0;0;0;0
04.03.2020 00:00:00;Villach Stadt;202;62243;0;0;0;0;0;0;0;0
04.03.2020 00:00:00;Hermagor;203;18224;0;0;0;0;0;0;0;0
04.03.2020 00:00:00;Klagenfurt Land;204;59800;0;0;0;0;0;0;0;0
04.03.2020 00:00:00;Sankt Veit an der Glan;205;54555;0;0;0;0;0;0;0;0
04.03.2020 00:00:00;Spittal an der Drau;206;76091;0;0;0;0;0;0;0;0
04.03.2020 00:00:00;Villach Land;207;64668;0;0;0;0;0;0;0;0
04.03.2020 00:00:00;Völkermarkt;208;41878;0;0;0;0;0;0;0;0
04.03.2020 00:00:00;Wolfsberg;209;52726;0;0;0;0;0;0;0;0
04.03.2020 00:00:00;Feldkirchen;210;29937;0;0;0;0;0;0;0;0
04.03.2020 00:00:00;Krems an der Donau(Stadt);301;24876;0;0;0;0;0;0;0;0
04.03.2020 00:00:00;Sankt Pölten(Stadt);302;55044;0;0;0;0;0;0;0;0
04.03.2020 00:00:00;Waidhofen an der Ybbs(Stadt);303;11261;0;0;0;0;0;0;0;0
04.03.2020 00:00:00;Wiener Neustadt(Stadt);304;45277;0;0;0;0;0;0;0;0
04.03.2020 00:00:00;Amstetten;305;116114;0;0;0;0;0;0;0;0
04.03.2020 00:00:00;Baden;306;146203;0;0;0;0;0;0;0;0
04.03.2020 00:00:00;Bruck an der Leitha;307;102010;0;0;0;0;0;0;0;0
04.03.2020 00:00:00;Gänserndorf;308;103686;0;0;0;0;0;0;0;0
04.03.2020 00:00:00;Gmünd;309;36773;0;0;0;0;0;0;0;0
04.03.2020 00:00:00;Hollabrunn;310;50858;0;0;0;0;0;0;0;0
04.03.2020 00:00:00;Horn;311;31090;0;0;0;0;0;0;0;0
04.03.2020 00:00:00;Korneuburg;312;90889;7;12;12;13,20292;0;0;0;0
04.03.2020 00:00:00;Krems(Land);313;56596;0;0;0;0;0;0;0;0
04.03.2020 00:00:00;Lilienfeld;314;25812;0;0;0;0;0;0;0;0
04.03.2020 00:00:00;Melk;315;77962;0;0;0;0;0;0;0;0
04.03.2020 00:00:00;Mistelbach;316;75483;0;0;0;0;0;0;0;0
04.03.2020 00:00:00;Mödling;317;118998;0;0;0;0;0;0;0;0
04.03.2020 00:00:00;Neunkirchen;318;86291;0;0;0;0;0;0;0;0
04.03.2020 00:00:00;Sankt Pölten(Land);319;131044;0;0;0;0;0;0;0;0
04.03.2020 00:00:00;Scheibbs;320;41403;0;0;0;0;0;0;0;0
04.03.2020 00:00:00;Tulln;321;103771;0;0;0;0;0;0;0;0
04.03.2020 00:00:00;Waidhofen an der Thaya;322;25888;0;0;0;0;0;0;0;0
04.03.2020 00:00:00;Wiener Neustadt(Land);323;77991;0;0;0;0;0;0;0;0
04.03.2020 00:00:00;Zwettl;325;42222;0;0;0;0;0;0;0;0
04.03.2020 00:00:00;Linz(Stadt);401;205726;0;0;0;0;0;0;0;0
04.03.2020 00:00:00;Steyr(Stadt);402;38193;0;0;0;0;0;0;0;0
04.03.2020 00:00:00;Wels(Stadt);403;61727;0;0;0;0;0;0;0;0
04.03.2020 00:00:00;Braunau am Inn;404;104408;0;0;0;0;0;0;0;0
04.03.2020 00:00:00;Eferding;405;33156;0;0;0;0;0;0;0;0
04.03.2020 00:00:00;Freistadt;406;66621;0;0;0;0;0;0;0;0
04.03.2020 00:00:00;Gmunden;407;101631;0;0;0;0;0;0;0;0
04.03.2020 00:00:00;Grieskirchen;408;64721;0;0;0;0;0;0;0;0
04.03.2020 00:00:00;Kirchdorf an der Krems;409;56866;0;0;0;0;0;0;0;0
04.03.2020 00:00:00;Linz-Land;410;150273;0;0;0;0;0;0;0;1
04.03.2020 00:00:00;Perg;411;68459;0;0;0;0;0;0;0;0
04.03.2020 00:00:00;Ried im Innkreis;412;61204;0;0;0;0;0;0;0;0
04.03.2020 00:00:00;Rohrbach;413;56524;0;0;0;0;0;0;0;1
04.03.2020 00:00:00;Schärding;414;57307;0;0;0;0;0;0;0;0
04.03.2020 00:00:00;Steyr-Land;415;60427;0;0;0;0;0;0;0;0
04.03.2020 00:00:00;Urfahr-Umgebung;416;85505;0;0;0;0;0;0;0;0
04.03.2020 00:00:00;Vöcklabruck;417;136253;0;0;0;0;0;0;0;0
04.03.2020 00:00:00;Wels-Land;418;73094;0;0;0;0;0;0;0;0
04.03.2020 00:00:00;Salzburg(Stadt);501;154211;0;0;0;0;0;0;0;0
04.03.2020 00:00:00;Hallein;502;60374;0;0;0;0;0;0;0;0
04.03.2020 00:00:00;Salzburg-Umgebung;503;152281;0;0;0;0;0;0;0;0
04.03.2020 00:00:00;Sankt Johann im Pongau;504;80573;1;1;1;1,241111;0;0;0;0
04.03.2020 00:00:00;Tamsweg;505;20320;0;0;0;0;0;0;0;0
04.03.2020 00:00:00;Zell am See;506;87462;0;2;2;2,286707;0;0;0;0
04.03.2020 00:00:00;Graz(Stadt);601;288806;0;1;1;0,3462532;0;0;0;0
04.03.2020 00:00:00;Deutschlandsberg;603;60821;0;0;0;0;0;0;0;0
04.03.2020 00:00:00;Graz-Umgebung;606;154260;0;0;0;0;0;0;0;0
04.03.2020 00:00:00;Leibnitz;610;82484;0;0;0;0;0;0;0;0
04.03.2020 00:00:00;Leoben;611;60060;0;0;0;0;0;0;0;0
04.03.2020 00:00:00;Liezen;612;79901;0;0;0;0;0;0;0;0
04.03.2020 00:00:00;Murau;614;27659;0;0;0;0;0;0;0;0
04.03.2020 00:00:00;Voitsberg;616;51161;0;0;0;0;0;0;0;0
04.03.2020 00:00:00;Weiz;617;90343;1;2;2;2,213785;0;0;0;0
04.03.2020 00:00:00;Murtal;620;72004;0;0;0;0;0;0;0;0
04.03.2020 00:00:00;Bruck-Mürzzuschlag;621;98984;0;1;1;1,010264;0;0;0;0
04.03.2020 00:00:00;Hartberg-Fürstenfeld;622;90622;0;0;0;0;0;0;0;0
04.03.2020 00:00:00;Südoststeiermark;623;85947;0;0;0;0;0;0;0;0
04.03.2020 00:00:00;Innsbruck-Stadt;701;132110;2;2;2;1,51389;0;0;0;0
04.03.2020 00:00:00;Imst;702;60056;0;0;0;0;0;0;0;0
04.03.2020 00:00:00;Innsbruck-Land;703;179318;0;0;0;0;0;0;0;0
04.03.2020 00:00:00;Kitzbühel;704;63881;0;0;0;0;0;0;0;0
04.03.2020 00:00:00;Kufstein;705;109682;0;0;0;0;0;0;0;0
04.03.2020 00:00:00;Landeck;706;44362;0;0;0;0;0;0;0;0
04.03.2020 00:00:00;Lienz;707;48753;0;0;0;0;0;0;0;0
04.03.2020 00:00:00;Reutte;708;32670;0;0;0;0;0;0;0;0
04.03.2020 00:00:00;Schwaz;709;83873;0;0;0;0;0;0;0;0
04.03.2020 00:00:00;Bludenz;801;63714;0;0;0;0;0;0;0;0
04.03.2020 00:00:00;Bregenz;802;134383;0;0;0;0;0;0;0;0
04.03.2020 00:00:00;Dornbirn;803;89041;0;0;0;0;0;0;0;0
04.03.2020 00:00:00;Feldkirch;804;107159;0;0;0;0;0;0;0;0
04.03.2020 00:00:00;Wien;900;1897491;3;16;16;0,8432187;0;0;0;0
05.03.2020 00:00:00;Eisenstadt(Stadt);101;14637;0;0;0;0;0;0;0;0
05.03.2020 00:00:00;Rust(Stadt);102;1940;0;0;0;0;0;0;0;0
05.03.2020 00:00:00;Eisenstadt-Umgebung;103;42927;0;0;0;0;0;0;0;0
05.03.2020 00:00:00;Güssing;104;25797;0;0;0;0;0;0;0;0
05.03.2020 00:00:00;Jennersdorf;105;17066;0;0;0;0;0;0;0;0
05.03.2020 00:00:00;Mattersburg;106;39925;0;0;0;0;0;0;0;0
05.03.2020 00:00:00;Neusiedl am See;107;59552;0;0;0;0;0;0;0;0
05.03.2020 00:00:00;Oberpullendorf;108;37513;0;0;0;0;0;0;0;0
05.03.2020 00:00:00;Oberwart;109;54076;0;0;0;0;0;0;0;0
05.03.2020 00:00:00;Klagenfurt Stadt;201;100817;0;0;0;0;0;0;0;0
05.03.2020 00:00:00;Villach Stadt;202;62243;0;0;0;0;0;0;0;0
05.03.2020 00:00:00;Hermagor;203;18224;0;0;0;0;0;0;0;0
05.03.2020 00:00:00;Klagenfurt Land;204;59800;0;0;0;0;0;0;0;0
05.03.2020 00:00:00;Sankt Veit an der Glan;205;54555;0;0;0;0;0;0;0;0
05.03.2020 00:00:00;Spittal an der Drau;206;76091;0;0;0;0;0;0;0;0
05.03.2020 00:00:00;Villach Land;207;64668;0;0;0;0;0;0;0;0
05.03.2020 00:00:00;Völkermarkt;208;41878;1;1;1;2,387889;0;0;0;0
05.03.2020 00:00:00;Wolfsberg;209;52726;0;0;0;0;0;0;0;0
05.03.2020 00:00:00;Feldkirchen;210;29937;0;0;0;0;0;0;0;0
05.03.2020 00:00:00;Krems an der Donau(Stadt);301;24876;0;0;0;0;0;0;0;0
05.03.2020 00:00:00;Sankt Pölten(Stadt);302;55044;0;0;0;0;0;0;0;0
05.03.2020 00:00:00;Waidhofen an der Ybbs(Stadt);303;11261;0;0;0;0;0;0;0;0
05.03.2020 00:00:00;Wiener Neustadt(Stadt);304;45277;0;0;0;0;0;0;0;0
05.03.2020 00:00:00;Amstetten;305;116114;0;0;0;0;0;0;0;0
05.03.2020 00:00:00;Baden;306;146203;0;0;0;0;0;0;0;0
05.03.2020 00:00:00;Bruck an der Leitha;307;102010;0;0;0;0;0;0;0;0
05.03.2020 00:00:00;Gänserndorf;308;103686;0;0;0;0;0;0;0;0
05.03.2020 00:00:00;Gmünd;309;36773;0;0;0;0;0;0;0;0
05.03.2020 00:00:00;Hollabrunn;310;50858;0;0;0;0;0;0;0;0
05.03.2020 00:00:00;Horn;311;31090;0;0;0;0;0;0;0;0
05.03.2020 00:00:00;Korneuburg;312;90889;3;15;15;16,50365;0;0;0;0
05.03.2020 00:00:00;Krems(Land);313;56596;0;0;0;0;0;0;0;0
05.03.2020 00:00:00;Lilienfeld;314;25812;0;0;0;0;0;0;0;0
05.03.2020 00:00:00;Melk;315;77962;0;0;0;0;0;0;0;0
05.03.2020 00:00:00;Mistelbach;316;75483;0;0;0;0;0;0;0;0
05.03.2020 00:00:00;Mödling;317;118998;0;0;0;0;0;0;0;0
05.03.2020 00:00:00;Neunkirchen;318;86291;0;0;0;0;0;0;0;0
05.03.2020 00:00:00;Sankt Pölten(Land);319;131044;0;0;0;0;0;0;0;0
05.03.2020 00:00:00;Scheibbs;320;41403;0;0;0;0;0;0;0;0
05.03.2020 00:00:00;Tulln;321;103771;0;0;0;0;0;0;0;0
05.03.2020 00:00:00;Waidhofen an der Thaya;322;25888;0;0;0;0;0;0;0;0
05.03.2020 00:00:00;Wiener Neustadt(Land);323;77991;0;0;0;0;0;0;0;0
05.03.2020 00:00:00;Zwettl;325;42222;0;0;0;0;0;0;0;0
05.03.2020 00:00:00;Linz(Stadt);401;205726;0;0;0;0;0;0;0;0
05.03.2020 00:00:00;Steyr(Stadt);402;38193;0;0;0;0;0;0;0;0
05.03.2020 00:00:00;Wels(Stadt);403;61727;0;0;0;0;0;0;0;0
05.03.2020 00:00:00;Braunau am Inn;404;104408;0;0;0;0;0;0;0;0
05.03.2020 00:00:00;Eferding;405;33156;0;0;0;0;0;0;0;0
05.03.2020 00:00:00;Freistadt;406;66621;0;0;0;0;0;0;0;0
05.03.2020 00:00:00;Gmunden;407;101631;0;0;0;0;0;0;0;0
05.03.2020 00:00:00;Grieskirchen;408;64721;0;0;0;0;0;0;0;0
05.03.2020 00:00:00;Kirchdorf an der Krems;409;56866;0;0;0;0;0;0;0;0
05.03.2020 00:00:00;Linz-Land;410;150273;0;0;0;0;0;0;0;1
05.03.2020 00:00:00;Perg;411;68459;0;0;0;0;0;0;0;0
05.03.2020 00:00:00;Ried im Innkreis;412;61204;0;0;0;0;0;0;0;0
05.03.2020 00:00:00;Rohrbach;413;56524;0;0;0;0;0;0;0;1
05.03.2020 00:00:00;Schärding;414;57307;0;0;0;0;0;0;0;0
05.03.2020 00:00:00;Steyr-Land;415;60427;0;0;0;0;0;0;0;0
05.03.2020 00:00:00;Urfahr-Umgebung;416;85505;0;0;0;0;0;0;0;0
05.03.2020 00:00:00;Vöcklabruck;417;136253;0;0;0;0;0;0;0;0
05.03.2020 00:00:00;Wels-Land;418;73094;0;0;0;0;0;0;0;0
05.03.2020 00:00:00;Salzburg(Stadt);501;154211;0;0;0;0;0;0;0;0
05.03.2020 00:00:00;Hallein;502;60374;0;0;0;0;0;0;0;0
05.03.2020 00:00:00;Salzburg-Umgebung;503;152281;0;0;0;0;0;0;0;0
05.03.2020 00:00:00;Sankt Johann im Pongau;504;80573;0;1;1;1,241111;0;0;0;0
05.03.2020 00:00:00;Tamsweg;505;20320;0;0;0;0;0;0;0;0
05.03.2020 00:00:00;Zell am See;506;87462;1;3;3;3,430061;0;0;0;0
05.03.2020 00:00:00;Graz(Stadt);601;288806;0;1;1;0,3462532;0;0;0;0
05.03.2020 00:00:00;Deutschlandsberg;603;60821;0;0;0;0;0;0;0;0
05.03.2020 00:00:00;Graz-Umgebung;606;154260;0;0;0;0;0;0;0;0
05.03.2020 00:00:00;Leibnitz;610;82484;0;0;0;0;0;0;0;0
05.03.2020 00:00:00;Leoben;611;60060;0;0;0;0;0;0;0;0
05.03.2020 00:00:00;Liezen;612;79901;0;0;0;0;0;0;0;0
05.03.2020 00:00:00;Murau;614;27659;0;0;0;0;0;0;0;0
05.03.2020 00:00:00;Voitsberg;616;51161;0;0;0;0;0;0;0;0
05.03.2020 00:00:00;Weiz;617;90343;0;2;2;2,213785;0;0;0;0
05.03.2020 00:00:00;Murtal;620;72004;0;0;0;0;0;0;0;0
05.03.2020 00:00:00;Bruck-Mürzzuschlag;621;98984;0;1;1;1,010264;0;0;0;0
05.03.2020 00:00:00;Hartberg-Fürstenfeld;622;90622;0;0;0;0;0;0;0;0
05.03.2020 00:00:00;Südoststeiermark;623;85947;0;0;0;0;0;0;0;0
05.03.2020 00:00:00;Innsbruck-Stadt;701;132110;0;2;2;1,51389;0;0;2;2
05.03.2020 00:00:00;Imst;702;60056;0;0;0;0;0;0;0;0
05.03.2020 00:00:00;Innsbruck-Land;703;179318;0;0;0;0;0;0;0;0
05.03.2020 00:00:00;Kitzbühel;704;63881;1;1;1;1,565411;0;0;0;0
05.03.2020 00:00:00;Kufstein;705;109682;0;0;0;0;0;0;0;0
05.03.2020 00:00:00;Landeck;706;44362;1;1;1;2,254182;0;0;0;0
05.03.2020 00:00:00;Lienz;707;48753;0;0;0;0;0;0;0;0
05.03.2020 00:00:00;Reutte;708;32670;0;0;0;0;0;0;0;0
05.03.2020 00:00:00;Schwaz;709;83873;0;0;0;0;0;0;0;0
05.03.2020 00:00:00;Bludenz;801;63714;0;0;0;0;0;0;0;0
05.03.2020 00:00:00;Bregenz;802;134383;1;1;1;0,7441418;0;0;0;0
05.03.2020 00:00:00;Dornbirn;803;89041;0;0;0;0;0;0;0;0
05.03.2020 00:00:00;Feldkirch;804;107159;0;0;0;0;0;0;0;0
05.03.2020 00:00:00;Wien;900;1897491;1;17;16;0,8432187;0;0;0;0
06.03.2020 00:00:00;Eisenstadt(Stadt);101;14637;0;0;0;0;0;0;0;0
06.03.2020 00:00:00;Rust(Stadt);102;1940;0;0;0;0;0;0;0;0
06.03.2020 00:00:00;Eisenstadt-Umgebung;103;42927;0;0;0;0;0;0;0;0
06.03.2020 00:00:00;Güssing;104;25797;0;0;0;0;0;0;0;0
06.03.2020 00:00:00;Jennersdorf;105;17066;0;0;0;0;0;0;0;0
06.03.2020 00:00:00;Mattersburg;106;39925;0;0;0;0;0;0;0;0
06.03.2020 00:00:00;Neusiedl am See;107;59552;4;4;4;6,716819;0;0;0;0
06.03.2020 00:00:00;Oberpullendorf;108;37513;0;0;0;0;0;0;0;0
06.03.2020 00:00:00;Oberwart;109;54076;0;0;0;0;0;0;0;0
06.03.2020 00:00:00;Klagenfurt Stadt;201;100817;0;0;0;0;0;0;0;0
06.03.2020 00:00:00;Villach Stadt;202;62243;0;0;0;0;0;0;0;0
06.03.2020 00:00:00;Hermagor;203;18224;0;0;0;0;0;0;0;0
06.03.2020 00:00:00;Klagenfurt Land;204;59800;0;0;0;0;0;0;0;0
06.03.2020 00:00:00;Sankt Veit an der Glan;205;54555;0;0;0;0;0;0;0;0
06.03.2020 00:00:00;Spittal an der Drau;206;76091;0;0;0;0;0;0;0;0
06.03.2020 00:00:00;Villach Land;207;64668;0;0;0;0;0;0;0;0
06.03.2020 00:00:00;Völkermarkt;208;41878;0;1;1;2,387889;0;0;0;0
06.03.2020 00:00:00;Wolfsberg;209;52726;0;0;0;0;0;0;0;0
06.03.2020 00:00:00;Feldkirchen;210;29937;0;0;0;0;0;0;0;0
06.03.2020 00:00:00;Krems an der Donau(Stadt);301;24876;0;0;0;0;0;0;0;0
06.03.2020 00:00:00;Sankt Pölten(Stadt);302;55044;0;0;0;0;0;0;0;0
06.03.2020 00:00:00;Waidhofen an der Ybbs(Stadt);303;11261;0;0;0;0;0;0;0;0
06.03.2020 00:00:00;Wiener Neustadt(Stadt);304;45277;0;0;0;0;0;0;0;0
06.03.2020 00:00:00;Amstetten;305;116114;0;0;0;0;0;0;0;0
06.03.2020 00:00:00;Baden;306;146203;0;0;0;0;0;0;0;0
06.03.2020 00:00:00;Bruck an der Leitha;307;102010;0;0;0;0;0;0;0;0
06.03.2020 00:00:00;Gänserndorf;308;103686;0;0;0;0;0;0;0;0
06.03.2020 00:00:00;Gmünd;309;36773;0;0;0;0;0;0;0;0
06.03.2020 00:00:00;Hollabrunn;310;50858;0;0;0;0;0;0;0;0
06.03.2020 00:00:00;Horn;311;31090;0;0;0;0;0;0;0;0
06.03.2020 00:00:00;Korneuburg;312;90889;5;20;20;22,00486;0;0;0;0
06.03.2020 00:00:00;Krems(Land);313;56596;0;0;0;0;0;0;0;0
06.03.2020 00:00:00;Lilienfeld;314;25812;0;0;0;0;0;0;0;0
06.03.2020 00:00:00;Melk;315;77962;0;0;0;0;0;0;0;0
06.03.2020 00:00:00;Mistelbach;316;75483;1;1;1;1,324802;0;0;0;0
06.03.2020 00:00:00;Mödling;317;118998;0;0;0;0;0;0;0;0
06.03.2020 00:00:00;Neunkirchen;318;86291;0;0;0;0;0;0;0;0
06.03.2020 00:00:00;Sankt Pölten(Land);319;131044;0;0;0;0;0;0;0;0
06.03.2020 00:00:00;Scheibbs;320;41403;0;0;0;0;0;0;0;0
06.03.2020 00:00:00;Tulln;321;103771;2;2;2;1,927321;0;0;0;0
06.03.2020 00:00:00;Waidhofen an der Thaya;322;25888;0;0;0;0;0;0;0;0
06.03.2020 00:00:00;Wiener Neustadt(Land);323;77991;0;0;0;0;0;0;0;0
06.03.2020 00:00:00;Zwettl;325;42222;0;0;0;0;0;0;0;0
06.03.2020 00:00:00;Linz(Stadt);401;205726;0;0;0;0;0;0;0;0
06.03.2020 00:00:00;Steyr(Stadt);402;38193;0;0;0;0;0;0;0;0
06.03.2020 00:00:00;Wels(Stadt);403;61727;0;0;0;0;0;0;0;0
06.03.2020 00:00:00;Braunau am Inn;404;104408;0;0;0;0;0;0;0;0
06.03.2020 00:00:00;Eferding;405;33156;0;0;0;0;0;0;0;0
06.03.2020 00:00:00;Freistadt;406;66621;0;0;0;0;0;0;0;0
06.03.2020 00:00:00;Gmunden;407;101631;0;0;0;0;0;0;0;0
06.03.2020 00:00:00;Grieskirchen;408;64721;0;0;0;0;0;0;0;0
06.03.2020 00:00:00;Kirchdorf an der Krems;409;56866;0;0;0;0;0;0;0;0
06.03.2020 00:00:00;Linz-Land;410;150273;0;0;0;0;0;0;0;1
06.03.2020 00:00:00;Perg;411;68459;0;0;0;0;0;0;0;0
06.03.2020 00:00:00;Ried im Innkreis;412;61204;0;0;0;0;0;0;0;0
06.03.2020 00:00:00;Rohrbach;413;56524;0;0;0;0;0;0;0;1
06.03.2020 00:00:00;Schärding;414;57307;0;0;0;0;0;0;0;0
06.03.2020 00:00:00;Steyr-Land;415;60427;0;0;0;0;0;0;0;0
06.03.2020 00:00:00;Urfahr-Umgebung;416;85505;1;1;1;1,169522;0;0;0;0
06.03.2020 00:00:00;Vöcklabruck;417;136253;0;0;0;0;0;0;0;0
06.03.2020 00:00:00;Wels-Land;418;73094;0;0;0;0;0;0;0;0
06.03.2020 00:00:00;Salzburg(Stadt);501;154211;0;0;0;0;0;0;0;0
06.03.2020 00:00:00;Hallein;502;60374;0;0;0;0;0;0;0;0
06.03.2020 00:00:00;Salzburg-Umgebung;503;152281;1;1;1;0,6566808;0;0;0;0
06.03.2020 00:00:00;Sankt Johann im Pongau;504;80573;0;1;1;1,241111;0;0;0;0
06.03.2020 00:00:00;Tamsweg;505;20320;0;0;0;0;0;0;0;0
06.03.2020 00:00:00;Zell am See;506;87462;0;3;3;3,430061;0;0;0;0
06.03.2020 00:00:00;Graz(Stadt);601;288806;1;2;2;0,6925064;0;0;0;0
06.03.2020 00:00:00;Deutschlandsberg;603;60821;0;0;0;0;0;0;0;0
06.03.2020 00:00:00;Graz-Umgebung;606;154260;0;0;0;0;0;0;0;0
06.03.2020 00:00:00;Leibnitz;610;82484;0;0;0;0;0;0;0;0
06.03.2020 00:00:00;Leoben;611;60060;0;0;0;0;0;0;0;0
06.03.2020 00:00:00;Liezen;612;79901;0;0;0;0;0;0;0;0
06.03.2020 00:00:00;Murau;614;27659;0;0;0;0;0;0;0;0
06.03.2020 00:00:00;Voitsberg;616;51161;0;0;0;0;0;0;0;0
06.03.2020 00:00:00;Weiz;617;90343;0;2;2;2,213785;0;0;0;0
06.03.2020 00:00:00;Murtal;620;72004;1;1;1;1,388812;0;0;0;0
06.03.2020 00:00:00;Bruck-Mürzzuschlag;621;98984;0;1;1;1,010264;0;0;0;0
06.03.2020 00:00:00;Hartberg-Fürstenfeld;622;90622;0;0;0;0;0;0;0;0
06.03.2020 00:00:00;Südoststeiermark;623;85947;0;0;0;0;0;0;0;0
06.03.2020 00:00:00;Innsbruck-Stadt;701;132110;2;4;4;3,02778;0;0;0;2
06.03.2020 00:00:00;Imst;702;60056;0;0;0;0;0;0;0;0
06.03.2020 00:00:00;Innsbruck-Land;703;179318;1;1;1;0,5576685;0;0;0;0
06.03.2020 00:00:00;Kitzbühel;704;63881;0;1;1;1,565411;0;0;0;0
06.03.2020 00:00:00;Kufstein;705;109682;0;0;0;0;0;0;0;0
06.03.2020 00:00:00;Landeck;706;44362;0;1;1;2,254182;0;0;0;0
06.03.2020 00:00:00;Lienz;707;48753;0;0;0;0;0;0;0;0
06.03.2020 00:00:00;Reutte;708;32670;0;0;0;0;0;0;0;0
06.03.2020 00:00:00;Schwaz;709;83873;0;0;0;0;0;0;0;0
06.03.2020 00:00:00;Bludenz;801;63714;0;0;0;0;0;0;0;0
06.03.2020 00:00:00;Bregenz;802;134383;0;1;1;0,7441418;0;0;0;0
06.03.2020 00:00:00;Dornbirn;803;89041;0;0;0;0;0;0;0;0
06.03.2020 00:00:00;Feldkirch;804;107159;0;0;0;0;0;0;0;0
06.03.2020 00:00:00;Wien;900;1897491;10;27;24;1,264828;0;0;0;0
07.03.2020 00:00:00;Eisenstadt(Stadt);101;14637;0;0;0;0;0;0;0;0
07.03.2020 00:00:00;Rust(Stadt);102;1940;0;0;0;0;0;0;0;0
07.03.2020 00:00:00;Eisenstadt-Umgebung;103;42927;0;0;0;0;0;0;0;0
07.03.2020 00:00:00;Güssing;104;25797;0;0;0;0;0;0;0;0
07.03.2020 00:00:00;Jennersdorf;105;17066;0;0;0;0;0;0;0;0
07.03.2020 00:00:00;Mattersburg;106;39925;0;0;0;0;0;0;0;0
07.03.2020 00:00:00;Neusiedl am See;107;59552;0;4;4;6,716819;0;0;0;0
07.03.2020 00:00:00;Oberpullendorf;108;37513;0;0;0;0;0;0;0;0
07.03.2020 00:00:00;Oberwart;109;54076;0;0;0;0;0;0;0;0
07.03.2020 00:00:00;Klagenfurt Stadt;201;100817;0;0;0;0;0;0;0;0
07.03.2020 00:00:00;Villach Stadt;202;62243;0;0;0;0;0;0;0;0
07.03.2020 00:00:00;Hermagor;203;18224;0;0;0;0;0;0;0;0
07.03.2020 00:00:00;Klagenfurt Land;204;59800;0;0;0;0;0;0;0;0
07.03.2020 00:00:00;Sankt Veit an der Glan;205;54555;0;0;0;0;0;0;0;0
07.03.2020 00:00:00;Spittal an der Drau;206;76091;0;0;0;0;0;0;0;0
07.03.2020 00:00:00;Villach Land;207;64668;0;0;0;0;0;0;0;0
07.03.2020 00:00:00;Völkermarkt;208;41878;0;1;1;2,387889;0;0;0;0
07.03.2020 00:00:00;Wolfsberg;209;52726;0;0;0;0;0;0;0;0
07.03.2020 00:00:00;Feldkirchen;210;29937;0;0;0;0;0;0;0;0
07.03.2020 00:00:00;Krems an der Donau(Stadt);301;24876;0;0;0;0;0;0;0;0
07.03.2020 00:00:00;Sankt Pölten(Stadt);302;55044;0;0;0;0;0;0;0;0
07.03.2020 00:00:00;Waidhofen an der Ybbs(Stadt);303;11261;0;0;0;0;0;0;0;0
07.03.2020 00:00:00;Wiener Neustadt(Stadt);304;45277;0;0;0;0;0;0;0;0
07.03.2020 00:00:00;Amstetten;305;116114;0;0;0;0;0;0;0;0
07.03.2020 00:00:00;Baden;306;146203;0;0;0;0;0;0;0;0
07.03.2020 00:00:00;Bruck an der Leitha;307;102010;0;0;0;0;0;0;0;0
07.03.2020 00:00:00;Gänserndorf;308;103686;0;0;0;0;0;0;0;0
07.03.2020 00:00:00;Gmünd;309;36773;0;0;0;0;0;0;0;0
07.03.2020 00:00:00;Hollabrunn;310;50858;1;1;1;1,966259;0;0;0;0
07.03.2020 00:00:00;Horn;311;31090;0;0;0;0;0;0;0;0
07.03.2020 00:00:00;Korneuburg;312;90889;4;24;22;24,20535;0;0;0;0
07.03.2020 00:00:00;Krems(Land);313;56596;0;0;0;0;0;0;0;0
07.03.2020 00:00:00;Lilienfeld;314;25812;0;0;0;0;0;0;0;0
07.03.2020 00:00:00;Melk;315;77962;0;0;0;0;0;0;0;0
07.03.2020 00:00:00;Mistelbach;316;75483;0;1;1;1,324802;0;0;0;0
07.03.2020 00:00:00;Mödling;317;118998;0;0;0;0;0;0;0;0
07.03.2020 00:00:00;Neunkirchen;318;86291;0;0;0;0;0;0;0;0
07.03.2020 00:00:00;Sankt Pölten(Land);319;131044;0;0;0;0;0;0;0;0
07.03.2020 00:00:00;Scheibbs;320;41403;0;0;0;0;0;0;0;0
07.03.2020 00:00:00;Tulln;321;103771;2;4;4;3,854641;0;0;0;0
07.03.2020 00:00:00;Waidhofen an der Thaya;322;25888;0;0;0;0;0;0;0;0
07.03.2020 00:00:00;Wiener Neustadt(Land);323;77991;0;0;0;0;0;0;0;0
07.03.2020 00:00:00;Zwettl;325;42222;0;0;0;0;0;0;0;0
07.03.2020 00:00:00;Linz(Stadt);401;205726;1;1;1;0,4860834;0;0;0;0
07.03.2020 00:00:00;Steyr(Stadt);402;38193;1;1;1;2,618281;0;0;0;0
07.03.2020 00:00:00;Wels(Stadt);403;61727;0;0;0;0;0;0;0;0
07.03.2020 00:00:00;Braunau am Inn;404;104408;0;0;0;0;0;0;0;0
07.03.2020 00:00:00;Eferding;405;33156;0;0;0;0;0;0;0;0
07.03.2020 00:00:00;Freistadt;406;66621;0;0;0;0;0;0;0;0
07.03.2020 00:00:00;Gmunden;407;101631;0;0;0;0;0;0;0;0
07.03.2020 00:00:00;Grieskirchen;408;64721;0;0;0;0;0;0;0;0
07.03.2020 00:00:00;Kirchdorf an der Krems;409;56866;0;0;0;0;0;0;0;0
07.03.2020 00:00:00;Linz-Land;410;150273;2;2;2;1,330911;0;0;1;2
07.03.2020 00:00:00;Perg;411;68459;0;0;0;0;0;0;0;0
07.03.2020 00:00:00;Ried im Innkreis;412;61204;0;0;0;0;0;0;0;0
07.03.2020 00:00:00;Rohrbach;413;56524;0;0;0;0;0;0;0;1
07.03.2020 00:00:00;Schärding;414;57307;0;0;0;0;0;0;0;0
07.03.2020 00:00:00;Steyr-Land;415;60427;0;0;0;0;0;0;0;0
07.03.2020 00:00:00;Urfahr-Umgebung;416;85505;1;2;2;2,339045;0;0;0;0
07.03.2020 00:00:00;Vöcklabruck;417;136253;0;0;0;0;0;0;0;0
07.03.2020 00:00:00;Wels-Land;418;73094;1;1;1;1,368101;0;0;0;0
07.03.2020 00:00:00;Salzburg(Stadt);501;154211;0;0;0;0;0;0;0;0
07.03.2020 00:00:00;Hallein;502;60374;0;0;0;0;0;0;0;0
07.03.2020 00:00:00;Salzburg-Umgebung;503;152281;1;2;2;1,313362;0;0;0;0
07.03.2020 00:00:00;Sankt Johann im Pongau;504;80573;0;1;1;1,241111;0;0;0;0
07.03.2020 00:00:00;Tamsweg;505;20320;0;0;0;0;0;0;1;1
07.03.2020 00:00:00;Zell am See;506;87462;1;4;4;4,573415;0;0;0;0
07.03.2020 00:00:00;Graz(Stadt);601;288806;0;2;2;0,6925064;0;0;0;0
07.03.2020 00:00:00;Deutschlandsberg;603;60821;0;0;0;0;0;0;0;0
07.03.2020 00:00:00;Graz-Umgebung;606;154260;0;0;0;0;0;0;0;0
07.03.2020 00:00:00;Leibnitz;610;82484;0;0;0;0;0;0;0;0
07.03.2020 00:00:00;Leoben;611;60060;0;0;0;0;0;0;0;0
07.03.2020 00:00:00;Liezen;612;79901;0;0;0;0;0;0;0;0
07.03.2020 00:00:00;Murau;614;27659;0;0;0;0;0;0;0;0
07.03.2020 00:00:00;Voitsberg;616;51161;0;0;0;0;0;0;0;0
07.03.2020 00:00:00;Weiz;617;90343;0;2;1;1,106893;0;0;0;0
07.03.2020 00:00:00;Murtal;620;72004;0;1;1;1,388812;0;0;0;0
07.03.2020 00:00:00;Bruck-Mürzzuschlag;621;98984;0;1;1;1,010264;0;0;0;0
07.03.2020 00:00:00;Hartberg-Fürstenfeld;622;90622;2;2;2;2,206969;0;0;0;0
07.03.2020 00:00:00;Südoststeiermark;623;85947;0;0;0;0;0;0;0;0
07.03.2020 00:00:00;Innsbruck-Stadt;701;132110;0;4;4;3,02778;0;0;0;2
07.03.2020 00:00:00;Imst;702;60056;0;0;0;0;0;0;0;0
07.03.2020 00:00:00;Innsbruck-Land;703;179318;0;1;1;0,5576685;0;0;0;0
07.03.2020 00:00:00;Kitzbühel;704;63881;0;1;1;1,565411;0;0;0;0
07.03.2020 00:00:00;Kufstein;705;109682;0;0;0;0;0;0;0;0
07.03.2020 00:00:00;Landeck;706;44362;1;2;2;4,508363;0;0;0;0
07.03.2020 00:00:00;Lienz;707;48753;0;0;0;0;0;0;0;0
07.03.2020 00:00:00;Reutte;708;32670;0;0;0;0;0;0;0;0
07.03.2020 00:00:00;Schwaz;709;83873;0;0;0;0;0;0;0;0
07.03.2020 00:00:00;Bludenz;801;63714;0;0;0;0;0;0;0;0
07.03.2020 00:00:00;Bregenz;802;134383;0;1;1;0,7441418;0;0;0;0
07.03.2020 00:00:00;Dornbirn;803;89041;0;0;0;0;0;0;0;0
07.03.2020 00:00:00;Feldkirch;804;107159;0;0;0;0;0;0;0;0
07.03.2020 00:00:00;Wien;900;1897491;5;32;28;1,475633;0;0;0;0
08.03.2020 00:00:00;Eisenstadt(Stadt);101;14637;0;0;0;0;0;0;0;0
08.03.2020 00:00:00;Rust(Stadt);102;1940;0;0;0;0;0;0;0;0
08.03.2020 00:00:00;Eisenstadt-Umgebung;103;42927;0;0;0;0;0;0;0;0
08.03.2020 00:00:00;Güssing;104;25797;0;0;0;0;0;0;0;0
08.03.2020 00:00:00;Jennersdorf;105;17066;0;0;0;0;0;0;0;0
08.03.2020 00:00:00;Mattersburg;106;39925;0;0;0;0;0;0;0;0
08.03.2020 00:00:00;Neusiedl am See;107;59552;0;4;4;6,716819;0;0;0;0
08.03.2020 00:00:00;Oberpullendorf;108;37513;0;0;0;0;0;0;0;0
08.03.2020 00:00:00;Oberwart;109;54076;0;0;0;0;0;0;0;0
08.03.2020 00:00:00;Klagenfurt Stadt;201;100817;0;0;0;0;0;0;0;0
08.03.2020 00:00:00;Villach Stadt;202;62243;0;0;0;0;0;0;0;0
08.03.2020 00:00:00;Hermagor;203;18224;0;0;0;0;0;0;0;0
08.03.2020 00:00:00;Klagenfurt Land;204;59800;0;0;0;0;0;0;0;0
08.03.2020 00:00:00;Sankt Veit an der Glan;205;54555;0;0;0;0;0;0;0;0
08.03.2020 00:00:00;Spittal an der Drau;206;76091;0;0;0;0;0;0;0;0
08.03.2020 00:00:00;Villach Land;207;64668;0;0;0;0;0;0;0;0
08.03.2020 00:00:00;Völkermarkt;208;41878;0;1;1;2,387889;0;0;0;0
08.03.2020 00:00:00;Wolfsberg;209;52726;0;0;0;0;0;0;0;0
08.03.2020 00:00:00;Feldkirchen;210;29937;0;0;0;0;0;0;0;0
08.03.2020 00:00:00;Krems an der Donau(Stadt);301;24876;0;0;0;0;0;0;0;0
08.03.2020 00:00:00;Sankt Pölten(Stadt);302;55044;0;0;0;0;0;0;0;0
08.03.2020 00:00:00;Waidhofen an der Ybbs(Stadt);303;11261;0;0;0;0;0;0;0;0
08.03.2020 00:00:00;Wiener Neustadt(Stadt);304;45277;0;0;0;0;0;0;0;0
08.03.2020 00:00:00;Amstetten;305;116114;0;0;0;0;0;0;0;0
08.03.2020 00:00:00;Baden;306;146203;0;0;0;0;0;0;0;0
08.03.2020 00:00:00;Bruck an der Leitha;307;102010;0;0;0;0;0;0;0;0
08.03.2020 00:00:00;Gänserndorf;308;103686;0;0;0;0;0;0;0;0
08.03.2020 00:00:00;Gmünd;309;36773;0;0;0;0;0;0;0;0
08.03.2020 00:00:00;Hollabrunn;310;50858;0;1;1;1,966259;0;0;0;0
08.03.2020 00:00:00;Horn;311;31090;0;0;0;0;0;0;0;0
08.03.2020 00:00:00;Korneuburg;312;90889;0;24;22;24,20535;0;0;0;0
08.03.2020 00:00:00;Krems(Land);313;56596;0;0;0;0;0;0;0;0
08.03.2020 00:00:00;Lilienfeld;314;25812;0;0;0;0;0;0;0;0
08.03.2020 00:00:00;Melk;315;77962;0;0;0;0;0;0;0;0
08.03.2020 00:00:00;Mistelbach;316;75483;0;1;1;1,324802;0;0;0;0
08.03.2020 00:00:00;Mödling;317;118998;0;0;0;0;0;0;0;0
08.03.2020 00:00:00;Neunkirchen;318;86291;0;0;0;0;0;0;0;0
08.03.2020 00:00:00;Sankt Pölten(Land);319;131044;0;0;0;0;0;0;0;0
08.03.2020 00:00:00;Scheibbs;320;41403;0;0;0;0;0;0;0;0
08.03.2020 00:00:00;Tulln;321;103771;5;9;9;8,672943;0;0;0;0
08.03.2020 00:00:00;Waidhofen an der Thaya;322;25888;0;0;0;0;0;0;0;0
08.03.2020 00:00:00;Wiener Neustadt(Land);323;77991;0;0;0;0;0;0;0;0
08.03.2020 00:00:00;Zwettl;325;42222;0;0;0;0;0;0;0;0
08.03.2020 00:00:00;Linz(Stadt);401;205726;1;2;2;0,9721668;0;0;0;0
08.03.2020 00:00:00;Steyr(Stadt);402;38193;0;1;1;2,618281;0;0;0;0
08.03.2020 00:00:00;Wels(Stadt);403;61727;0;0;0;0;0;0;0;0
08.03.2020 00:00:00;Braunau am Inn;404;104408;0;0;0;0;0;0;0;0
08.03.2020 00:00:00;Eferding;405;33156;0;0;0;0;0;0;0;0
08.03.2020 00:00:00;Freistadt;406;66621;0;0;0;0;0;0;0;0
08.03.2020 00:00:00;Gmunden;407;101631;0;0;0;0;0;0;0;0
08.03.2020 00:00:00;Grieskirchen;408;64721;0;0;0;0;0;0;0;0
08.03.2020 00:00:00;Kirchdorf an der Krems;409;56866;0;0;0;0;0;0;0;0
08.03.2020 00:00:00;Linz-Land;410;150273;0;2;2;1,330911;0;0;0;2
08.03.2020 00:00:00;Perg;411;68459;0;0;0;0;0;0;0;0
08.03.2020 00:00:00;Ried im Innkreis;412;61204;0;0;0;0;0;0;0;0
08.03.2020 00:00:00;Rohrbach;413;56524;0;0;0;0;0;0;0;1
08.03.2020 00:00:00;Schärding;414;57307;0;0;0;0;0;0;0;0
08.03.2020 00:00:00;Steyr-Land;415;60427;0;0;0;0;0;0;0;0
08.03.2020 00:00:00;Urfahr-Umgebung;416;85505;0;2;2;2,339045;0;0;0;0
08.03.2020 00:00:00;Vöcklabruck;417;136253;0;0;0;0;0;0;0;0
08.03.2020 00:00:00;Wels-Land;418;73094;1;2;2;2,736203;0;0;0;0
08.03.2020 00:00:00;Salzburg(Stadt);501;154211;0;0;0;0;0;0;0;0
08.03.2020 00:00:00;Hallein;502;60374;0;0;0;0;0;0;0;0
08.03.2020 00:00:00;Salzburg-Umgebung;503;152281;0;2;2;1,313362;0;0;0;0
08.03.2020 00:00:00;Sankt Johann im Pongau;504;80573;0;1;1;1,241111;0;0;0;0
08.03.2020 00:00:00;Tamsweg;505;20320;0;0;0;0;0;0;0;1
08.03.2020 00:00:00;Zell am See;506;87462;1;5;4;4,573415;0;0;0;0
08.03.2020 00:00:00;Graz(Stadt);601;288806;0;2;2;0,6925064;0;0;0;0
08.03.2020 00:00:00;Deutschlandsberg;603;60821;0;0;0;0;0;0;0;0
08.03.2020 00:00:00;Graz-Umgebung;606;154260;0;0;0;0;0;0;0;0
08.03.2020 00:00:00;Leibnitz;610;82484;0;0;0;0;0;0;0;0
08.03.2020 00:00:00;Leoben;611;60060;0;0;0;0;0;0;0;0
08.03.2020 00:00:00;Liezen;612;79901;0;0;0;0;0;0;0;0
08.03.2020 00:00:00;Murau;614;27659;0;0;0;0;0;0;0;0
08.03.2020 00:00:00;Voitsberg;616;51161;0;0;0;0;0;0;0;0
08.03.2020 00:00:00;Weiz;617;90343;0;2;1;1,106893;0;0;0;0
08.03.2020 00:00:00;Murtal;620;72004;1;2;2;2,777623;0;0;0;0
08.03.2020 00:00:00;Bruck-Mürzzuschlag;621;98984;0;1;1;1,010264;0;0;0;0
08.03.2020 00:00:00;Hartberg-Fürstenfeld;622;90622;1;3;3;3,310454;0;0;0;0
08.03.2020 00:00:00;Südoststeiermark;623;85947;0;0;0;0;0;0;0;0
08.03.2020 00:00:00;Innsbruck-Stadt;701;132110;1;5;5;3,784725;0;0;0;2
08.03.2020 00:00:00;Imst;702;60056;0;0;0;0;0;0;0;0
08.03.2020 00:00:00;Innsbruck-Land;703;179318;0;1;1;0,5576685;0;0;0;0
08.03.2020 00:00:00;Kitzbühel;704;63881;0;1;1;1,565411;0;0;0;0
08.03.2020 00:00:00;Kufstein;705;109682;0;0;0;0;0;0;0;0
08.03.2020 00:00:00;Landeck;706;44362;15;17;17;38,32109;0;0;0;0
08.03.2020 00:00:00;Lienz;707;48753;0;0;0;0;0;0;0;0
08.03.2020 00:00:00;Reutte;708;32670;0;0;0;0;0;0;0;0
08.03.2020 00:00:00;Schwaz;709;83873;0;0;0;0;0;0;0;0
08.03.2020 00:00:00;Bludenz;801;63714;0;0;0;0;0;0;0;0
08.03.2020 00:00:00;Bregenz;802;134383;0;1;1;0,7441418;0;0;0;0
08.03.2020 00:00:00;Dornbirn;803;89041;1;1;1;1,123078;0;0;0;0
08.03.2020 00:00:00;Feldkirch;804;107159;0;0;0;0;0;0;0;0
08.03.2020 00:00:00;Wien;900;1897491;1;33;29;1,528334;0;0;0;0
09.03.2020 00:00:00;Eisenstadt(Stadt);101;14637;0;0;0;0;0;0;0;0
09.03.2020 00:00:00;Rust(Stadt);102;1940;0;0;0;0;0;0;0;0
09.03.2020 00:00:00;Eisenstadt-Umgebung;103;42927;0;0;0;0;0;0;0;0
09.03.2020 00:00:00;Güssing;104;25797;0;0;0;0;0;0;0;0
09.03.2020 00:00:00;Jennersdorf;105;17066;0;0;0;0;0;0;0;0
09.03.2020 00:00:00;Mattersburg;106;39925;0;0;0;0;0;0;0;0
09.03.2020 00:00:00;Neusiedl am See;107;59552;0;4;4;6,716819;0;0;0;0
09.03.2020 00:00:00;Oberpullendorf;108;37513;0;0;0;0;0;0;0;0
09.03.2020 00:00:00;Oberwart;109;54076;0;0;0;0;0;0;0;0
09.03.2020 00:00:00;Klagenfurt Stadt;201;100817;0;0;0;0;0;0;0;0
09.03.2020 00:00:00;Villach Stadt;202;62243;0;0;0;0;0;0;0;0
09.03.2020 00:00:00;Hermagor;203;18224;0;0;0;0;0;0;0;0
09.03.2020 00:00:00;Klagenfurt Land;204;59800;0;0;0;0;0;0;0;0
09.03.2020 00:00:00;Sankt Veit an der Glan;205;54555;0;0;0;0;0;0;0;0
09.03.2020 00:00:00;Spittal an der Drau;206;76091;0;0;0;0;0;0;0;0
09.03.2020 00:00:00;Villach Land;207;64668;0;0;0;0;0;0;0;0
09.03.2020 00:00:00;Völkermarkt;208;41878;0;1;1;2,387889;0;0;0;0
09.03.2020 00:00:00;Wolfsberg;209;52726;0;0;0;0;0;0;0;0
09.03.2020 00:00:00;Feldkirchen;210;29937;0;0;0;0;0;0;0;0
09.03.2020 00:00:00;Krems an der Donau(Stadt);301;24876;0;0;0;0;0;0;0;0
09.03.2020 00:00:00;Sankt Pölten(Stadt);302;55044;0;0;0;0;0;0;0;0
09.03.2020 00:00:00;Waidhofen an der Ybbs(Stadt);303;11261;0;0;0;0;0;0;0;0
09.03.2020 00:00:00;Wiener Neustadt(Stadt);304;45277;0;0;0;0;0;0;0;0
09.03.2020 00:00:00;Amstetten;305;116114;0;0;0;0;0;0;0;0
09.03.2020 00:00:00;Baden;306;146203;0;0;0;0;0;0;0;0
09.03.2020 00:00:00;Bruck an der Leitha;307;102010;0;0;0;0;0;0;0;0
09.03.2020 00:00:00;Gänserndorf;308;103686;0;0;0;0;0;0;0;0
09.03.2020 00:00:00;Gmünd;309;36773;0;0;0;0;0;0;0;0
09.03.2020 00:00:00;Hollabrunn;310;50858;1;2;2;3,932518;0;0;0;0
09.03.2020 00:00:00;Horn;311;31090;0;0;0;0;0;0;0;0
09.03.2020 00:00:00;Korneuburg;312;90889;1;25;23;25,30559;0;0;0;0
09.03.2020 00:00:00;Krems(Land);313;56596;0;0;0;0;0;0;0;0
09.03.2020 00:00:00;Lilienfeld;314;25812;0;0;0;0;0;0;0;0
09.03.2020 00:00:00;Melk;315;77962;0;0;0;0;0;0;0;0
09.03.2020 00:00:00;Mistelbach;316;75483;0;1;1;1,324802;0;0;0;0
09.03.2020 00:00:00;Mödling;317;118998;0;0;0;0;0;0;0;0
09.03.2020 00:00:00;Neunkirchen;318;86291;0;0;0;0;0;0;0;0
09.03.2020 00:00:00;Sankt Pölten(Land);319;131044;0;0;0;0;0;0;0;0
09.03.2020 00:00:00;Scheibbs;320;41403;0;0;0;0;0;0;0;0
09.03.2020 00:00:00;Tulln;321;103771;1;10;10;9,636603;0;0;0;0
09.03.2020 00:00:00;Waidhofen an der Thaya;322;25888;0;0;0;0;0;0;0;0
09.03.2020 00:00:00;Wiener Neustadt(Land);323;77991;0;0;0;0;0;0;0;0
09.03.2020 00:00:00;Zwettl;325;42222;0;0;0;0;0;0;0;0
09.03.2020 00:00:00;Linz(Stadt);401;205726;0;2;2;0,9721668;0;0;0;0
09.03.2020 00:00:00;Steyr(Stadt);402;38193;1;2;2;5,236562;0;0;0;0
09.03.2020 00:00:00;Wels(Stadt);403;61727;0;0;0;0;0;0;0;0
09.03.2020 00:00:00;Braunau am Inn;404;104408;0;0;0;0;0;0;0;0
09.03.2020 00:00:00;Eferding;405;33156;0;0;0;0;0;0;0;0
09.03.2020 00:00:00;Freistadt;406;66621;0;0;0;0;0;0;0;0
09.03.2020 00:00:00;Gmunden;407;101631;0;0;0;0;0;0;0;0
09.03.2020 00:00:00;Grieskirchen;408;64721;0;0;0;0;0;0;0;0
09.03.2020 00:00:00;Kirchdorf an der Krems;409;56866;0;0;0;0;0;0;0;0
09.03.2020 00:00:00;Linz-Land;410;150273;0;2;2;1,330911;0;0;0;2
09.03.2020 00:00:00;Perg;411;68459;1;1;1;1,460728;0;0;0;0
09.03.2020 00:00:00;Ried im Innkreis;412;61204;0;0;0;0;0;0;0;0
09.03.2020 00:00:00;Rohrbach;413;56524;0;0;0;0;0;0;0;1
09.03.2020 00:00:00;Schärding;414;57307;0;0;0;0;0;0;0;0
09.03.2020 00:00:00;Steyr-Land;415;60427;0;0;0;0;0;0;0;0
09.03.2020 00:00:00;Urfahr-Umgebung;416;85505;1;3;3;3,508567;0;0;0;0
09.03.2020 00:00:00;Vöcklabruck;417;136253;0;0;0;0;0;0;0;0
09.03.2020 00:00:00;Wels-Land;418;73094;0;2;2;2,736203;0;0;0;0
09.03.2020 00:00:00;Salzburg(Stadt);501;154211;0;0;0;0;0;0;0;0
09.03.2020 00:00:00;Hallein;502;60374;0;0;0;0;0;0;0;0
09.03.2020 00:00:00;Salzburg-Umgebung;503;152281;0;2;2;1,313362;0;0;0;0
09.03.2020 00:00:00;Sankt Johann im Pongau;504;80573;0;1;1;1,241111;0;0;0;0
09.03.2020 00:00:00;Tamsweg;505;20320;0;0;0;0;0;0;0;1
09.03.2020 00:00:00;Zell am See;506;87462;2;7;6;6,860122;0;0;0;0
09.03.2020 00:00:00;Graz(Stadt);601;288806;0;2;2;0,6925064;0;0;0;0
09.03.2020 00:00:00;Deutschlandsberg;603;60821;0;0;0;0;0;0;0;0
09.03.2020 00:00:00;Graz-Umgebung;606;154260;0;0;0;0;0;0;0;0
09.03.2020 00:00:00;Leibnitz;610;82484;0;0;0;0;0;0;0;0
09.03.2020 00:00:00;Leoben;611;60060;4;4;4;6,660007;0;0;0;0
09.03.2020 00:00:00;Liezen;612;79901;0;0;0;0;0;0;0;0
09.03.2020 00:00:00;Murau;614;27659;0;0;0;0;0;0;0;0
09.03.2020 00:00:00;Voitsberg;616;51161;0;0;0;0;0;0;0;0
09.03.2020 00:00:00;Weiz;617;90343;0;2;1;1,106893;0;0;0;0
09.03.2020 00:00:00;Murtal;620;72004;1;3;3;4,166435;0;0;0;0
09.03.2020 00:00:00;Bruck-Mürzzuschlag;621;98984;0;1;1;1,010264;0;0;0;0
09.03.2020 00:00:00;Hartberg-Fürstenfeld;622;90622;2;5;5;5,517424;0;0;0;0
09.03.2020 00:00:00;Südoststeiermark;623;85947;0;0;0;0;0;0;0;0
09.03.2020 00:00:00;Innsbruck-Stadt;701;132110;2;7;7;5,298615;0;0;0;2
09.03.2020 00:00:00;Imst;702;60056;0;0;0;0;0;0;0;0
09.03.2020 00:00:00;Innsbruck-Land;703;179318;0;1;1;0,5576685;0;0;0;0
09.03.2020 00:00:00;Kitzbühel;704;63881;0;1;1;1,565411;0;0;0;0
09.03.2020 00:00:00;Kufstein;705;109682;0;0;0;0;0;0;0;0
09.03.2020 00:00:00;Landeck;706;44362;1;18;18;40,57527;0;0;0;0
09.03.2020 00:00:00;Lienz;707;48753;0;0;0;0;0;0;0;0
09.03.2020 00:00:00;Reutte;708;32670;0;0;0;0;0;0;0;0
09.03.2020 00:00:00;Schwaz;709;83873;0;0;0;0;0;0;0;0
09.03.2020 00:00:00;Bludenz;801;63714;0;0;0;0;0;0;0;0
09.03.2020 00:00:00;Bregenz;802;134383;0;1;1;0,7441418;0;0;0;0
09.03.2020 00:00:00;Dornbirn;803;89041;1;2;2;2,246156;0;0;0;0
09.03.2020 00:00:00;Feldkirch;804;107159;0;0;0;0;0;0;0;0
09.03.2020 00:00:00;Wien;900;1897491;3;36;28;1,475633;0;0;0;0
10.03.2020 00:00:00;Eisenstadt(Stadt);101;14637;0;0;0;0;0;0;0;0
10.03.2020 00:00:00;Rust(Stadt);102;1940;0;0;0;0;0;0;0;0
10.03.2020 00:00:00;Eisenstadt-Umgebung;103;42927;0;0;0;0;0;0;0;0
10.03.2020 00:00:00;Güssing;104;25797;0;0;0;0;0;0;0;0
10.03.2020 00:00:00;Jennersdorf;105;17066;0;0;0;0;0;0;0;0
10.03.2020 00:00:00;Mattersburg;106;39925;0;0;0;0;0;0;0;0
10.03.2020 00:00:00;Neusiedl am See;107;59552;0;4;4;6,716819;0;0;0;0
10.03.2020 00:00:00;Oberpullendorf;108;37513;0;0;0;0;0;0;0;0
10.03.2020 00:00:00;Oberwart;109;54076;0;0;0;0;0;0;0;0
10.03.2020 00:00:00;Klagenfurt Stadt;201;100817;0;0;0;0;0;0;0;0
10.03.2020 00:00:00;Villach Stadt;202;62243;0;0;0;0;0;0;0;0
10.03.2020 00:00:00;Hermagor;203;18224;0;0;0;0;0;0;0;0
10.03.2020 00:00:00;Klagenfurt Land;204;59800;0;0;0;0;0;0;0;0
10.03.2020 00:00:00;Sankt Veit an der Glan;205;54555;0;0;0;0;0;0;0;0
10.03.2020 00:00:00;Spittal an der Drau;206;76091;0;0;0;0;0;0;0;0
10.03.2020 00:00:00;Villach Land;207;64668;0;0;0;0;0;0;0;0
10.03.2020 00:00:00;Völkermarkt;208;41878;0;1;1;2,387889;0;0;0;0
10.03.2020 00:00:00;Wolfsberg;209;52726;0;0;0;0;0;0;0;0
10.03.2020 00:00:00;Feldkirchen;210;29937;0;0;0;0;0;0;0;0
10.03.2020 00:00:00;Krems an der Donau(Stadt);301;24876;0;0;0;0;0;0;0;0
10.03.2020 00:00:00;Sankt Pölten(Stadt);302;55044;0;0;0;0;0;0;0;0
10.03.2020 00:00:00;Waidhofen an der Ybbs(Stadt);303;11261;0;0;0;0;0;0;0;0
10.03.2020 00:00:00;Wiener Neustadt(Stadt);304;45277;0;0;0;0;0;0;0;0
10.03.2020 00:00:00;Amstetten;305;116114;2;2;2;1,722445;0;0;0;0
10.03.2020 00:00:00;Baden;306;146203;0;0;0;0;0;0;0;0
10.03.2020 00:00:00;Bruck an der Leitha;307;102010;0;0;0;0;0;0;0;0
10.03.2020 00:00:00;Gänserndorf;308;103686;0;0;0;0;0;0;0;0
10.03.2020 00:00:00;Gmünd;309;36773;0;0;0;0;0;0;0;0
10.03.2020 00:00:00;Hollabrunn;310;50858;0;2;2;3,932518;0;0;0;0
10.03.2020 00:00:00;Horn;311;31090;0;0;0;0;0;0;0;0
10.03.2020 00:00:00;Korneuburg;312;90889;2;27;24;26,40584;0;0;0;0
10.03.2020 00:00:00;Krems(Land);313;56596;0;0;0;0;0;0;0;0
10.03.2020 00:00:00;Lilienfeld;314;25812;0;0;0;0;0;0;0;0
10.03.2020 00:00:00;Melk;315;77962;0;0;0;0;0;0;0;0
10.03.2020 00:00:00;Mistelbach;316;75483;0;1;1;1,324802;0;0;0;0
10.03.2020 00:00:00;Mödling;317;118998;1;1;1;0,8403503;0;0;0;0
10.03.2020 00:00:00;Neunkirchen;318;86291;0;0;0;0;0;0;0;0
10.03.2020 00:00:00;Sankt Pölten(Land);319;131044;0;0;0;0;0;0;0;0
10.03.2020 00:00:00;Scheibbs;320;41403;0;0;0;0;0;0;0;0
10.03.2020 00:00:00;Tulln;321;103771;1;11;11;10,60026;0;0;0;0
10.03.2020 00:00:00;Waidhofen an der Thaya;322;25888;0;0;0;0;0;0;0;0
10.03.2020 00:00:00;Wiener Neustadt(Land);323;77991;0;0;0;0;0;0;0;0
10.03.2020 00:00:00;Zwettl;325;42222;0;0;0;0;0;0;0;0
10.03.2020 00:00:00;Linz(Stadt);401;205726;2;4;4;1,944334;0;0;0;0
10.03.2020 00:00:00;Steyr(Stadt);402;38193;0;2;2;5,236562;0;0;0;0
10.03.2020 00:00:00;Wels(Stadt);403;61727;2;2;2;3,240073;0;0;0;0
10.03.2020 00:00:00;Braunau am Inn;404;104408;0;0;0;0;0;0;0;0
10.03.2020 00:00:00;Eferding;405;33156;0;0;0;0;0;0;0;0
10.03.2020 00:00:00;Freistadt;406;66621;0;0;0;0;0;0;0;0
10.03.2020 00:00:00;Gmunden;407;101631;0;0;0;0;0;0;0;0
10.03.2020 00:00:00;Grieskirchen;408;64721;1;1;1;1,545094;0;0;0;0
10.03.2020 00:00:00;Kirchdorf an der Krems;409;56866;0;0;0;0;0;0;0;0
10.03.2020 00:00:00;Linz-Land;410;150273;0;2;2;1,330911;0;0;0;2
10.03.2020 00:00:00;Perg;411;68459;3;4;4;5,842913;0;0;1;1
10.03.2020 00:00:00;Ried im Innkreis;412;61204;3;3;3;4,90164;0;0;0;0
10.03.2020 00:00:00;Rohrbach;413;56524;0;0;0;0;0;0;0;1
10.03.2020 00:00:00;Schärding;414;57307;0;0;0;0;0;0;0;0
10.03.2020 00:00:00;Steyr-Land;415;60427;0;0;0;0;0;0;0;0
10.03.2020 00:00:00;Urfahr-Umgebung;416;85505;2;5;5;5,847611;0;0;0;0
10.03.2020 00:00:00;Vöcklabruck;417;136253;1;1;1;0,7339288;0;0;0;0
10.03.2020 00:00:00;Wels-Land;418;73094;2;4;4;5,472405;0;0;0;0
10.03.2020 00:00:00;Salzburg(Stadt);501;154211;0;0;0;0;0;0;0;0
10.03.2020 00:00:00;Hallein;502;60374;0;0;0;0;0;0;0;0
10.03.2020 00:00:00;Salzburg-Umgebung;503;152281;0;2;2;1,313362;0;0;0;0
10.03.2020 00:00:00;Sankt Johann im Pongau;504;80573;0;1;1;1,241111;0;0;0;0
10.03.2020 00:00:00;Tamsweg;505;20320;0;0;0;0;0;0;0;1
10.03.2020 00:00:00;Zell am See;506;87462;1;8;6;6,860122;0;0;2;2
10.03.2020 00:00:00;Graz(Stadt);601;288806;0;2;1;0,3462532;0;0;0;0
10.03.2020 00:00:00;Deutschlandsberg;603;60821;0;0;0;0;0;0;0;0
10.03.2020 00:00:00;Graz-Umgebung;606;154260;0;0;0;0;0;0;0;0
10.03.2020 00:00:00;Leibnitz;610;82484;0;0;0;0;0;0;0;0
10.03.2020 00:00:00;Leoben;611;60060;0;4;4;6,660007;0;0;0;0
10.03.2020 00:00:00;Liezen;612;79901;0;0;0;0;0;0;0;0
10.03.2020 00:00:00;Murau;614;27659;0;0;0;0;0;0;0;0
10.03.2020 00:00:00;Voitsberg;616;51161;0;0;0;0;0;0;0;0
10.03.2020 00:00:00;Weiz;617;90343;0;2;1;1,106893;0;0;0;0
10.03.2020 00:00:00;Murtal;620;72004;1;4;4;5,555247;0;0;0;0
10.03.2020 00:00:00;Bruck-Mürzzuschlag;621;98984;0;1;0;0;0;0;0;0
10.03.2020 00:00:00;Hartberg-Fürstenfeld;622;90622;0;5;5;5,517424;0;0;0;0
10.03.2020 00:00:00;Südoststeiermark;623;85947;0;0;0;0;0;0;0;0
10.03.2020 00:00:00;Innsbruck-Stadt;701;132110;3;10;10;7,56945;0;0;0;2
10.03.2020 00:00:00;Imst;702;60056;1;1;1;1,665113;0;0;0;0
10.03.2020 00:00:00;Innsbruck-Land;703;179318;2;3;3;1,673005;0;0;0;0
10.03.2020 00:00:00;Kitzbühel;704;63881;0;1;1;1,565411;0;0;0;0
10.03.2020 00:00:00;Kufstein;705;109682;0;0;0;0;0;0;0;0
10.03.2020 00:00:00;Landeck;706;44362;6;24;24;54,10036;0;0;0;0
10.03.2020 00:00:00;Lienz;707;48753;0;0;0;0;0;0;0;0
10.03.2020 00:00:00;Reutte;708;32670;0;0;0;0;0;0;0;0
10.03.2020 00:00:00;Schwaz;709;83873;1;1;1;1,192279;0;0;0;0
10.03.2020 00:00:00;Bludenz;801;63714;3;3;3;4,708541;0;0;0;0
10.03.2020 00:00:00;Bregenz;802;134383;6;7;7;5,208992;0;0;0;0
10.03.2020 00:00:00;Dornbirn;803;89041;0;2;2;2,246156;0;0;0;0
10.03.2020 00:00:00;Feldkirch;804;107159;0;0;0;0;0;0;0;0
10.03.2020 00:00:00;Wien;900;1897491;9;45;36;1,897242;0;0;2;2
11.03.2020 00:00:00;Eisenstadt(Stadt);101;14637;0;0;0;0;0;0;0;0
11.03.2020 00:00:00;Rust(Stadt);102;1940;0;0;0;0;0;0;0;0
11.03.2020 00:00:00;Eisenstadt-Umgebung;103;42927;0;0;0;0;0;0;0;0
11.03.2020 00:00:00;Güssing;104;25797;0;0;0;0;0;0;0;0
11.03.2020 00:00:00;Jennersdorf;105;17066;0;0;0;0;0;0;0;0
11.03.2020 00:00:00;Mattersburg;106;39925;0;0;0;0;0;0;0;0
11.03.2020 00:00:00;Neusiedl am See;107;59552;2;6;6;10,07523;0;0;0;0
11.03.2020 00:00:00;Oberpullendorf;108;37513;0;0;0;0;0;0;0;0
11.03.2020 00:00:00;Oberwart;109;54076;0;0;0;0;0;0;0;0
11.03.2020 00:00:00;Klagenfurt Stadt;201;100817;0;0;0;0;0;0;0;0
11.03.2020 00:00:00;Villach Stadt;202;62243;0;0;0;0;0;0;0;0
11.03.2020 00:00:00;Hermagor;203;18224;0;0;0;0;0;0;0;0
11.03.2020 00:00:00;Klagenfurt Land;204;59800;0;0;0;0;0;0;0;0
11.03.2020 00:00:00;Sankt Veit an der Glan;205;54555;0;0;0;0;0;0;0;0
11.03.2020 00:00:00;Spittal an der Drau;206;76091;2;2;2;2,628432;0;0;0;0
11.03.2020 00:00:00;Villach Land;207;64668;0;0;0;0;0;0;0;0
11.03.2020 00:00:00;Völkermarkt;208;41878;0;1;1;2,387889;0;0;0;0
11.03.2020 00:00:00;Wolfsberg;209;52726;0;0;0;0;0;0;0;0
11.03.2020 00:00:00;Feldkirchen;210;29937;0;0;0;0;0;0;0;0
11.03.2020 00:00:00;Krems an der Donau(Stadt);301;24876;0;0;0;0;0;0;0;0
11.03.2020 00:00:00;Sankt Pölten(Stadt);302;55044;0;0;0;0;0;0;0;0
11.03.2020 00:00:00;Waidhofen an der Ybbs(Stadt);303;11261;0;0;0;0;0;0;0;0
11.03.2020 00:00:00;Wiener Neustadt(Stadt);304;45277;0;0;0;0;0;0;0;0
11.03.2020 00:00:00;Amstetten;305;116114;0;2;2;1,722445;0;0;0;0
11.03.2020 00:00:00;Baden;306;146203;0;0;0;0;0;0;0;0
11.03.2020 00:00:00;Bruck an der Leitha;307;102010;0;0;0;0;0;0;0;0
11.03.2020 00:00:00;Gänserndorf;308;103686;0;0;0;0;0;0;0;0
11.03.2020 00:00:00;Gmünd;309;36773;0;0;0;0;0;0;0;0
11.03.2020 00:00:00;Hollabrunn;310;50858;0;2;2;3,932518;0;0;0;0
11.03.2020 00:00:00;Horn;311;31090;0;0;0;0;0;0;0;0
11.03.2020 00:00:00;Korneuburg;312;90889;0;27;22;24,20535;0;0;1;1
11.03.2020 00:00:00;Krems(Land);313;56596;0;0;0;0;0;0;0;0
11.03.2020 00:00:00;Lilienfeld;314;25812;1;1;1;3,874167;0;0;0;0
11.03.2020 00:00:00;Melk;315;77962;0;0;0;0;0;0;0;0
11.03.2020 00:00:00;Mistelbach;316;75483;0;1;1;1,324802;0;0;0;0
11.03.2020 00:00:00;Mödling;317;118998;2;3;3;2,521051;0;0;0;0
11.03.2020 00:00:00;Neunkirchen;318;86291;0;0;0;0;0;0;0;0
11.03.2020 00:00:00;Sankt Pölten(Land);319;131044;3;3;3;2,289307;0;0;0;0
11.03.2020 00:00:00;Scheibbs;320;41403;0;0;0;0;0;0;0;0
11.03.2020 00:00:00;Tulln;321;103771;2;13;13;12,52759;0;0;0;0
11.03.2020 00:00:00;Waidhofen an der Thaya;322;25888;0;0;0;0;0;0;0;0
11.03.2020 00:00:00;Wiener Neustadt(Land);323;77991;0;0;0;0;0;0;0;0
11.03.2020 00:00:00;Zwettl;325;42222;0;0;0;0;0;0;0;0
11.03.2020 00:00:00;Linz(Stadt);401;205726;5;9;9;4,374751;0;0;0;0
11.03.2020 00:00:00;Steyr(Stadt);402;38193;0;2;2;5,236562;0;0;0;0
11.03.2020 00:00:00;Wels(Stadt);403;61727;3;5;5;8,100183;0;0;0;0
11.03.2020 00:00:00;Braunau am Inn;404;104408;0;0;0;0;0;0;0;0
11.03.2020 00:00:00;Eferding;405;33156;0;0;0;0;0;0;0;0
11.03.2020 00:00:00;Freistadt;406;66621;0;0;0;0;0;0;0;0
11.03.2020 00:00:00;Gmunden;407;101631;0;0;0;0;0;0;0;0
11.03.2020 00:00:00;Grieskirchen;408;64721;2;3;3;4,635281;0;0;0;0
11.03.2020 00:00:00;Kirchdorf an der Krems;409;56866;0;0;0;0;0;0;0;0
11.03.2020 00:00:00;Linz-Land;410;150273;2;4;4;2,661822;0;0;0;2
11.03.2020 00:00:00;Perg;411;68459;7;11;11;16,06801;0;0;0;1
11.03.2020 00:00:00;Ried im Innkreis;412;61204;0;3;3;4,90164;0;0;0;0
11.03.2020 00:00:00;Rohrbach;413;56524;0;0;0;0;0;0;0;1
11.03.2020 00:00:00;Schärding;414;57307;1;1;1;1,744987;0;0;0;0
11.03.2020 00:00:00;Steyr-Land;415;60427;0;0;0;0;0;0;0;0
11.03.2020 00:00:00;Urfahr-Umgebung;416;85505;4;9;9;10,5257;0;0;0;0
11.03.2020 00:00:00;Vöcklabruck;417;136253;1;2;2;1,467858;0;0;0;0
11.03.2020 00:00:00;Wels-Land;418;73094;2;6;6;8,208608;0;0;0;0
11.03.2020 00:00:00;Salzburg(Stadt);501;154211;1;1;1;0,6484622;0;0;0;0
11.03.2020 00:00:00;Hallein;502;60374;0;0;0;0;0;0;0;0
11.03.2020 00:00:00;Salzburg-Umgebung;503;152281;0;2;2;1,313362;0;0;0;0
11.03.2020 00:00:00;Sankt Johann im Pongau;504;80573;0;1;1;1,241111;0;0;0;0
11.03.2020 00:00:00;Tamsweg;505;20320;0;0;0;0;0;0;0;1
11.03.2020 00:00:00;Zell am See;506;87462;0;8;6;6,860122;0;0;0;2
11.03.2020 00:00:00;Graz(Stadt);601;288806;4;6;5;1,731266;0;0;0;0
11.03.2020 00:00:00;Deutschlandsberg;603;60821;0;0;0;0;0;0;0;0
11.03.2020 00:00:00;Graz-Umgebung;606;154260;0;0;0;0;0;0;0;0
11.03.2020 00:00:00;Leibnitz;610;82484;0;0;0;0;0;0;0;0
11.03.2020 00:00:00;Leoben;611;60060;0;4;4;6,660007;0;0;0;0
11.03.2020 00:00:00;Liezen;612;79901;0;0;0;0;0;0;0;0
11.03.2020 00:00:00;Murau;614;27659;0;0;0;0;0;0;0;0
11.03.2020 00:00:00;Voitsberg;616;51161;0;0;0;0;0;0;0;0
11.03.2020 00:00:00;Weiz;617;90343;0;2;1;1,106893;0;0;0;0
11.03.2020 00:00:00;Murtal;620;72004;2;6;6;8,33287;0;0;0;0
11.03.2020 00:00:00;Bruck-Mürzzuschlag;621;98984;0;1;0;0;0;0;0;0
11.03.2020 00:00:00;Hartberg-Fürstenfeld;622;90622;3;8;8;8,827878;0;0;0;0
11.03.2020 00:00:00;Südoststeiermark;623;85947;0;0;0;0;0;0;0;0
11.03.2020 00:00:00;Innsbruck-Stadt;701;132110;14;24;24;18,16668;0;0;0;2
11.03.2020 00:00:00;Imst;702;60056;1;2;2;3,330225;0;0;0;0
11.03.2020 00:00:00;Innsbruck-Land;703;179318;7;10;10;5,576685;0;0;0;0
11.03.2020 00:00:00;Kitzbühel;704;63881;0;1;1;1,565411;0;0;0;0
11.03.2020 00:00:00;Kufstein;705;109682;0;0;0;0;0;0;0;0
11.03.2020 00:00:00;Landeck;706;44362;15;39;39;87,91308;0;0;0;0
11.03.2020 00:00:00;Lienz;707;48753;0;0;0;0;0;0;0;0
11.03.2020 00:00:00;Reutte;708;32670;0;0;0;0;0;0;0;0
11.03.2020 00:00:00;Schwaz;709;83873;0;1;1;1,192279;0;0;0;0
11.03.2020 00:00:00;Bludenz;801;63714;0;3;3;4,708541;0;0;0;0
11.03.2020 00:00:00;Bregenz;802;134383;1;8;8;5,953134;0;0;0;0
11.03.2020 00:00:00;Dornbirn;803;89041;2;4;4;4,492312;0;0;0;0
11.03.2020 00:00:00;Feldkirch;804;107159;0;0;0;0;0;0;0;0
11.03.2020 00:00:00;Wien;900;1897491;19;64;51;2,68776;0;0;1;3
12.03.2020 00:00:00;Eisenstadt(Stadt);101;14637;0;0;0;0;0;0;0;0
12.03.2020 00:00:00;Rust(Stadt);102;1940;0;0;0;0;0;0;0;0
12.03.2020 00:00:00;Eisenstadt-Umgebung;103;42927;0;0;0;0;0;0;0;0
12.03.2020 00:00:00;Güssing;104;25797;0;0;0;0;0;0;0;0
12.03.2020 00:00:00;Jennersdorf;105;17066;0;0;0;0;0;0;0;0
12.03.2020 00:00:00;Mattersburg;106;39925;0;0;0;0;0;0;0;0
12.03.2020 00:00:00;Neusiedl am See;107;59552;0;6;6;10,07523;0;0;0;0
12.03.2020 00:00:00;Oberpullendorf;108;37513;0;0;0;0;0;0;0;0
12.03.2020 00:00:00;Oberwart;109;54076;0;0;0;0;0;0;0;0
12.03.2020 00:00:00;Klagenfurt Stadt;201;100817;1;1;1;0,9918962;0;0;0;0
12.03.2020 00:00:00;Villach Stadt;202;62243;0;0;0;0;0;0;0;0
12.03.2020 00:00:00;Hermagor;203;18224;0;0;0;0;0;0;0;0
12.03.2020 00:00:00;Klagenfurt Land;204;59800;0;0;0;0;0;0;0;0
12.03.2020 00:00:00;Sankt Veit an der Glan;205;54555;0;0;0;0;0;0;0;0
12.03.2020 00:00:00;Spittal an der Drau;206;76091;0;2;2;2,628432;0;0;0;0
12.03.2020 00:00:00;Villach Land;207;64668;0;0;0;0;0;0;0;0
12.03.2020 00:00:00;Völkermarkt;208;41878;0;1;1;2,387889;0;0;0;0
12.03.2020 00:00:00;Wolfsberg;209;52726;0;0;0;0;0;0;0;0
12.03.2020 00:00:00;Feldkirchen;210;29937;0;0;0;0;0;0;0;0
12.03.2020 00:00:00;Krems an der Donau(Stadt);301;24876;0;0;0;0;0;0;0;0
12.03.2020 00:00:00;Sankt Pölten(Stadt);302;55044;0;0;0;0;0;0;0;0
12.03.2020 00:00:00;Waidhofen an der Ybbs(Stadt);303;11261;0;0;0;0;0;0;0;0
12.03.2020 00:00:00;Wiener Neustadt(Stadt);304;45277;0;0;0;0;0;0;0;0
12.03.2020 00:00:00;Amstetten;305;116114;1;3;3;2,583668;0;0;0;0
12.03.2020 00:00:00;Baden;306;146203;0;0;0;0;0;0;0;0
12.03.2020 00:00:00;Bruck an der Leitha;307;102010;0;0;0;0;0;0;0;0
12.03.2020 00:00:00;Gänserndorf;308;103686;0;0;0;0;0;0;0;0
12.03.2020 00:00:00;Gmünd;309;36773;0;0;0;0;0;0;0;0
12.03.2020 00:00:00;Hollabrunn;310;50858;0;2;2;3,932518;0;0;0;0
12.03.2020 00:00:00;Horn;311;31090;0;0;0;0;0;0;0;0
12.03.2020 00:00:00;Korneuburg;312;90889;1;28;16;17,60389;0;0;0;1
12.03.2020 00:00:00;Krems(Land);313;56596;0;0;0;0;0;0;0;0
12.03.2020 00:00:00;Lilienfeld;314;25812;0;1;1;3,874167;0;0;0;0
12.03.2020 00:00:00;Melk;315;77962;0;0;0;0;0;0;0;0
12.03.2020 00:00:00;Mistelbach;316;75483;0;1;1;1,324802;0;0;0;0
12.03.2020 00:00:00;Mödling;317;118998;1;4;4;3,361401;0;0;0;0
12.03.2020 00:00:00;Neunkirchen;318;86291;1;1;1;1,158869;0;0;0;0
12.03.2020 00:00:00;Sankt Pölten(Land);319;131044;0;3;3;2,289307;0;0;0;0
12.03.2020 00:00:00;Scheibbs;320;41403;0;0;0;0;0;0;0;0
12.03.2020 00:00:00;Tulln;321;103771;0;13;13;12,52759;0;0;0;0
12.03.2020 00:00:00;Waidhofen an der Thaya;322;25888;0;0;0;0;0;0;0;0
12.03.2020 00:00:00;Wiener Neustadt(Land);323;77991;0;0;0;0;0;0;0;0
12.03.2020 00:00:00;Zwettl;325;42222;0;0;0;0;0;0;0;0
12.03.2020 00:00:00;Linz(Stadt);401;205726;5;14;14;6,805168;0;0;0;0
12.03.2020 00:00:00;Steyr(Stadt);402;38193;0;2;2;5,236562;0;0;0;0
12.03.2020 00:00:00;Wels(Stadt);403;61727;1;6;6;9,72022;0;0;0;0
12.03.2020 00:00:00;Braunau am Inn;404;104408;0;0;0;0;0;0;0;0
12.03.2020 00:00:00;Eferding;405;33156;0;0;0;0;0;0;0;0
12.03.2020 00:00:00;Freistadt;406;66621;1;1;1;1,501028;0;0;0;0
12.03.2020 00:00:00;Gmunden;407;101631;1;1;1;0,9839517;0;0;0;0
12.03.2020 00:00:00;Grieskirchen;408;64721;0;3;3;4,635281;0;0;0;0
12.03.2020 00:00:00;Kirchdorf an der Krems;409;56866;0;0;0;0;0;0;0;0
12.03.2020 00:00:00;Linz-Land;410;150273;4;8;8;5,323644;0;0;0;2
12.03.2020 00:00:00;Perg;411;68459;2;13;13;18,98947;0;0;0;1
12.03.2020 00:00:00;Ried im Innkreis;412;61204;1;4;4;6,535521;0;0;0;0
12.03.2020 00:00:00;Rohrbach;413;56524;0;0;0;0;0;0;0;1
12.03.2020 00:00:00;Schärding;414;57307;0;1;1;1,744987;0;0;0;0
12.03.2020 00:00:00;Steyr-Land;415;60427;0;0;0;0;0;0;0;0
12.03.2020 00:00:00;Urfahr-Umgebung;416;85505;0;9;9;10,5257;0;0;0;0
12.03.2020 00:00:00;Vöcklabruck;417;136253;1;3;3;2,201786;0;0;0;0
12.03.2020 00:00:00;Wels-Land;418;73094;0;6;6;8,208608;0;0;0;0
12.03.2020 00:00:00;Salzburg(Stadt);501;154211;5;6;6;3,890773;0;0;1;1
12.03.2020 00:00:00;Hallein;502;60374;0;0;0;0;0;0;0;0
12.03.2020 00:00:00;Salzburg-Umgebung;503;152281;0;2;2;1,313362;0;0;0;0
12.03.2020 00:00:00;Sankt Johann im Pongau;504;80573;0;1;0;0;0;0;0;0
12.03.2020 00:00:00;Tamsweg;505;20320;0;0;0;0;0;0;0;1
12.03.2020 00:00:00;Zell am See;506;87462;3;11;9;10,29018;0;0;0;2
12.03.2020 00:00:00;Graz(Stadt);601;288806;5;11;10;3,462532;0;0;0;0
12.03.2020 00:00:00;Deutschlandsberg;603;60821;0;0;0;0;0;0;0;0
12.03.2020 00:00:00;Graz-Umgebung;606;154260;2;2;2;1,296512;0;0;0;0
12.03.2020 00:00:00;Leibnitz;610;82484;0;0;0;0;0;0;0;0
12.03.2020 00:00:00;Leoben;611;60060;0;4;4;6,660007;0;0;0;0
12.03.2020 00:00:00;Liezen;612;79901;0;0;0;0;0;0;0;0
12.03.2020 00:00:00;Murau;614;27659;0;0;0;0;0;0;0;0
12.03.2020 00:00:00;Voitsberg;616;51161;1;1;1;1,954614;0;0;0;0
12.03.2020 00:00:00;Weiz;617;90343;0;2;0;0;0;0;0;0
12.03.2020 00:00:00;Murtal;620;72004;0;6;6;8,33287;0;0;0;0
12.03.2020 00:00:00;Bruck-Mürzzuschlag;621;98984;0;1;0;0;0;0;0;0
12.03.2020 00:00:00;Hartberg-Fürstenfeld;622;90622;2;10;10;11,03485;0;0;0;0
12.03.2020 00:00:00;Südoststeiermark;623;85947;1;1;1;1,163508;0;0;0;0
12.03.2020 00:00:00;Innsbruck-Stadt;701;132110;9;33;31;23,46529;0;0;0;2
12.03.2020 00:00:00;Imst;702;60056;1;3;3;4,995337;0;0;0;0
12.03.2020 00:00:00;Innsbruck-Land;703;179318;14;24;24;13,38404;0;0;0;0
12.03.2020 00:00:00;Kitzbühel;704;63881;1;2;2;3,130821;0;0;0;0
12.03.2020 00:00:00;Kufstein;705;109682;0;0;0;0;0;0;0;0
12.03.2020 00:00:00;Landeck;706;44362;30;69;69;155,5385;0;0;0;0
12.03.2020 00:00:00;Lienz;707;48753;0;0;0;0;0;0;0;0
12.03.2020 00:00:00;Reutte;708;32670;0;0;0;0;0;0;0;0
12.03.2020 00:00:00;Schwaz;709;83873;0;1;1;1,192279;0;0;0;0
12.03.2020 00:00:00;Bludenz;801;63714;0;3;3;4,708541;0;0;0;0
12.03.2020 00:00:00;Bregenz;802;134383;1;9;9;6,697276;0;0;0;0
12.03.2020 00:00:00;Dornbirn;803;89041;1;5;5;5,615391;0;0;0;0
12.03.2020 00:00:00;Feldkirch;804;107159;0;0;0;0;0;0;0;0
12.03.2020 00:00:00;Wien;900;1897491;1;65;49;2,582357;1;1;3;6
13.03.2020 00:00:00;Eisenstadt(Stadt);101;14637;0;0;0;0;0;0;0;0
13.03.2020 00:00:00;Rust(Stadt);102;1940;0;0;0;0;0;0;0;0
13.03.2020 00:00:00;Eisenstadt-Umgebung;103;42927;0;0;0;0;0;0;0;0
13.03.2020 00:00:00;Güssing;104;25797;0;0;0;0;0;0;0;0
13.03.2020 00:00:00;Jennersdorf;105;17066;1;1;1;5,859604;0;0;0;0
13.03.2020 00:00:00;Mattersburg;106;39925;0;0;0;0;0;0;0;0
13.03.2020 00:00:00;Neusiedl am See;107;59552;0;6;6;10,07523;0;0;0;0
13.03.2020 00:00:00;Oberpullendorf;108;37513;0;0;0;0;0;0;0;0
13.03.2020 00:00:00;Oberwart;109;54076;2;2;2;3,698498;0;0;0;0
13.03.2020 00:00:00;Klagenfurt Stadt;201;100817;0;1;1;0,9918962;0;0;0;0
13.03.2020 00:00:00;Villach Stadt;202;62243;0;0;0;0;0;0;0;0
13.03.2020 00:00:00;Hermagor;203;18224;0;0;0;0;0;0;0;0
13.03.2020 00:00:00;Klagenfurt Land;204;59800;0;0;0;0;0;0;0;0
13.03.2020 00:00:00;Sankt Veit an der Glan;205;54555;0;0;0;0;0;0;0;0
13.03.2020 00:00:00;Spittal an der Drau;206;76091;0;2;2;2,628432;0;0;0;0
13.03.2020 00:00:00;Villach Land;207;64668;0;0;0;0;0;0;0;0
13.03.2020 00:00:00;Völkermarkt;208;41878;0;1;0;0;0;0;0;0
13.03.2020 00:00:00;Wolfsberg;209;52726;0;0;0;0;0;0;0;0
13.03.2020 00:00:00;Feldkirchen;210;29937;0;0;0;0;0;0;0;0
13.03.2020 00:00:00;Krems an der Donau(Stadt);301;24876;0;0;0;0;0;0;0;0
13.03.2020 00:00:00;Sankt Pölten(Stadt);302;55044;0;0;0;0;0;0;0;0
13.03.2020 00:00:00;Waidhofen an der Ybbs(Stadt);303;11261;0;0;0;0;0;0;0;0
13.03.2020 00:00:00;Wiener Neustadt(Stadt);304;45277;0;0;0;0;0;0;0;0
13.03.2020 00:00:00;Amstetten;305;116114;5;8;8;6,889781;0;0;0;0
13.03.2020 00:00:00;Baden;306;146203;1;1;1;0,6839805;0;0;0;0
13.03.2020 00:00:00;Bruck an der Leitha;307;102010;2;2;2;1,960592;0;0;0;0
13.03.2020 00:00:00;Gänserndorf;308;103686;0;0;0;0;0;0;0;0
13.03.2020 00:00:00;Gmünd;309;36773;0;0;0;0;0;0;0;0
13.03.2020 00:00:00;Hollabrunn;310;50858;0;2;2;3,932518;0;0;0;0
13.03.2020 00:00:00;Horn;311;31090;0;0;0;0;0;0;0;0
13.03.2020 00:00:00;Korneuburg;312;90889;2;30;15;16,50365;0;0;0;1
13.03.2020 00:00:00;Krems(Land);313;56596;0;0;0;0;0;0;0;0
13.03.2020 00:00:00;Lilienfeld;314;25812;1;2;2;7,748334;0;0;0;0
13.03.2020 00:00:00;Melk;315;77962;0;0;0;0;0;0;0;0
13.03.2020 00:00:00;Mistelbach;316;75483;3;4;4;5,299206;0;0;0;0
13.03.2020 00:00:00;Mödling;317;118998;1;5;5;4,201751;0;0;0;0
13.03.2020 00:00:00;Neunkirchen;318;86291;0;1;1;1,158869;0;0;0;0
13.03.2020 00:00:00;Sankt Pölten(Land);319;131044;2;5;5;3,815512;0;0;0;0
13.03.2020 00:00:00;Scheibbs;320;41403;0;0;0;0;0;0;0;0
13.03.2020 00:00:00;Tulln;321;103771;7;20;20;19,27321;0;0;0;0
13.03.2020 00:00:00;Waidhofen an der Thaya;322;25888;0;0;0;0;0;0;0;0
13.03.2020 00:00:00;Wiener Neustadt(Land);323;77991;0;0;0;0;0;0;0;0
13.03.2020 00:00:00;Zwettl;325;42222;0;0;0;0;0;0;0;0
13.03.2020 00:00:00;Linz(Stadt);401;205726;8;22;22;10,69384;0;0;0;0
13.03.2020 00:00:00;Steyr(Stadt);402;38193;0;2;2;5,236562;0;0;0;0
13.03.2020 00:00:00;Wels(Stadt);403;61727;2;8;8;12,96029;0;0;0;0
13.03.2020 00:00:00;Braunau am Inn;404;104408;0;0;0;0;0;0;0;0
13.03.2020 00:00:00;Eferding;405;33156;0;0;0;0;0;0;0;0
13.03.2020 00:00:00;Freistadt;406;66621;2;3;3;4,503085;0;0;0;0
13.03.2020 00:00:00;Gmunden;407;101631;3;4;4;3,935807;0;0;0;0
13.03.2020 00:00:00;Grieskirchen;408;64721;0;3;3;4,635281;0;0;0;0
13.03.2020 00:00:00;Kirchdorf an der Krems;409;56866;0;0;0;0;0;0;0;0
13.03.2020 00:00:00;Linz-Land;410;150273;4;12;12;7,985466;0;0;0;2
13.03.2020 00:00:00;Perg;411;68459;3;16;16;23,37165;0;0;0;1
13.03.2020 00:00:00;Ried im Innkreis;412;61204;2;6;6;9,803281;0;0;0;0
13.03.2020 00:00:00;Rohrbach;413;56524;1;1;1;1,76916;0;0;0;1
13.03.2020 00:00:00;Schärding;414;57307;0;1;1;1,744987;0;0;0;0
13.03.2020 00:00:00;Steyr-Land;415;60427;0;0;0;0;0;0;0;0
13.03.2020 00:00:00;Urfahr-Umgebung;416;85505;4;13;13;15,20379;0;0;0;0
13.03.2020 00:00:00;Vöcklabruck;417;136253;1;4;4;2,935715;0;0;0;0
13.03.2020 00:00:00;Wels-Land;418;73094;1;7;7;9,57671;0;0;0;0
13.03.2020 00:00:00;Salzburg(Stadt);501;154211;0;6;6;3,890773;0;0;0;1
13.03.2020 00:00:00;Hallein;502;60374;0;0;0;0;0;0;0;0
13.03.2020 00:00:00;Salzburg-Umgebung;503;152281;1;3;3;1,970042;0;0;0;0
13.03.2020 00:00:00;Sankt Johann im Pongau;504;80573;0;1;0;0;0;0;0;0
13.03.2020 00:00:00;Tamsweg;505;20320;1;1;1;4,92126;0;0;0;1
13.03.2020 00:00:00;Zell am See;506;87462;0;11;8;9,14683;0;0;0;2
13.03.2020 00:00:00;Graz(Stadt);601;288806;6;17;16;5,540051;0;0;0;0
13.03.2020 00:00:00;Deutschlandsberg;603;60821;0;0;0;0;0;0;0;0
13.03.2020 00:00:00;Graz-Umgebung;606;154260;2;4;4;2,593025;0;0;0;0
13.03.2020 00:00:00;Leibnitz;610;82484;3;3;3;3,637069;0;0;0;0
13.03.2020 00:00:00;Leoben;611;60060;1;5;5;8,325008;0;0;0;0
13.03.2020 00:00:00;Liezen;612;79901;1;1;1;1,251549;0;0;0;0
13.03.2020 00:00:00;Murau;614;27659;0;0;0;0;0;0;0;0
13.03.2020 00:00:00;Voitsberg;616;51161;1;2;2;3,909228;0;0;0;0
13.03.2020 00:00:00;Weiz;617;90343;4;6;4;4,42757;0;0;0;0
13.03.2020 00:00:00;Murtal;620;72004;2;8;8;11,11049;0;0;0;0
13.03.2020 00:00:00;Bruck-Mürzzuschlag;621;98984;0;1;0;0;0;0;0;0
13.03.2020 00:00:00;Hartberg-Fürstenfeld;622;90622;3;13;13;14,3453;0;0;0;0
13.03.2020 00:00:00;Südoststeiermark;623;85947;1;2;2;2,327015;0;0;0;0
13.03.2020 00:00:00;Innsbruck-Stadt;701;132110;17;50;48;36,33336;0;0;0;2
13.03.2020 00:00:00;Imst;702;60056;2;5;5;8,325562;0;0;0;0
13.03.2020 00:00:00;Innsbruck-Land;703;179318;7;31;31;17,28772;0;0;0;0
13.03.2020 00:00:00;Kitzbühel;704;63881;0;2;1;1,565411;0;0;0;0
13.03.2020 00:00:00;Kufstein;705;109682;1;1;1;0,9117267;0;0;0;0
13.03.2020 00:00:00;Landeck;706;44362;40;109;108;243,4516;0;0;0;0
13.03.2020 00:00:00;Lienz;707;48753;0;0;0;0;0;0;0;0
13.03.2020 00:00:00;Reutte;708;32670;1;1;1;3,060912;0;0;0;0
13.03.2020 00:00:00;Schwaz;709;83873;4;5;5;5,961394;0;0;0;0
13.03.2020 00:00:00;Bludenz;801;63714;0;3;3;4,708541;0;0;0;0
13.03.2020 00:00:00;Bregenz;802;134383;7;16;15;11,16213;0;0;0;0
13.03.2020 00:00:00;Dornbirn;803;89041;0;5;5;5,615391;0;0;0;0
13.03.2020 00:00:00;Feldkirch;804;107159;2;2;2;1,866385;0;0;0;0
13.03.2020 00:00:00;Wien;900;1897491;16;81;64;3,372875;0;1;0;6
14.03.2020 00:00:00;Eisenstadt(Stadt);101;14637;0;0;0;0;0;0;0;0
14.03.2020 00:00:00;Rust(Stadt);102;1940;0;0;0;0;0;0;0;0
14.03.2020 00:00:00;Eisenstadt-Umgebung;103;42927;0;0;0;0;0;0;0;0
14.03.2020 00:00:00;Güssing;104;25797;0;0;0;0;0;0;0;0
14.03.2020 00:00:00;Jennersdorf;105;17066;0;1;1;5,859604;0;0;0;0
14.03.2020 00:00:00;Mattersburg;106;39925;0;0;0;0;0;0;0;0
14.03.2020 00:00:00;Neusiedl am See;107;59552;0;6;2;3,358409;0;0;0;0
14.03.2020 00:00:00;Oberpullendorf;108;37513;0;0;0;0;0;0;0;0
14.03.2020 00:00:00;Oberwart;109;54076;0;2;2;3,698498;0;0;0;0
14.03.2020 00:00:00;Klagenfurt Stadt;201;100817;0;1;1;0,9918962;0;0;0;0
14.03.2020 00:00:00;Villach Stadt;202;62243;0;0;0;0;0;0;0;0
14.03.2020 00:00:00;Hermagor;203;18224;0;0;0;0;0;0;0;0
14.03.2020 00:00:00;Klagenfurt Land;204;59800;1;1;1;1,672241;0;0;0;0
14.03.2020 00:00:00;Sankt Veit an der Glan;205;54555;0;0;0;0;0;0;0;0
14.03.2020 00:00:00;Spittal an der Drau;206;76091;0;2;2;2,628432;0;0;0;0
14.03.2020 00:00:00;Villach Land;207;64668;0;0;0;0;0;0;0;0
14.03.2020 00:00:00;Völkermarkt;208;41878;0;1;0;0;0;0;0;0
14.03.2020 00:00:00;Wolfsberg;209;52726;0;0;0;0;0;0;0;0
14.03.2020 00:00:00;Feldkirchen;210;29937;0;0;0;0;0;0;0;0
14.03.2020 00:00:00;Krems an der Donau(Stadt);301;24876;0;0;0;0;0;0;0;0
14.03.2020 00:00:00;Sankt Pölten(Stadt);302;55044;1;1;1;1,816728;0;0;0;0
14.03.2020 00:00:00;Waidhofen an der Ybbs(Stadt);303;11261;0;0;0;0;0;0;0;0
14.03.2020 00:00:00;Wiener Neustadt(Stadt);304;45277;0;0;0;0;0;0;0;0
14.03.2020 00:00:00;Amstetten;305;116114;12;20;20;17,22445;0;0;0;0
14.03.2020 00:00:00;Baden;306;146203;0;1;1;0,6839805;0;0;0;0
14.03.2020 00:00:00;Bruck an der Leitha;307;102010;0;2;2;1,960592;0;0;0;0
14.03.2020 00:00:00;Gänserndorf;308;103686;0;0;0;0;0;0;0;0
14.03.2020 00:00:00;Gmünd;309;36773;0;0;0;0;0;0;0;0
14.03.2020 00:00:00;Hollabrunn;310;50858;0;2;2;3,932518;0;0;0;0
14.03.2020 00:00:00;Horn;311;31090;0;0;0;0;0;0;0;0
14.03.2020 00:00:00;Korneuburg;312;90889;4;34;14;15,4034;0;0;0;1
14.03.2020 00:00:00;Krems(Land);313;56596;1;1;1;1,766909;0;0;0;0
14.03.2020 00:00:00;Lilienfeld;314;25812;0;2;2;7,748334;0;0;0;0
14.03.2020 00:00:00;Melk;315;77962;1;1;1;1,282676;0;0;0;0
14.03.2020 00:00:00;Mistelbach;316;75483;0;4;3;3,974405;0;0;0;0
14.03.2020 00:00:00;Mödling;317;118998;3;8;8;6,722802;0;0;0;0
14.03.2020 00:00:00;Neunkirchen;318;86291;0;1;1;1,158869;0;0;0;0
14.03.2020 00:00:00;Sankt Pölten(Land);319;131044;4;9;9;6,867922;0;0;0;0
14.03.2020 00:00:00;Scheibbs;320;41403;0;0;0;0;0;0;0;0
14.03.2020 00:00:00;Tulln;321;103771;5;25;23;22,16419;0;0;0;0
14.03.2020 00:00:00;Waidhofen an der Thaya;322;25888;0;0;0;0;0;0;0;0
14.03.2020 00:00:00;Wiener Neustadt(Land);323;77991;0;0;0;0;0;0;0;0
14.03.2020 00:00:00;Zwettl;325;42222;0;0;0;0;0;0;0;0
14.03.2020 00:00:00;Linz(Stadt);401;205726;10;32;32;15,55467;0;0;0;0
14.03.2020 00:00:00;Steyr(Stadt);402;38193;0;2;2;5,236562;0;0;0;0
14.03.2020 00:00:00;Wels(Stadt);403;61727;2;10;10;16,20037;0;0;0;0
14.03.2020 00:00:00;Braunau am Inn;404;104408;1;1;1;0,957781;0;0;0;0
14.03.2020 00:00:00;Eferding;405;33156;0;0;0;0;0;0;0;0
14.03.2020 00:00:00;Freistadt;406;66621;2;5;5;7,505141;0;0;0;0
14.03.2020 00:00:00;Gmunden;407;101631;2;6;6;5,90371;0;0;0;0
14.03.2020 00:00:00;Grieskirchen;408;64721;3;6;6;9,270561;0;0;0;0
14.03.2020 00:00:00;Kirchdorf an der Krems;409;56866;1;1;1;1,75852;0;0;0;0
14.03.2020 00:00:00;Linz-Land;410;150273;1;13;13;8,650922;0;0;0;2
14.03.2020 00:00:00;Perg;411;68459;3;19;19;27,75384;0;0;0;1
14.03.2020 00:00:00;Ried im Innkreis;412;61204;2;8;8;13,07104;0;0;0;0
14.03.2020 00:00:00;Rohrbach;413;56524;3;4;4;7,07664;0;0;0;1
14.03.2020 00:00:00;Schärding;414;57307;1;2;2;3,489975;0;0;0;0
14.03.2020 00:00:00;Steyr-Land;415;60427;2;2;2;3,309779;0;0;0;0
14.03.2020 00:00:00;Urfahr-Umgebung;416;85505;14;27;26;30,40758;0;0;0;0
14.03.2020 00:00:00;Vöcklabruck;417;136253;1;5;5;3,669644;0;0;1;1
14.03.2020 00:00:00;Wels-Land;418;73094;4;11;11;15,04912;0;0;0;0
14.03.2020 00:00:00;Salzburg(Stadt);501;154211;7;13;13;8,430008;0;0;0;1
14.03.2020 00:00:00;Hallein;502;60374;1;1;1;1,656342;0;0;0;0
14.03.2020 00:00:00;Salzburg-Umgebung;503;152281;4;7;6;3,940084;0;0;0;0
14.03.2020 00:00:00;Sankt Johann im Pongau;504;80573;2;3;2;2,482221;0;0;0;0
14.03.2020 00:00:00;Tamsweg;505;20320;0;1;1;4,92126;0;0;0;1
14.03.2020 00:00:00;Zell am See;506;87462;3;14;11;12,57689;0;0;0;2
14.03.2020 00:00:00;Graz(Stadt);601;288806;6;23;21;7,271317;0;0;0;0
14.03.2020 00:00:00;Deutschlandsberg;603;60821;0;0;0;0;0;0;0;0
14.03.2020 00:00:00;Graz-Umgebung;606;154260;6;10;10;6,482562;0;0;0;0
14.03.2020 00:00:00;Leibnitz;610;82484;2;5;5;6,061782;0;0;0;0
14.03.2020 00:00:00;Leoben;611;60060;0;5;5;8,325008;0;0;0;0
14.03.2020 00:00:00;Liezen;612;79901;0;1;1;1,251549;0;0;0;0
14.03.2020 00:00:00;Murau;614;27659;0;0;0;0;0;0;0;0
14.03.2020 00:00:00;Voitsberg;616;51161;0;2;2;3,909228;0;0;0;0
14.03.2020 00:00:00;Weiz;617;90343;0;6;4;4,42757;0;0;0;0
14.03.2020 00:00:00;Murtal;620;72004;1;9;8;11,11049;0;0;0;0
14.03.2020 00:00:00;Bruck-Mürzzuschlag;621;98984;3;4;3;3,030793;0;0;0;0
14.03.2020 00:00:00;Hartberg-Fürstenfeld;622;90622;2;15;15;16,55227;0;0;0;0
14.03.2020 00:00:00;Südoststeiermark;623;85947;0;2;2;2,327015;0;0;0;0
14.03.2020 00:00:00;Innsbruck-Stadt;701;132110;6;56;52;39,36114;0;0;0;2
14.03.2020 00:00:00;Imst;702;60056;3;8;8;13,3209;0;0;0;0
14.03.2020 00:00:00;Innsbruck-Land;703;179318;3;34;33;18,40306;0;0;0;0
14.03.2020 00:00:00;Kitzbühel;704;63881;4;6;5;7,827054;0;0;0;0
14.03.2020 00:00:00;Kufstein;705;109682;2;3;3;2,73518;0;0;0;0
14.03.2020 00:00:00;Landeck;706;44362;29;138;137;308,8229;0;0;0;0
14.03.2020 00:00:00;Lienz;707;48753;5;5;5;10,25578;0;0;0;0
14.03.2020 00:00:00;Reutte;708;32670;0;1;1;3,060912;0;0;0;0
14.03.2020 00:00:00;Schwaz;709;83873;0;5;5;5,961394;0;0;0;0
14.03.2020 00:00:00;Bludenz;801;63714;2;5;5;7,847569;0;0;0;0
14.03.2020 00:00:00;Bregenz;802;134383;3;19;18;13,39455;0;0;0;0
14.03.2020 00:00:00;Dornbirn;803;89041;4;9;9;10,1077;0;0;0;0
14.03.2020 00:00:00;Feldkirch;804;107159;13;15;15;13,99789;0;0;0;0
14.03.2020 00:00:00;Wien;900;1897491;16;97;70;3,689082;1;2;1;7
15.03.2020 00:00:00;Eisenstadt(Stadt);101;14637;0;0;0;0;0;0;0;0
15.03.2020 00:00:00;Rust(Stadt);102;1940;0;0;0;0;0;0;0;0
15.03.2020 00:00:00;Eisenstadt-Umgebung;103;42927;0;0;0;0;0;0;0;0
15.03.2020 00:00:00;Güssing;104;25797;0;0;0;0;0;0;0;0
15.03.2020 00:00:00;Jennersdorf;105;17066;0;1;1;5,859604;0;0;0;0
15.03.2020 00:00:00;Mattersburg;106;39925;0;0;0;0;0;0;0;0
15.03.2020 00:00:00;Neusiedl am See;107;59552;0;6;2;3,358409;0;0;0;0
15.03.2020 00:00:00;Oberpullendorf;108;37513;0;0;0;0;0;0;0;0
15.03.2020 00:00:00;Oberwart;109;54076;0;2;2;3,698498;0;0;0;0
15.03.2020 00:00:00;Klagenfurt Stadt;201;100817;2;3;3;2,975689;0;0;0;0
15.03.2020 00:00:00;Villach Stadt;202;62243;0;0;0;0;0;0;0;0
15.03.2020 00:00:00;Hermagor;203;18224;0;0;0;0;0;0;0;0
15.03.2020 00:00:00;Klagenfurt Land;204;59800;0;1;1;1,672241;0;0;0;0
15.03.2020 00:00:00;Sankt Veit an der Glan;205;54555;0;0;0;0;0;0;0;0
15.03.2020 00:00:00;Spittal an der Drau;206;76091;0;2;2;2,628432;0;0;0;0
15.03.2020 00:00:00;Villach Land;207;64668;0;0;0;0;0;0;0;0
15.03.2020 00:00:00;Völkermarkt;208;41878;0;1;0;0;0;0;0;0
15.03.2020 00:00:00;Wolfsberg;209;52726;0;0;0;0;0;0;0;0
15.03.2020 00:00:00;Feldkirchen;210;29937;0;0;0;0;0;0;0;0
15.03.2020 00:00:00;Krems an der Donau(Stadt);301;24876;0;0;0;0;0;0;0;0
15.03.2020 00:00:00;Sankt Pölten(Stadt);302;55044;0;1;1;1,816728;0;0;0;0
15.03.2020 00:00:00;Waidhofen an der Ybbs(Stadt);303;11261;0;0;0;0;0;0;0;0
15.03.2020 00:00:00;Wiener Neustadt(Stadt);304;45277;1;1;1;2,208627;0;0;0;0
15.03.2020 00:00:00;Amstetten;305;116114;9;29;29;24,97545;0;0;0;0
15.03.2020 00:00:00;Baden;306;146203;4;5;5;3,419903;0;0;0;0
15.03.2020 00:00:00;Bruck an der Leitha;307;102010;2;4;4;3,921184;0;0;0;0
15.03.2020 00:00:00;Gänserndorf;308;103686;2;2;2;1,928901;0;0;0;0
15.03.2020 00:00:00;Gmünd;309;36773;0;0;0;0;0;0;0;0
15.03.2020 00:00:00;Hollabrunn;310;50858;0;2;1;1,966259;0;0;0;0
15.03.2020 00:00:00;Horn;311;31090;0;0;0;0;0;0;0;0
15.03.2020 00:00:00;Korneuburg;312;90889;6;40;16;17,60389;0;0;1;2
15.03.2020 00:00:00;Krems(Land);313;56596;1;2;2;3,533819;0;0;0;0
15.03.2020 00:00:00;Lilienfeld;314;25812;0;2;2;7,748334;0;0;0;0
15.03.2020 00:00:00;Melk;315;77962;1;2;2;2,565352;0;0;0;0
15.03.2020 00:00:00;Mistelbach;316;75483;2;6;5;6,624008;0;0;0;0
15.03.2020 00:00:00;Mödling;317;118998;9;17;17;14,28595;0;0;0;0
15.03.2020 00:00:00;Neunkirchen;318;86291;1;2;2;2,317739;0;0;0;0
15.03.2020 00:00:00;Sankt Pölten(Land);319;131044;4;13;13;9,920332;0;0;0;0
15.03.2020 00:00:00;Scheibbs;320;41403;0;0;0;0;0;0;0;0
15.03.2020 00:00:00;Tulln;321;103771;1;26;22;21,20053;0;0;0;0
15.03.2020 00:00:00;Waidhofen an der Thaya;322;25888;0;0;0;0;0;0;0;0
15.03.2020 00:00:00;Wiener Neustadt(Land);323;77991;0;0;0;0;0;0;0;0
15.03.2020 00:00:00;Zwettl;325;42222;0;0;0;0;0;0;0;0
15.03.2020 00:00:00;Linz(Stadt);401;205726;6;38;37;17,98509;0;0;0;0
15.03.2020 00:00:00;Steyr(Stadt);402;38193;0;2;1;2,618281;0;0;1;1
15.03.2020 00:00:00;Wels(Stadt);403;61727;0;10;10;16,20037;0;0;0;0
15.03.2020 00:00:00;Braunau am Inn;404;104408;0;1;1;0,957781;0;0;0;0
15.03.2020 00:00:00;Eferding;405;33156;2;2;2;6,032091;0;0;0;0
15.03.2020 00:00:00;Freistadt;406;66621;4;9;9;13,50925;0;0;0;0
15.03.2020 00:00:00;Gmunden;407;101631;4;10;10;9,839518;0;0;0;0
15.03.2020 00:00:00;Grieskirchen;408;64721;1;7;7;10,81565;0;0;0;0
15.03.2020 00:00:00;Kirchdorf an der Krems;409;56866;3;4;4;7,03408;0;0;0;0
15.03.2020 00:00:00;Linz-Land;410;150273;14;27;25;16,63639;0;0;0;2
15.03.2020 00:00:00;Perg;411;68459;1;20;20;29,21457;0;0;0;1
15.03.2020 00:00:00;Ried im Innkreis;412;61204;0;8;8;13,07104;0;0;0;0
15.03.2020 00:00:00;Rohrbach;413;56524;5;9;9;15,92244;0;0;0;1
15.03.2020 00:00:00;Schärding;414;57307;0;2;2;3,489975;0;0;0;0
15.03.2020 00:00:00;Steyr-Land;415;60427;2;4;4;6,619557;0;0;0;0
15.03.2020 00:00:00;Urfahr-Umgebung;416;85505;5;32;30;35,08567;0;0;0;0
15.03.2020 00:00:00;Vöcklabruck;417;136253;0;5;5;3,669644;0;0;0;1
15.03.2020 00:00:00;Wels-Land;418;73094;0;11;10;13,68101;0;0;0;0
15.03.2020 00:00:00;Salzburg(Stadt);501;154211;2;15;15;9,726933;0;0;0;1
15.03.2020 00:00:00;Hallein;502;60374;0;1;1;1,656342;0;0;0;0
15.03.2020 00:00:00;Salzburg-Umgebung;503;152281;0;7;5;3,283404;0;0;0;0
15.03.2020 00:00:00;Sankt Johann im Pongau;504;80573;1;4;3;3,723332;0;0;0;0
15.03.2020 00:00:00;Tamsweg;505;20320;1;2;2;9,84252;0;0;0;1
15.03.2020 00:00:00;Zell am See;506;87462;10;24;20;22,86707;0;0;0;2
15.03.2020 00:00:00;Graz(Stadt);601;288806;8;31;29;10,04134;0;0;0;0
15.03.2020 00:00:00;Deutschlandsberg;603;60821;0;0;0;0;0;0;0;0
15.03.2020 00:00:00;Graz-Umgebung;606;154260;0;10;10;6,482562;0;0;0;0
15.03.2020 00:00:00;Leibnitz;610;82484;7;12;12;14,54828;0;0;0;0
15.03.2020 00:00:00;Leoben;611;60060;2;7;7;11,65501;0;0;0;0
15.03.2020 00:00:00;Liezen;612;79901;3;4;4;5,006195;0;0;0;0
15.03.2020 00:00:00;Murau;614;27659;0;0;0;0;0;0;0;0
15.03.2020 00:00:00;Voitsberg;616;51161;2;4;4;7,818456;0;0;0;0
15.03.2020 00:00:00;Weiz;617;90343;1;7;5;5,534463;0;0;0;0
15.03.2020 00:00:00;Murtal;620;72004;0;9;8;11,11049;0;0;0;0
15.03.2020 00:00:00;Bruck-Mürzzuschlag;621;98984;0;4;3;3,030793;0;0;0;0
15.03.2020 00:00:00;Hartberg-Fürstenfeld;622;90622;8;23;21;23,17318;0;0;0;0
15.03.2020 00:00:00;Südoststeiermark;623;85947;0;2;2;2,327015;0;0;0;0
15.03.2020 00:00:00;Innsbruck-Stadt;701;132110;6;62;58;43,90281;0;0;0;2
15.03.2020 00:00:00;Imst;702;60056;5;13;13;21,64646;0;0;0;0
15.03.2020 00:00:00;Innsbruck-Land;703;179318;2;36;35;19,5184;0;0;0;0
15.03.2020 00:00:00;Kitzbühel;704;63881;1;7;6;9,392464;0;0;0;0
15.03.2020 00:00:00;Kufstein;705;109682;5;8;8;7,293813;0;0;0;0
15.03.2020 00:00:00;Landeck;706;44362;10;148;146;329,1105;0;0;0;0
15.03.2020 00:00:00;Lienz;707;48753;0;5;5;10,25578;0;0;0;0
15.03.2020 00:00:00;Reutte;708;32670;0;1;1;3,060912;0;0;0;0
15.03.2020 00:00:00;Schwaz;709;83873;0;5;5;5,961394;0;0;0;0
15.03.2020 00:00:00;Bludenz;801;63714;1;6;6;9,417083;0;0;0;0
15.03.2020 00:00:00;Bregenz;802;134383;1;20;19;14,13869;0;0;0;0
15.03.2020 00:00:00;Dornbirn;803;89041;2;11;11;12,35386;0;0;0;0
15.03.2020 00:00:00;Feldkirch;804;107159;2;17;17;15,86428;0;0;0;0
15.03.2020 00:00:00;Wien;900;1897491;25;122;90;4,743105;1;3;2;9
16.03.2020 00:00:00;Eisenstadt(Stadt);101;14637;0;0;0;0;0;0;0;0
16.03.2020 00:00:00;Rust(Stadt);102;1940;0;0;0;0;0;0;0;0
16.03.2020 00:00:00;Eisenstadt-Umgebung;103;42927;0;0;0;0;0;0;0;0
16.03.2020 00:00:00;Güssing;104;25797;0;0;0;0;0;0;0;0
16.03.2020 00:00:00;Jennersdorf;105;17066;0;1;1;5,859604;0;0;0;0
16.03.2020 00:00:00;Mattersburg;106;39925;0;0;0;0;0;0;0;0
16.03.2020 00:00:00;Neusiedl am See;107;59552;1;7;3;5,037614;0;0;0;0
16.03.2020 00:00:00;Oberpullendorf;108;37513;1;1;1;2,665743;0;0;0;0
16.03.2020 00:00:00;Oberwart;109;54076;0;2;2;3,698498;0;0;0;0
16.03.2020 00:00:00;Klagenfurt Stadt;201;100817;4;7;7;6,943274;0;0;0;0
16.03.2020 00:00:00;Villach Stadt;202;62243;0;0;0;0;0;0;0;0
16.03.2020 00:00:00;Hermagor;203;18224;0;0;0;0;0;0;0;0
16.03.2020 00:00:00;Klagenfurt Land;204;59800;5;6;6;10,03344;0;0;0;0
16.03.2020 00:00:00;Sankt Veit an der Glan;205;54555;0;0;0;0;0;0;0;0
16.03.2020 00:00:00;Spittal an der Drau;206;76091;0;2;2;2,628432;0;0;0;0
16.03.2020 00:00:00;Villach Land;207;64668;4;4;4;6,18544;0;0;0;0
16.03.2020 00:00:00;Völkermarkt;208;41878;2;3;2;4,775777;0;0;0;0
16.03.2020 00:00:00;Wolfsberg;209;52726;0;0;0;0;0;0;0;0
16.03.2020 00:00:00;Feldkirchen;210;29937;0;0;0;0;0;0;0;0
16.03.2020 00:00:00;Krems an der Donau(Stadt);301;24876;0;0;0;0;0;0;0;0
16.03.2020 00:00:00;Sankt Pölten(Stadt);302;55044;0;1;1;1,816728;0;0;0;0
16.03.2020 00:00:00;Waidhofen an der Ybbs(Stadt);303;11261;0;0;0;0;0;0;0;0
16.03.2020 00:00:00;Wiener Neustadt(Stadt);304;45277;1;2;2;4,417254;0;0;0;0
16.03.2020 00:00:00;Amstetten;305;116114;1;30;30;25,83668;0;0;0;0
16.03.2020 00:00:00;Baden;306;146203;0;5;5;3,419903;0;0;0;0
16.03.2020 00:00:00;Bruck an der Leitha;307;102010;1;5;5;4,90148;0;0;0;0
16.03.2020 00:00:00;Gänserndorf;308;103686;0;2;2;1,928901;0;0;0;0
16.03.2020 00:00:00;Gmünd;309;36773;0;0;0;0;0;0;0;0
16.03.2020 00:00:00;Hollabrunn;310;50858;0;2;1;1,966259;0;0;0;0
16.03.2020 00:00:00;Horn;311;31090;0;0;0;0;0;0;0;0
16.03.2020 00:00:00;Korneuburg;312;90889;0;40;16;17,60389;0;0;1;3
16.03.2020 00:00:00;Krems(Land);313;56596;0;2;2;3,533819;0;0;0;0
16.03.2020 00:00:00;Lilienfeld;314;25812;0;2;2;7,748334;0;0;0;0
16.03.2020 00:00:00;Melk;315;77962;0;2;2;2,565352;0;0;0;0
16.03.2020 00:00:00;Mistelbach;316;75483;2;8;7;9,273611;0;0;0;0
16.03.2020 00:00:00;Mödling;317;118998;3;20;20;16,807;0;0;0;0
16.03.2020 00:00:00;Neunkirchen;318;86291;5;7;7;8,112086;0;0;0;0
16.03.2020 00:00:00;Sankt Pölten(Land);319;131044;0;13;13;9,920332;0;0;0;0
16.03.2020 00:00:00;Scheibbs;320;41403;0;0;0;0;0;0;0;0
16.03.2020 00:00:00;Tulln;321;103771;0;26;17;16,38223;0;0;0;0
16.03.2020 00:00:00;Waidhofen an der Thaya;322;25888;0;0;0;0;0;0;0;0
16.03.2020 00:00:00;Wiener Neustadt(Land);323;77991;0;0;0;0;0;0;0;0
16.03.2020 00:00:00;Zwettl;325;42222;0;0;0;0;0;0;0;0
16.03.2020 00:00:00;Linz(Stadt);401;205726;5;43;41;19,92942;0;0;0;0
16.03.2020 00:00:00;Steyr(Stadt);402;38193;0;2;1;2,618281;0;0;0;1
16.03.2020 00:00:00;Wels(Stadt);403;61727;1;11;11;17,8204;0;0;0;0
16.03.2020 00:00:00;Braunau am Inn;404;104408;0;1;1;0,957781;0;0;0;0
16.03.2020 00:00:00;Eferding;405;33156;1;3;3;9,048136;0;0;0;0
16.03.2020 00:00:00;Freistadt;406;66621;1;10;10;15,01028;0;0;0;0
16.03.2020 00:00:00;Gmunden;407;101631;1;11;11;10,82347;0;0;0;0
16.03.2020 00:00:00;Grieskirchen;408;64721;0;7;7;10,81565;0;0;0;0
16.03.2020 00:00:00;Kirchdorf an der Krems;409;56866;1;5;5;8,7926;0;0;0;0
16.03.2020 00:00:00;Linz-Land;410;150273;3;30;28;18,63276;0;0;0;2
16.03.2020 00:00:00;Perg;411;68459;5;25;25;36,51821;0;0;0;1
16.03.2020 00:00:00;Ried im Innkreis;412;61204;0;8;8;13,07104;0;0;0;0
16.03.2020 00:00:00;Rohrbach;413;56524;3;12;12;21,22992;0;0;0;1
16.03.2020 00:00:00;Schärding;414;57307;4;6;6;10,46992;0;0;0;0
16.03.2020 00:00:00;Steyr-Land;415;60427;2;6;6;9,929337;0;0;0;0
16.03.2020 00:00:00;Urfahr-Umgebung;416;85505;4;36;34;39,76376;0;0;0;0
16.03.2020 00:00:00;Vöcklabruck;417;136253;1;6;6;4,403573;0;0;0;1
16.03.2020 00:00:00;Wels-Land;418;73094;4;15;13;17,78532;0;0;0;0
16.03.2020 00:00:00;Salzburg(Stadt);501;154211;0;15;15;9,726933;0;0;0;1
16.03.2020 00:00:00;Hallein;502;60374;0;1;1;1,656342;0;0;0;0
16.03.2020 00:00:00;Salzburg-Umgebung;503;152281;3;10;8;5,253446;0;0;0;0
16.03.2020 00:00:00;Sankt Johann im Pongau;504;80573;0;4;3;3,723332;0;0;0;0
16.03.2020 00:00:00;Tamsweg;505;20320;0;2;2;9,84252;0;0;0;1
16.03.2020 00:00:00;Zell am See;506;87462;0;24;19;21,72372;0;0;0;2
16.03.2020 00:00:00;Graz(Stadt);601;288806;7;38;36;12,46511;0;0;0;0
16.03.2020 00:00:00;Deutschlandsberg;603;60821;2;2;2;3,288338;0;0;0;0
16.03.2020 00:00:00;Graz-Umgebung;606;154260;4;14;14;9,075586;0;0;0;0
16.03.2020 00:00:00;Leibnitz;610;82484;3;15;15;18,18534;0;0;0;0
16.03.2020 00:00:00;Leoben;611;60060;0;7;7;11,65501;0;0;0;0
16.03.2020 00:00:00;Liezen;612;79901;4;8;8;10,01239;0;0;0;0
16.03.2020 00:00:00;Murau;614;27659;1;1;1;3,61546;0;0;0;0
16.03.2020 00:00:00;Voitsberg;616;51161;1;5;5;9,773069;0;0;0;0
16.03.2020 00:00:00;Weiz;617;90343;3;10;8;8,855141;0;0;0;0
16.03.2020 00:00:00;Murtal;620;72004;0;9;7;9,721683;0;0;0;0
16.03.2020 00:00:00;Bruck-Mürzzuschlag;621;98984;0;4;3;3,030793;0;0;1;1
16.03.2020 00:00:00;Hartberg-Fürstenfeld;622;90622;3;26;23;25,38015;1;1;0;0
16.03.2020 00:00:00;Südoststeiermark;623;85947;5;7;7;8,144554;0;0;0;0
16.03.2020 00:00:00;Innsbruck-Stadt;701;132110;16;78;73;55,25698;0;0;1;3
16.03.2020 00:00:00;Imst;702;60056;1;14;14;23,31157;0;0;0;0
16.03.2020 00:00:00;Innsbruck-Land;703;179318;12;48;47;26,21042;0;0;0;0
16.03.2020 00:00:00;Kitzbühel;704;63881;3;10;9;14,0887;0;0;0;0
16.03.2020 00:00:00;Kufstein;705;109682;3;11;11;10,02899;0;0;0;0
16.03.2020 00:00:00;Landeck;706;44362;12;160;143;322,348;0;0;0;0
16.03.2020 00:00:00;Lienz;707;48753;12;17;17;34,86965;0;0;0;0
16.03.2020 00:00:00;Reutte;708;32670;1;2;2;6,121824;0;0;0;0
16.03.2020 00:00:00;Schwaz;709;83873;2;7;7;8,345952;0;0;0;0
16.03.2020 00:00:00;Bludenz;801;63714;14;20;20;31,39028;0;0;0;0
16.03.2020 00:00:00;Bregenz;802;134383;11;31;30;22,32425;0;0;0;0
16.03.2020 00:00:00;Dornbirn;803;89041;3;14;13;14,60002;0;0;0;0
16.03.2020 00:00:00;Feldkirch;804;107159;11;28;28;26,1294;0;0;0;0
16.03.2020 00:00:00;Wien;900;1897491;21;143;110;5,797129;1;4;10;19
17.03.2020 00:00:00;Eisenstadt(Stadt);101;14637;0;0;0;0;0;0;0;0
17.03.2020 00:00:00;Rust(Stadt);102;1940;0;0;0;0;0;0;0;0
17.03.2020 00:00:00;Eisenstadt-Umgebung;103;42927;0;0;0;0;0;0;0;0
17.03.2020 00:00:00;Güssing;104;25797;0;0;0;0;0;0;0;0
17.03.2020 00:00:00;Jennersdorf;105;17066;0;1;1;5,859604;0;0;0;0
17.03.2020 00:00:00;Mattersburg;106;39925;1;1;1;2,504696;0;0;0;0
17.03.2020 00:00:00;Neusiedl am See;107;59552;2;9;5;8,396024;0;0;0;0
17.03.2020 00:00:00;Oberpullendorf;108;37513;0;1;1;2,665743;0;0;0;0
17.03.2020 00:00:00;Oberwart;109;54076;0;2;2;3,698498;0;0;0;0
17.03.2020 00:00:00;Klagenfurt Stadt;201;100817;4;11;11;10,91086;0;0;0;0
17.03.2020 00:00:00;Villach Stadt;202;62243;1;1;1;1,606606;0;0;0;0
17.03.2020 00:00:00;Hermagor;203;18224;2;2;2;10,97454;0;0;0;0
17.03.2020 00:00:00;Klagenfurt Land;204;59800;0;6;6;10,03344;0;0;0;0
17.03.2020 00:00:00;Sankt Veit an der Glan;205;54555;1;1;1;1,833013;0;0;0;0
17.03.2020 00:00:00;Spittal an der Drau;206;76091;1;3;3;3,942648;0;0;0;0
17.03.2020 00:00:00;Villach Land;207;64668;0;4;4;6,18544;0;0;0;0
17.03.2020 00:00:00;Völkermarkt;208;41878;4;7;6;14,32733;0;0;0;0
17.03.2020 00:00:00;Wolfsberg;209;52726;0;0;0;0;0;0;0;0
17.03.2020 00:00:00;Feldkirchen;210;29937;0;0;0;0;0;0;0;0
17.03.2020 00:00:00;Krems an der Donau(Stadt);301;24876;2;2;2;8,039878;0;0;0;0
17.03.2020 00:00:00;Sankt Pölten(Stadt);302;55044;1;2;2;3,633457;0;0;0;0
17.03.2020 00:00:00;Waidhofen an der Ybbs(Stadt);303;11261;1;1;1;8,880206;0;0;0;0
17.03.2020 00:00:00;Wiener Neustadt(Stadt);304;45277;0;2;2;4,417254;0;0;0;0
17.03.2020 00:00:00;Amstetten;305;116114;6;36;36;31,00401;0;0;0;0
17.03.2020 00:00:00;Baden;306;146203;4;9;9;6,155825;0;0;0;0
17.03.2020 00:00:00;Bruck an der Leitha;307;102010;2;7;7;6,862072;0;0;0;0
17.03.2020 00:00:00;Gänserndorf;308;103686;0;2;2;1,928901;0;0;0;0
17.03.2020 00:00:00;Gmünd;309;36773;1;1;1;2,719387;0;0;0;0
17.03.2020 00:00:00;Hollabrunn;310;50858;0;2;0;0;0;0;0;0
17.03.2020 00:00:00;Horn;311;31090;0;0;0;0;0;0;0;0
17.03.2020 00:00:00;Korneuburg;312;90889;8;48;23;25,30559;0;0;0;3
17.03.2020 00:00:00;Krems(Land);313;56596;6;8;8;14,13527;0;0;0;0
17.03.2020 00:00:00;Lilienfeld;314;25812;1;3;3;11,6225;0;0;0;0
17.03.2020 00:00:00;Melk;315;77962;4;6;6;7,696057;0;0;0;0
17.03.2020 00:00:00;Mistelbach;316;75483;3;11;10;13,24802;0;0;0;0
17.03.2020 00:00:00;Mödling;317;118998;13;33;33;27,73156;0;0;0;0
17.03.2020 00:00:00;Neunkirchen;318;86291;7;14;14;16,22417;0;0;0;0
17.03.2020 00:00:00;Sankt Pölten(Land);319;131044;4;17;17;12,97274;0;0;0;0
17.03.2020 00:00:00;Scheibbs;320;41403;3;3;3;7,245852;0;0;0;0
17.03.2020 00:00:00;Tulln;321;103771;12;38;28;26,98249;0;0;0;0
17.03.2020 00:00:00;Waidhofen an der Thaya;322;25888;1;1;1;3,862794;0;0;0;0
17.03.2020 00:00:00;Wiener Neustadt(Land);323;77991;0;0;0;0;0;0;0;0
17.03.2020 00:00:00;Zwettl;325;42222;0;0;0;0;0;0;0;0
17.03.2020 00:00:00;Linz(Stadt);401;205726;12;55;53;25,76242;0;0;0;0
17.03.2020 00:00:00;Steyr(Stadt);402;38193;0;2;0;0;0;0;0;1
17.03.2020 00:00:00;Wels(Stadt);403;61727;1;12;12;19,44044;0;0;0;0
17.03.2020 00:00:00;Braunau am Inn;404;104408;3;4;4;3,831124;0;0;0;0
17.03.2020 00:00:00;Eferding;405;33156;0;3;3;9,048136;0;0;0;0
17.03.2020 00:00:00;Freistadt;406;66621;1;11;11;16,51131;0;0;0;0
17.03.2020 00:00:00;Gmunden;407;101631;0;11;11;10,82347;0;0;0;0
17.03.2020 00:00:00;Grieskirchen;408;64721;1;8;8;12,36075;0;0;0;0
17.03.2020 00:00:00;Kirchdorf an der Krems;409;56866;5;10;10;17,5852;0;0;0;0
17.03.2020 00:00:00;Linz-Land;410;150273;2;32;30;19,96367;0;0;0;2
17.03.2020 00:00:00;Perg;411;68459;5;30;29;42,36112;0;0;0;1
17.03.2020 00:00:00;Ried im Innkreis;412;61204;1;9;9;14,70492;0;0;0;0
17.03.2020 00:00:00;Rohrbach;413;56524;1;13;13;22,99908;0;0;0;1
17.03.2020 00:00:00;Schärding;414;57307;0;6;6;10,46992;0;0;0;0
17.03.2020 00:00:00;Steyr-Land;415;60427;2;8;8;13,23911;0;0;0;0
17.03.2020 00:00:00;Urfahr-Umgebung;416;85505;11;47;44;51,45898;0;0;0;0
17.03.2020 00:00:00;Vöcklabruck;417;136253;2;8;8;5,87143;0;0;0;1
17.03.2020 00:00:00;Wels-Land;418;73094;2;17;15;20,52152;0;0;0;0
17.03.2020 00:00:00;Salzburg(Stadt);501;154211;3;18;18;11,67232;0;0;0;1
17.03.2020 00:00:00;Hallein;502;60374;1;2;2;3,312684;0;0;0;0
17.03.2020 00:00:00;Salzburg-Umgebung;503;152281;1;11;9;5,910127;0;0;0;0
17.03.2020 00:00:00;Sankt Johann im Pongau;504;80573;2;6;5;6,205553;0;0;0;0
17.03.2020 00:00:00;Tamsweg;505;20320;0;2;2;9,84252;0;0;0;1
17.03.2020 00:00:00;Zell am See;506;87462;1;25;18;20,58037;0;0;0;2
17.03.2020 00:00:00;Graz(Stadt);601;288806;12;50;48;16,62015;0;0;1;1
17.03.2020 00:00:00;Deutschlandsberg;603;60821;1;3;3;4,932507;0;0;0;0
17.03.2020 00:00:00;Graz-Umgebung;606;154260;2;16;16;10,3721;1;1;0;0
17.03.2020 00:00:00;Leibnitz;610;82484;3;18;18;21,82241;0;0;0;0
17.03.2020 00:00:00;Leoben;611;60060;0;7;3;4,995005;0;0;0;0
17.03.2020 00:00:00;Liezen;612;79901;4;12;12;15,01859;0;0;0;0
17.03.2020 00:00:00;Murau;614;27659;0;1;1;3,61546;0;0;0;0
17.03.2020 00:00:00;Voitsberg;616;51161;4;9;9;17,59152;0;0;0;0
17.03.2020 00:00:00;Weiz;617;90343;12;22;20;22,13785;0;0;0;0
17.03.2020 00:00:00;Murtal;620;72004;3;12;9;12,49931;0;0;0;0
17.03.2020 00:00:00;Bruck-Mürzzuschlag;621;98984;0;4;3;3,030793;0;0;0;1
17.03.2020 00:00:00;Hartberg-Fürstenfeld;622;90622;2;28;23;25,38015;0;1;0;0
17.03.2020 00:00:00;Südoststeiermark;623;85947;1;8;8;9,308062;0;0;0;0
17.03.2020 00:00:00;Innsbruck-Stadt;701;132110;27;105;98;74,18061;0;0;0;3
17.03.2020 00:00:00;Imst;702;60056;5;19;19;31,63714;0;0;0;0
17.03.2020 00:00:00;Innsbruck-Land;703;179318;6;54;53;29,55643;0;0;0;0
17.03.2020 00:00:00;Kitzbühel;704;63881;3;13;12;18,78493;0;0;0;0
17.03.2020 00:00:00;Kufstein;705;109682;12;23;23;20,96971;0;0;0;0
17.03.2020 00:00:00;Landeck;706;44362;13;173;155;349,3981;1;1;0;0
17.03.2020 00:00:00;Lienz;707;48753;1;18;18;36,9208;0;0;0;0
17.03.2020 00:00:00;Reutte;708;32670;1;3;3;9,182736;0;0;0;0
17.03.2020 00:00:00;Schwaz;709;83873;6;13;13;15,49962;0;0;0;0
17.03.2020 00:00:00;Bludenz;801;63714;4;24;24;37,66833;0;0;0;0
17.03.2020 00:00:00;Bregenz;802;134383;6;37;36;26,7891;0;0;0;0
17.03.2020 00:00:00;Dornbirn;803;89041;2;16;14;15,72309;0;0;0;0
17.03.2020 00:00:00;Feldkirch;804;107159;9;37;37;34,52813;0;0;0;0
17.03.2020 00:00:00;Wien;900;1897491;51;194;158;8,326785;0;4;2;21
18.03.2020 00:00:00;Eisenstadt(Stadt);101;14637;0;0;0;0;0;0;0;0
18.03.2020 00:00:00;Rust(Stadt);102;1940;0;0;0;0;0;0;0;0
18.03.2020 00:00:00;Eisenstadt-Umgebung;103;42927;3;3;3;6,988608;0;0;0;0
18.03.2020 00:00:00;Güssing;104;25797;0;0;0;0;0;0;0;0
18.03.2020 00:00:00;Jennersdorf;105;17066;0;1;1;5,859604;0;0;0;0
18.03.2020 00:00:00;Mattersburg;106;39925;0;1;1;2,504696;0;0;0;0
18.03.2020 00:00:00;Neusiedl am See;107;59552;2;11;7;11,75443;0;0;0;0
18.03.2020 00:00:00;Oberpullendorf;108;37513;1;2;2;5,331485;0;0;0;0
18.03.2020 00:00:00;Oberwart;109;54076;2;4;4;7,396997;0;0;0;0
18.03.2020 00:00:00;Klagenfurt Stadt;201;100817;2;13;13;12,89465;0;0;0;0
18.03.2020 00:00:00;Villach Stadt;202;62243;0;1;1;1,606606;0;0;0;0
18.03.2020 00:00:00;Hermagor;203;18224;0;2;2;10,97454;0;0;0;0
18.03.2020 00:00:00;Klagenfurt Land;204;59800;1;7;7;11,70569;0;0;0;0
18.03.2020 00:00:00;Sankt Veit an der Glan;205;54555;1;2;2;3,666025;0;0;0;0
18.03.2020 00:00:00;Spittal an der Drau;206;76091;6;9;9;11,82794;0;0;0;0
18.03.2020 00:00:00;Villach Land;207;64668;0;4;4;6,18544;0;0;0;0
18.03.2020 00:00:00;Völkermarkt;208;41878;5;12;11;26,26678;0;0;0;0
18.03.2020 00:00:00;Wolfsberg;209;52726;1;1;1;1,896598;0;0;0;0
18.03.2020 00:00:00;Feldkirchen;210;29937;0;0;0;0;0;0;0;0
18.03.2020 00:00:00;Krems an der Donau(Stadt);301;24876;0;2;2;8,039878;0;0;0;0
18.03.2020 00:00:00;Sankt Pölten(Stadt);302;55044;0;2;2;3,633457;1;1;0;0
18.03.2020 00:00:00;Waidhofen an der Ybbs(Stadt);303;11261;0;1;1;8,880206;0;0;0;0
18.03.2020 00:00:00;Wiener Neustadt(Stadt);304;45277;0;2;2;4,417254;0;0;0;0
18.03.2020 00:00:00;Amstetten;305;116114;14;50;48;41,33868;0;0;0;0
18.03.2020 00:00:00;Baden;306;146203;1;10;10;6,839805;0;0;0;0
18.03.2020 00:00:00;Bruck an der Leitha;307;102010;2;9;9;8,822664;0;0;0;0
18.03.2020 00:00:00;Gänserndorf;308;103686;0;2;2;1,928901;0;0;0;0
18.03.2020 00:00:00;Gmünd;309;36773;0;1;1;2,719387;0;0;0;0
18.03.2020 00:00:00;Hollabrunn;310;50858;0;2;0;0;0;0;0;0
18.03.2020 00:00:00;Horn;311;31090;0;0;0;0;0;0;0;0
18.03.2020 00:00:00;Korneuburg;312;90889;1;49;22;24,20535;0;0;0;3
18.03.2020 00:00:00;Krems(Land);313;56596;2;10;10;17,66909;0;0;0;0
18.03.2020 00:00:00;Lilienfeld;314;25812;0;3;3;11,6225;0;0;0;0
18.03.2020 00:00:00;Melk;315;77962;2;8;8;10,26141;0;0;0;0
18.03.2020 00:00:00;Mistelbach;316;75483;3;14;13;17,22242;0;0;0;0
18.03.2020 00:00:00;Mödling;317;118998;2;35;34;28,57191;0;0;0;0
18.03.2020 00:00:00;Neunkirchen;318;86291;4;18;18;20,85965;0;0;0;0
18.03.2020 00:00:00;Sankt Pölten(Land);319;131044;10;27;27;20,60377;0;0;0;0
18.03.2020 00:00:00;Scheibbs;320;41403;0;3;3;7,245852;0;0;0;0
18.03.2020 00:00:00;Tulln;321;103771;4;42;31;29,87347;0;0;0;0
18.03.2020 00:00:00;Waidhofen an der Thaya;322;25888;0;1;1;3,862794;0;0;0;0
18.03.2020 00:00:00;Wiener Neustadt(Land);323;77991;0;0;0;0;0;0;0;0
18.03.2020 00:00:00;Zwettl;325;42222;0;0;0;0;0;0;0;0
18.03.2020 00:00:00;Linz(Stadt);401;205726;5;60;56;27,22067;0;0;0;0
18.03.2020 00:00:00;Steyr(Stadt);402;38193;0;2;0;0;0;0;0;1
18.03.2020 00:00:00;Wels(Stadt);403;61727;2;14;12;19,44044;0;0;0;0
18.03.2020 00:00:00;Braunau am Inn;404;104408;1;5;5;4,788905;0;0;0;0
18.03.2020 00:00:00;Eferding;405;33156;2;5;5;15,08023;0;0;0;0
18.03.2020 00:00:00;Freistadt;406;66621;8;19;19;28,51954;0;0;0;0
18.03.2020 00:00:00;Gmunden;407;101631;1;12;12;11,80742;0;0;0;0
18.03.2020 00:00:00;Grieskirchen;408;64721;2;10;9;13,90584;0;0;0;0
18.03.2020 00:00:00;Kirchdorf an der Krems;409;56866;1;11;11;19,34372;0;0;0;0
18.03.2020 00:00:00;Linz-Land;410;150273;3;35;33;21,96003;1;1;0;2
18.03.2020 00:00:00;Perg;411;68459;5;35;31;45,28258;0;0;0;1
18.03.2020 00:00:00;Ried im Innkreis;412;61204;2;11;8;13,07104;0;0;0;0
18.03.2020 00:00:00;Rohrbach;413;56524;6;19;19;33,61404;0;0;0;1
18.03.2020 00:00:00;Schärding;414;57307;0;6;6;10,46992;0;0;0;0
18.03.2020 00:00:00;Steyr-Land;415;60427;5;13;13;21,51356;0;0;0;0
18.03.2020 00:00:00;Urfahr-Umgebung;416;85505;11;58;53;61,98468;0;0;0;0
18.03.2020 00:00:00;Vöcklabruck;417;136253;6;14;13;9,541075;0;0;0;1
18.03.2020 00:00:00;Wels-Land;418;73094;1;18;14;19,15342;0;0;0;0
18.03.2020 00:00:00;Salzburg(Stadt);501;154211;4;22;22;14,26617;0;0;0;1
18.03.2020 00:00:00;Hallein;502;60374;1;3;3;4,969027;0;0;0;0
18.03.2020 00:00:00;Salzburg-Umgebung;503;152281;7;18;16;10,50689;0;0;0;0
18.03.2020 00:00:00;Sankt Johann im Pongau;504;80573;9;15;14;17,37555;0;0;0;0
18.03.2020 00:00:00;Tamsweg;505;20320;0;2;2;9,84252;0;0;0;1
18.03.2020 00:00:00;Zell am See;506;87462;4;29;21;24,01043;0;0;0;2
18.03.2020 00:00:00;Graz(Stadt);601;288806;11;61;59;20,42894;0;0;0;1
18.03.2020 00:00:00;Deutschlandsberg;603;60821;2;5;5;8,220845;0;0;0;0
18.03.2020 00:00:00;Graz-Umgebung;606;154260;11;27;27;17,50292;0;1;0;0
18.03.2020 00:00:00;Leibnitz;610;82484;4;22;22;26,67184;0;0;0;0
18.03.2020 00:00:00;Leoben;611;60060;0;7;3;4,995005;0;0;0;0
18.03.2020 00:00:00;Liezen;612;79901;2;14;14;17,52168;0;0;0;0
18.03.2020 00:00:00;Murau;614;27659;0;1;1;3,61546;0;0;0;0
18.03.2020 00:00:00;Voitsberg;616;51161;0;9;9;17,59152;0;0;0;0
18.03.2020 00:00:00;Weiz;617;90343;4;26;24;26,56542;0;0;0;0
18.03.2020 00:00:00;Murtal;620;72004;0;12;8;11,11049;1;1;0;0
18.03.2020 00:00:00;Bruck-Mürzzuschlag;621;98984;1;5;4;4,041057;0;0;0;1
18.03.2020 00:00:00;Hartberg-Fürstenfeld;622;90622;5;33;28;30,89758;1;2;0;0
18.03.2020 00:00:00;Südoststeiermark;623;85947;4;12;12;13,96209;0;0;0;0
18.03.2020 00:00:00;Innsbruck-Stadt;701;132110;9;114;104;78,72227;0;0;0;3
18.03.2020 00:00:00;Imst;702;60056;11;30;29;48,28827;0;0;0;0
18.03.2020 00:00:00;Innsbruck-Land;703;179318;11;65;62;34,57545;0;0;0;0
18.03.2020 00:00:00;Kitzbühel;704;63881;10;23;22;34,43903;0;0;0;0
18.03.2020 00:00:00;Kufstein;705;109682;12;35;35;31,91043;0;0;0;0
18.03.2020 00:00:00;Landeck;706;44362;29;202;178;401,2443;0;1;0;0
18.03.2020 00:00:00;Lienz;707;48753;10;28;28;57,43236;0;0;0;0
18.03.2020 00:00:00;Reutte;708;32670;0;3;3;9,182736;0;0;0;0
18.03.2020 00:00:00;Schwaz;709;83873;1;14;13;15,49962;0;0;1;1
18.03.2020 00:00:00;Bludenz;801;63714;19;43;40;62,78055;0;0;0;0
18.03.2020 00:00:00;Bregenz;802;134383;2;39;32;23,81254;0;0;0;0
18.03.2020 00:00:00;Dornbirn;803;89041;1;17;15;16,84617;0;0;0;0
18.03.2020 00:00:00;Feldkirch;804;107159;9;46;46;42,92686;0;0;0;0
18.03.2020 00:00:00;Wien;900;1897491;52;246;201;10,59294;1;5;1;22
19.03.2020 00:00:00;Eisenstadt(Stadt);101;14637;0;0;0;0;0;0;0;0
19.03.2020 00:00:00;Rust(Stadt);102;1940;0;0;0;0;0;0;0;0
19.03.2020 00:00:00;Eisenstadt-Umgebung;103;42927;2;5;5;11,64768;0;0;0;0
19.03.2020 00:00:00;Güssing;104;25797;0;0;0;0;0;0;0;0
19.03.2020 00:00:00;Jennersdorf;105;17066;1;2;2;11,71921;0;0;0;0
19.03.2020 00:00:00;Mattersburg;106;39925;0;1;1;2,504696;0;0;0;0
19.03.2020 00:00:00;Neusiedl am See;107;59552;1;12;6;10,07523;0;0;0;0
19.03.2020 00:00:00;Oberpullendorf;108;37513;1;3;3;7,997228;0;0;0;0
19.03.2020 00:00:00;Oberwart;109;54076;3;7;7;12,94474;0;0;0;0
19.03.2020 00:00:00;Klagenfurt Stadt;201;100817;4;17;17;16,86224;0;0;0;0
19.03.2020 00:00:00;Villach Stadt;202;62243;4;5;5;8,033031;0;0;0;0
19.03.2020 00:00:00;Hermagor;203;18224;0;2;2;10,97454;0;0;0;0
19.03.2020 00:00:00;Klagenfurt Land;204;59800;3;10;10;16,72241;0;0;0;0
19.03.2020 00:00:00;Sankt Veit an der Glan;205;54555;0;2;2;3,666025;0;0;0;0
19.03.2020 00:00:00;Spittal an der Drau;206;76091;1;10;8;10,51373;0;0;0;0
19.03.2020 00:00:00;Villach Land;207;64668;2;6;6;9,278159;0;0;0;0
19.03.2020 00:00:00;Völkermarkt;208;41878;5;17;16;38,20622;0;0;0;0
19.03.2020 00:00:00;Wolfsberg;209;52726;4;5;5;9,482987;0;0;0;0
19.03.2020 00:00:00;Feldkirchen;210;29937;0;0;0;0;0;0;0;0
19.03.2020 00:00:00;Krems an der Donau(Stadt);301;24876;0;2;2;8,039878;0;0;0;0
19.03.2020 00:00:00;Sankt Pölten(Stadt);302;55044;1;3;3;5,450185;0;1;0;0
19.03.2020 00:00:00;Waidhofen an der Ybbs(Stadt);303;11261;0;1;1;8,880206;0;0;0;0
19.03.2020 00:00:00;Wiener Neustadt(Stadt);304;45277;0;2;2;4,417254;0;0;0;0
19.03.2020 00:00:00;Amstetten;305;116114;7;57;55;47,36724;0;0;0;0
19.03.2020 00:00:00;Baden;306;146203;5;15;15;10,25971;0;0;0;0
19.03.2020 00:00:00;Bruck an der Leitha;307;102010;3;12;12;11,76355;0;0;0;0
19.03.2020 00:00:00;Gänserndorf;308;103686;0;2;2;1,928901;0;0;0;0
19.03.2020 00:00:00;Gmünd;309;36773;0;1;1;2,719387;0;0;0;0
19.03.2020 00:00:00;Hollabrunn;310;50858;0;2;0;0;0;0;0;0
19.03.2020 00:00:00;Horn;311;31090;0;0;0;0;0;0;0;0
19.03.2020 00:00:00;Korneuburg;312;90889;0;49;22;24,20535;0;0;1;4
19.03.2020 00:00:00;Krems(Land);313;56596;1;11;11;19,436;0;0;0;0
19.03.2020 00:00:00;Lilienfeld;314;25812;3;6;5;19,37083;0;0;0;0
19.03.2020 00:00:00;Melk;315;77962;0;8;8;10,26141;0;0;0;0
19.03.2020 00:00:00;Mistelbach;316;75483;2;16;15;19,87202;0;0;0;0
19.03.2020 00:00:00;Mödling;317;118998;4;39;36;30,25261;0;0;0;0
19.03.2020 00:00:00;Neunkirchen;318;86291;6;24;24;27,81287;0;0;0;0
19.03.2020 00:00:00;Sankt Pölten(Land);319;131044;3;30;27;20,60377;0;0;0;0
19.03.2020 00:00:00;Scheibbs;320;41403;0;3;3;7,245852;0;0;0;0
19.03.2020 00:00:00;Tulln;321;103771;4;46;33;31,80079;0;0;0;0
19.03.2020 00:00:00;Waidhofen an der Thaya;322;25888;0;1;1;3,862794;0;0;0;0
19.03.2020 00:00:00;Wiener Neustadt(Land);323;77991;0;0;0;0;0;0;0;0
19.03.2020 00:00:00;Zwettl;325;42222;0;0;0;0;0;0;0;0
19.03.2020 00:00:00;Linz(Stadt);401;205726;4;64;55;26,73459;0;0;1;1
19.03.2020 00:00:00;Steyr(Stadt);402;38193;1;3;1;2,618281;0;0;0;1
19.03.2020 00:00:00;Wels(Stadt);403;61727;3;17;12;19,44044;0;0;0;0
19.03.2020 00:00:00;Braunau am Inn;404;104408;2;7;7;6,704467;0;0;0;0
19.03.2020 00:00:00;Eferding;405;33156;1;6;6;18,09627;0;0;0;0
19.03.2020 00:00:00;Freistadt;406;66621;2;21;21;31,52159;0;0;0;0
19.03.2020 00:00:00;Gmunden;407;101631;2;14;14;13,77532;0;0;0;0
19.03.2020 00:00:00;Grieskirchen;408;64721;1;11;8;12,36075;0;0;0;0
19.03.2020 00:00:00;Kirchdorf an der Krems;409;56866;2;13;13;22,86076;0;0;0;0
19.03.2020 00:00:00;Linz-Land;410;150273;4;39;35;23,29094;0;1;0;2
19.03.2020 00:00:00;Perg;411;68459;6;41;30;43,82185;0;0;0;1
19.03.2020 00:00:00;Ried im Innkreis;412;61204;1;12;9;14,70492;0;0;0;0
19.03.2020 00:00:00;Rohrbach;413;56524;9;28;28;49,53648;0;0;0;1
19.03.2020 00:00:00;Schärding;414;57307;6;12;11;19,19486;0;0;0;0
19.03.2020 00:00:00;Steyr-Land;415;60427;4;17;17;28,13312;0;0;0;0
19.03.2020 00:00:00;Urfahr-Umgebung;416;85505;4;62;53;61,98468;0;0;0;0
19.03.2020 00:00:00;Vöcklabruck;417;136253;2;16;14;10,275;0;0;0;1
19.03.2020 00:00:00;Wels-Land;418;73094;1;19;13;17,78532;0;0;0;0
19.03.2020 00:00:00;Salzburg(Stadt);501;154211;7;29;28;18,15694;0;0;0;1
19.03.2020 00:00:00;Hallein;502;60374;1;4;4;6,625369;0;0;0;0
19.03.2020 00:00:00;Salzburg-Umgebung;503;152281;6;24;22;14,44698;0;0;1;1
19.03.2020 00:00:00;Sankt Johann im Pongau;504;80573;24;39;38;47,1622;0;0;0;0
19.03.2020 00:00:00;Tamsweg;505;20320;0;2;2;9,84252;0;0;0;1
19.03.2020 00:00:00;Zell am See;506;87462;12;41;33;37,73067;0;0;1;3
19.03.2020 00:00:00;Graz(Stadt);601;288806;13;74;68;23,54522;0;0;0;1
19.03.2020 00:00:00;Deutschlandsberg;603;60821;2;7;7;11,50918;0;0;0;0
19.03.2020 00:00:00;Graz-Umgebung;606;154260;7;34;34;22,04071;0;1;0;0
19.03.2020 00:00:00;Leibnitz;610;82484;13;35;35;42,43247;0;0;0;0
19.03.2020 00:00:00;Leoben;611;60060;0;7;3;4,995005;0;0;0;0
19.03.2020 00:00:00;Liezen;612;79901;2;16;16;20,02478;0;0;0;0
19.03.2020 00:00:00;Murau;614;27659;0;1;1;3,61546;0;0;0;0
19.03.2020 00:00:00;Voitsberg;616;51161;1;10;10;19,54614;0;0;0;0
19.03.2020 00:00:00;Weiz;617;90343;0;26;24;26,56542;0;0;0;0
19.03.2020 00:00:00;Murtal;620;72004;1;13;7;9,721683;0;1;0;0
19.03.2020 00:00:00;Bruck-Mürzzuschlag;621;98984;0;5;4;4,041057;0;0;0;1
19.03.2020 00:00:00;Hartberg-Fürstenfeld;622;90622;19;52;44;48,55333;0;2;0;0
19.03.2020 00:00:00;Südoststeiermark;623;85947;3;15;15;17,45262;0;0;0;0
19.03.2020 00:00:00;Innsbruck-Stadt;701;132110;23;137;113;85,53478;0;0;1;4
19.03.2020 00:00:00;Imst;702;60056;13;43;41;68,26962;0;0;0;0
19.03.2020 00:00:00;Innsbruck-Land;703;179318;21;86;76;42,3828;1;1;0;0
19.03.2020 00:00:00;Kitzbühel;704;63881;15;38;37;57,9202;0;0;0;0
19.03.2020 00:00:00;Kufstein;705;109682;9;44;44;40,11597;0;0;0;0
19.03.2020 00:00:00;Landeck;706;44362;32;234;195;439,5654;0;1;0;0
19.03.2020 00:00:00;Lienz;707;48753;7;35;35;71,79045;0;0;0;0
19.03.2020 00:00:00;Reutte;708;32670;3;6;6;18,36547;0;0;0;0
19.03.2020 00:00:00;Schwaz;709;83873;4;18;17;20,26874;0;0;0;1
19.03.2020 00:00:00;Bludenz;801;63714;17;60;57;89,46229;0;0;0;0
19.03.2020 00:00:00;Bregenz;802;134383;8;47;39;29,02153;0;0;0;0
19.03.2020 00:00:00;Dornbirn;803;89041;6;23;19;21,33848;0;0;0;0
19.03.2020 00:00:00;Feldkirch;804;107159;13;59;59;55,05837;0;0;1;1
19.03.2020 00:00:00;Wien;900;1897491;48;294;230;12,12127;2;7;0;22
20.03.2020 00:00:00;Eisenstadt(Stadt);101;14637;0;0;0;0;0;0;0;0
20.03.2020 00:00:00;Rust(Stadt);102;1940;0;0;0;0;0;0;0;0
20.03.2020 00:00:00;Eisenstadt-Umgebung;103;42927;0;5;5;11,64768;0;0;0;0
20.03.2020 00:00:00;Güssing;104;25797;0;0;0;0;0;0;0;0
20.03.2020 00:00:00;Jennersdorf;105;17066;0;2;2;11,71921;0;0;0;0
20.03.2020 00:00:00;Mattersburg;106;39925;0;1;1;2,504696;0;0;0;0
20.03.2020 00:00:00;Neusiedl am See;107;59552;0;12;6;10,07523;0;0;0;0
20.03.2020 00:00:00;Oberpullendorf;108;37513;0;3;3;7,997228;1;1;0;0
20.03.2020 00:00:00;Oberwart;109;54076;3;10;10;18,49249;0;0;0;0
20.03.2020 00:00:00;Klagenfurt Stadt;201;100817;0;17;16;15,87034;0;0;0;0
20.03.2020 00:00:00;Villach Stadt;202;62243;0;5;5;8,033031;0;0;0;0
20.03.2020 00:00:00;Hermagor;203;18224;0;2;2;10,97454;0;0;0;0
20.03.2020 00:00:00;Klagenfurt Land;204;59800;1;11;11;18,39465;0;0;0;0
20.03.2020 00:00:00;Sankt Veit an der Glan;205;54555;1;3;3;5,499038;0;0;0;0
20.03.2020 00:00:00;Spittal an der Drau;206;76091;0;10;8;10,51373;0;0;0;0
20.03.2020 00:00:00;Villach Land;207;64668;1;7;7;10,82452;0;0;0;0
20.03.2020 00:00:00;Völkermarkt;208;41878;1;18;17;40,59411;0;0;0;0
20.03.2020 00:00:00;Wolfsberg;209;52726;1;6;6;11,37959;0;0;0;0
20.03.2020 00:00:00;Feldkirchen;210;29937;1;1;1;3,340348;0;0;0;0
20.03.2020 00:00:00;Krems an der Donau(Stadt);301;24876;0;2;2;8,039878;0;0;0;0
20.03.2020 00:00:00;Sankt Pölten(Stadt);302;55044;6;9;9;16,35056;0;1;0;0
20.03.2020 00:00:00;Waidhofen an der Ybbs(Stadt);303;11261;2;3;3;26,64062;1;1;0;0
20.03.2020 00:00:00;Wiener Neustadt(Stadt);304;45277;4;6;6;13,25176;0;0;0;0
20.03.2020 00:00:00;Amstetten;305;116114;3;60;57;49,08969;0;0;0;0
20.03.2020 00:00:00;Baden;306;146203;0;15;15;10,25971;0;0;0;0
20.03.2020 00:00:00;Bruck an der Leitha;307;102010;1;13;13;12,74385;0;0;0;0
20.03.2020 00:00:00;Gänserndorf;308;103686;5;7;7;6,751153;0;0;0;0
20.03.2020 00:00:00;Gmünd;309;36773;0;1;1;2,719387;0;0;0;0
20.03.2020 00:00:00;Hollabrunn;310;50858;0;2;0;0;0;0;0;0
20.03.2020 00:00:00;Horn;311;31090;0;0;0;0;0;0;0;0
20.03.2020 00:00:00;Korneuburg;312;90889;10;59;31;34,10754;0;0;1;5
20.03.2020 00:00:00;Krems(Land);313;56596;5;16;16;28,27055;1;1;0;0
20.03.2020 00:00:00;Lilienfeld;314;25812;2;8;7;27,11917;0;0;0;0
20.03.2020 00:00:00;Melk;315;77962;5;13;13;16,67479;0;0;0;0
20.03.2020 00:00:00;Mistelbach;316;75483;5;21;20;26,49603;0;0;0;0
20.03.2020 00:00:00;Mödling;317;118998;5;44;40;33,61401;0;0;0;0
20.03.2020 00:00:00;Neunkirchen;318;86291;4;28;27;31,28947;0;0;0;0
20.03.2020 00:00:00;Sankt Pölten(Land);319;131044;8;38;35;26,70859;1;1;0;0
20.03.2020 00:00:00;Scheibbs;320;41403;0;3;3;7,245852;0;0;0;0
20.03.2020 00:00:00;Tulln;321;103771;5;51;38;36,61909;0;0;0;0
20.03.2020 00:00:00;Waidhofen an der Thaya;322;25888;2;3;3;11,58838;0;0;0;0
20.03.2020 00:00:00;Wiener Neustadt(Land);323;77991;2;2;2;2,564399;0;0;0;0
20.03.2020 00:00:00;Zwettl;325;42222;0;0;0;0;0;0;0;0
20.03.2020 00:00:00;Linz(Stadt);401;205726;14;78;64;31,10934;0;0;2;3
20.03.2020 00:00:00;Steyr(Stadt);402;38193;2;5;3;7,854843;0;0;0;1
20.03.2020 00:00:00;Wels(Stadt);403;61727;5;22;16;25,92059;0;0;0;0
20.03.2020 00:00:00;Braunau am Inn;404;104408;4;11;11;10,53559;0;0;0;0
20.03.2020 00:00:00;Eferding;405;33156;0;6;6;18,09627;0;0;0;0
20.03.2020 00:00:00;Freistadt;406;66621;9;30;29;43,52982;0;0;0;0
20.03.2020 00:00:00;Gmunden;407;101631;1;15;14;13,77532;0;0;0;0
20.03.2020 00:00:00;Grieskirchen;408;64721;1;12;9;13,90584;0;0;0;0
20.03.2020 00:00:00;Kirchdorf an der Krems;409;56866;1;14;14;24,61928;0;0;0;0
20.03.2020 00:00:00;Linz-Land;410;150273;10;49;41;27,28368;1;2;0;2
20.03.2020 00:00:00;Perg;411;68459;10;51;38;55,50768;0;0;0;1
20.03.2020 00:00:00;Ried im Innkreis;412;61204;1;13;9;14,70492;0;0;0;0
20.03.2020 00:00:00;Rohrbach;413;56524;8;36;36;63,68976;0;0;0;1
20.03.2020 00:00:00;Schärding;414;57307;3;15;14;24,42982;0;0;0;0
20.03.2020 00:00:00;Steyr-Land;415;60427;2;19;19;31,4429;0;0;0;0
20.03.2020 00:00:00;Urfahr-Umgebung;416;85505;16;78;69;80,69704;0;0;1;1
20.03.2020 00:00:00;Vöcklabruck;417;136253;13;29;26;19,08215;0;0;3;4
20.03.2020 00:00:00;Wels-Land;418;73094;9;28;22;30,09823;0;0;0;0
20.03.2020 00:00:00;Salzburg(Stadt);501;154211;9;38;32;20,75079;0;0;0;1
20.03.2020 00:00:00;Hallein;502;60374;0;4;4;6,625369;0;0;0;0
20.03.2020 00:00:00;Salzburg-Umgebung;503;152281;4;28;26;17,0737;0;0;0;1
20.03.2020 00:00:00;Sankt Johann im Pongau;504;80573;16;55;54;67,01997;0;0;0;0
20.03.2020 00:00:00;Tamsweg;505;20320;0;2;2;9,84252;0;0;0;1
20.03.2020 00:00:00;Zell am See;506;87462;8;49;38;43,44744;0;0;1;4
20.03.2020 00:00:00;Graz(Stadt);601;288806;16;90;79;27,354;0;0;1;2
20.03.2020 00:00:00;Deutschlandsberg;603;60821;0;7;7;11,50918;0;0;0;0
20.03.2020 00:00:00;Graz-Umgebung;606;154260;3;37;35;22,68897;0;1;0;0
20.03.2020 00:00:00;Leibnitz;610;82484;5;40;40;48,49426;0;0;0;0
20.03.2020 00:00:00;Leoben;611;60060;0;7;3;4,995005;0;0;0;0
20.03.2020 00:00:00;Liezen;612;79901;8;24;24;30,03717;0;0;0;0
20.03.2020 00:00:00;Murau;614;27659;0;1;1;3,61546;0;0;0;0
20.03.2020 00:00:00;Voitsberg;616;51161;1;11;10;19,54614;0;0;0;0
20.03.2020 00:00:00;Weiz;617;90343;8;34;32;35,42056;0;0;0;0
20.03.2020 00:00:00;Murtal;620;72004;1;14;8;11,11049;0;1;0;0
20.03.2020 00:00:00;Bruck-Mürzzuschlag;621;98984;3;8;7;7,07185;0;0;0;1
20.03.2020 00:00:00;Hartberg-Fürstenfeld;622;90622;8;60;50;55,17424;0;2;0;0
20.03.2020 00:00:00;Südoststeiermark;623;85947;3;18;17;19,77963;0;0;0;0
20.03.2020 00:00:00;Innsbruck-Stadt;701;132110;30;167;134;101,4306;0;0;1;5
20.03.2020 00:00:00;Imst;702;60056;5;48;45;74,93007;0;0;0;0
20.03.2020 00:00:00;Innsbruck-Land;703;179318;15;101;77;42,94048;0;1;0;0
20.03.2020 00:00:00;Kitzbühel;704;63881;15;53;51;79,83595;0;0;0;0
20.03.2020 00:00:00;Kufstein;705;109682;11;55;55;50,14497;0;0;0;0
20.03.2020 00:00:00;Landeck;706;44362;26;260;191;430,5487;0;1;1;1
20.03.2020 00:00:00;Lienz;707;48753;4;39;39;79,99508;0;0;0;0
20.03.2020 00:00:00;Reutte;708;32670;0;6;6;18,36547;0;0;0;0
20.03.2020 00:00:00;Schwaz;709;83873;18;36;35;41,72976;0;0;0;1
20.03.2020 00:00:00;Bludenz;801;63714;11;71;68;106,7269;0;0;0;0
20.03.2020 00:00:00;Bregenz;802;134383;10;57;48;35,7188;0;0;0;0
20.03.2020 00:00:00;Dornbirn;803;89041;2;25;20;22,46156;0;0;0;0
20.03.2020 00:00:00;Feldkirch;804;107159;12;71;71;66,25668;0;0;0;1
20.03.2020 00:00:00;Wien;900;1897491;65;359;294;15,49414;0;7;2;24
21.03.2020 00:00:00;Eisenstadt(Stadt);101;14637;1;1;1;6,832001;0;0;0;0
21.03.2020 00:00:00;Rust(Stadt);102;1940;0;0;0;0;0;0;0;0
21.03.2020 00:00:00;Eisenstadt-Umgebung;103;42927;1;6;6;13,97722;0;0;0;0
21.03.2020 00:00:00;Güssing;104;25797;0;0;0;0;0;0;0;0
21.03.2020 00:00:00;Jennersdorf;105;17066;1;3;2;11,71921;0;0;0;0
21.03.2020 00:00:00;Mattersburg;106;39925;2;3;3;7,514089;0;0;0;0
21.03.2020 00:00:00;Neusiedl am See;107;59552;5;17;11;18,47125;0;0;0;0
21.03.2020 00:00:00;Oberpullendorf;108;37513;1;4;4;10,66297;0;1;0;0
21.03.2020 00:00:00;Oberwart;109;54076;8;18;16;29,58799;0;0;0;0
21.03.2020 00:00:00;Klagenfurt Stadt;201;100817;2;19;18;17,85413;1;1;1;1
21.03.2020 00:00:00;Villach Stadt;202;62243;5;10;10;16,06606;0;0;0;0
21.03.2020 00:00:00;Hermagor;203;18224;0;2;2;10,97454;0;0;0;0
21.03.2020 00:00:00;Klagenfurt Land;204;59800;2;13;13;21,73913;1;1;0;0
21.03.2020 00:00:00;Sankt Veit an der Glan;205;54555;0;3;3;5,499038;0;0;0;0
21.03.2020 00:00:00;Spittal an der Drau;206;76091;1;11;9;11,82794;0;0;0;0
21.03.2020 00:00:00;Villach Land;207;64668;5;12;12;18,55632;0;0;0;0
21.03.2020 00:00:00;Völkermarkt;208;41878;7;25;24;57,30933;0;0;0;0
21.03.2020 00:00:00;Wolfsberg;209;52726;3;9;9;17,06938;0;0;0;0
21.03.2020 00:00:00;Feldkirchen;210;29937;0;1;1;3,340348;0;0;0;0
21.03.2020 00:00:00;Krems an der Donau(Stadt);301;24876;0;2;2;8,039878;0;0;0;0
21.03.2020 00:00:00;Sankt Pölten(Stadt);302;55044;0;9;9;16,35056;0;1;0;0
21.03.2020 00:00:00;Waidhofen an der Ybbs(Stadt);303;11261;0;3;3;26,64062;0;1;0;0
21.03.2020 00:00:00;Wiener Neustadt(Stadt);304;45277;0;6;6;13,25176;0;0;0;0
21.03.2020 00:00:00;Amstetten;305;116114;8;68;60;51,67336;0;0;0;0
21.03.2020 00:00:00;Baden;306;146203;6;21;20;13,67961;0;0;0;0
21.03.2020 00:00:00;Bruck an der Leitha;307;102010;4;17;15;14,70444;0;0;0;0
21.03.2020 00:00:00;Gänserndorf;308;103686;4;11;11;10,60895;0;0;0;0
21.03.2020 00:00:00;Gmünd;309;36773;1;2;2;5,438773;0;0;0;0
21.03.2020 00:00:00;Hollabrunn;310;50858;0;2;0;0;0;0;0;0
21.03.2020 00:00:00;Horn;311;31090;0;0;0;0;0;0;0;0
21.03.2020 00:00:00;Korneuburg;312;90889;3;62;32;35,20778;0;0;0;5
21.03.2020 00:00:00;Krems(Land);313;56596;4;20;20;35,33819;0;1;0;0
21.03.2020 00:00:00;Lilienfeld;314;25812;1;9;7;27,11917;0;0;0;0
21.03.2020 00:00:00;Melk;315;77962;5;18;18;23,08817;0;0;0;0
21.03.2020 00:00:00;Mistelbach;316;75483;4;25;21;27,82083;0;0;0;0
21.03.2020 00:00:00;Mödling;317;118998;1;45;40;33,61401;0;0;0;0
21.03.2020 00:00:00;Neunkirchen;318;86291;7;35;34;39,40156;0;0;0;0
21.03.2020 00:00:00;Sankt Pölten(Land);319;131044;1;39;34;25,94548;0;1;0;0
21.03.2020 00:00:00;Scheibbs;320;41403;2;5;5;12,07642;0;0;0;0
21.03.2020 00:00:00;Tulln;321;103771;3;54;34;32,76445;0;0;0;0
21.03.2020 00:00:00;Waidhofen an der Thaya;322;25888;0;3;3;11,58838;0;0;0;0
21.03.2020 00:00:00;Wiener Neustadt(Land);323;77991;2;4;4;5,128797;0;0;0;0
21.03.2020 00:00:00;Zwettl;325;42222;1;1;1;2,368433;0;0;0;0
21.03.2020 00:00:00;Linz(Stadt);401;205726;8;86;64;31,10934;0;0;0;3
21.03.2020 00:00:00;Steyr(Stadt);402;38193;2;7;5;13,0914;0;0;0;1
21.03.2020 00:00:00;Wels(Stadt);403;61727;0;22;14;22,68051;0;0;0;0
21.03.2020 00:00:00;Braunau am Inn;404;104408;2;13;13;12,45115;0;0;0;0
21.03.2020 00:00:00;Eferding;405;33156;1;7;7;21,11232;0;0;0;0
21.03.2020 00:00:00;Freistadt;406;66621;4;34;31;46,53188;0;0;0;0
21.03.2020 00:00:00;Gmunden;407;101631;2;17;13;12,79137;0;0;0;0
21.03.2020 00:00:00;Grieskirchen;408;64721;0;12;9;13,90584;0;0;0;0
21.03.2020 00:00:00;Kirchdorf an der Krems;409;56866;1;15;15;26,3778;0;0;0;0
21.03.2020 00:00:00;Linz-Land;410;150273;11;60;48;31,94187;0;2;0;2
21.03.2020 00:00:00;Perg;411;68459;35;86;70;102,251;0;0;0;1
21.03.2020 00:00:00;Ried im Innkreis;412;61204;0;13;7;11,43716;0;0;0;0
21.03.2020 00:00:00;Rohrbach;413;56524;4;40;39;68,99724;0;0;0;1
21.03.2020 00:00:00;Schärding;414;57307;3;18;17;29,66479;0;0;0;0
21.03.2020 00:00:00;Steyr-Land;415;60427;6;25;25;41,37223;0;0;0;0
21.03.2020 00:00:00;Urfahr-Umgebung;416;85505;10;88;75;87,71417;0;0;0;1
21.03.2020 00:00:00;Vöcklabruck;417;136253;5;34;30;22,01786;0;0;2;6
21.03.2020 00:00:00;Wels-Land;418;73094;2;30;23;31,46633;0;0;0;0
21.03.2020 00:00:00;Salzburg(Stadt);501;154211;3;41;35;22,69618;0;0;0;1
21.03.2020 00:00:00;Hallein;502;60374;2;6;6;9,938053;0;0;0;0
21.03.2020 00:00:00;Salzburg-Umgebung;503;152281;4;32;29;19,04374;0;0;0;1
21.03.2020 00:00:00;Sankt Johann im Pongau;504;80573;23;78;77;95,56551;0;0;0;0
21.03.2020 00:00:00;Tamsweg;505;20320;0;2;1;4,92126;0;0;0;1
21.03.2020 00:00:00;Zell am See;506;87462;0;49;38;43,44744;0;0;4;8
21.03.2020 00:00:00;Graz(Stadt);601;288806;14;104;87;30,12403;0;0;0;2
21.03.2020 00:00:00;Deutschlandsberg;603;60821;1;8;8;13,15335;0;0;0;0
21.03.2020 00:00:00;Graz-Umgebung;606;154260;10;47;43;27,87502;0;1;0;0
21.03.2020 00:00:00;Leibnitz;610;82484;7;47;44;53,34368;0;0;0;0
21.03.2020 00:00:00;Leoben;611;60060;0;7;2;3,330003;0;0;0;0
21.03.2020 00:00:00;Liezen;612;79901;4;28;27;33,79182;0;0;0;0
21.03.2020 00:00:00;Murau;614;27659;0;1;1;3,61546;0;0;0;0
21.03.2020 00:00:00;Voitsberg;616;51161;1;12;10;19,54614;0;0;0;0
21.03.2020 00:00:00;Weiz;617;90343;6;40;34;37,63435;0;0;0;0
21.03.2020 00:00:00;Murtal;620;72004;1;15;7;9,721683;0;1;0;0
21.03.2020 00:00:00;Bruck-Mürzzuschlag;621;98984;1;9;8;8,082114;0;0;0;1
21.03.2020 00:00:00;Hartberg-Fürstenfeld;622;90622;14;74;61;67,31258;2;4;0;0
21.03.2020 00:00:00;Südoststeiermark;623;85947;2;20;18;20,94314;0;0;0;0
21.03.2020 00:00:00;Innsbruck-Stadt;701;132110;29;196;146;110,514;0;0;1;6
21.03.2020 00:00:00;Imst;702;60056;11;59;54;89,91608;0;0;0;0
21.03.2020 00:00:00;Innsbruck-Land;703;179318;32;133;102;56,88219;0;1;0;0
21.03.2020 00:00:00;Kitzbühel;704;63881;29;82;80;125,2329;0;0;1;1
21.03.2020 00:00:00;Kufstein;705;109682;36;91;90;82,0554;0;0;0;0
21.03.2020 00:00:00;Landeck;706;44362;31;291;182;410,261;0;1;0;1
21.03.2020 00:00:00;Lienz;707;48753;2;41;41;84,09739;0;0;0;0
21.03.2020 00:00:00;Reutte;708;32670;3;9;8;24,4873;0;0;0;0
21.03.2020 00:00:00;Schwaz;709;83873;25;61;56;66,76762;0;0;0;1
21.03.2020 00:00:00;Bludenz;801;63714;9;80;77;120,8526;0;0;0;0
21.03.2020 00:00:00;Bregenz;802;134383;4;61;45;33,48638;0;0;0;0
21.03.2020 00:00:00;Dornbirn;803;89041;8;33;28;31,44619;0;0;0;0
21.03.2020 00:00:00;Feldkirch;804;107159;13;84;82;76,5218;0;0;0;1
21.03.2020 00:00:00;Wien;900;1897491;21;380;299;15,75765;2;9;3;27
22.03.2020 00:00:00;Eisenstadt(Stadt);101;14637;2;3;3;20,496;0;0;0;0
22.03.2020 00:00:00;Rust(Stadt);102;1940;0;0;0;0;0;0;0;0
22.03.2020 00:00:00;Eisenstadt-Umgebung;103;42927;1;7;7;16,30675;0;0;0;0
22.03.2020 00:00:00;Güssing;104;25797;0;0;0;0;0;0;0;0
22.03.2020 00:00:00;Jennersdorf;105;17066;0;3;2;11,71921;0;0;0;0
22.03.2020 00:00:00;Mattersburg;106;39925;1;4;4;10,01879;0;0;0;0
22.03.2020 00:00:00;Neusiedl am See;107;59552;3;20;14;23,50887;0;0;0;0
22.03.2020 00:00:00;Oberpullendorf;108;37513;2;6;6;15,99446;0;1;0;0
22.03.2020 00:00:00;Oberwart;109;54076;2;20;18;33,28649;0;0;0;0
22.03.2020 00:00:00;Klagenfurt Stadt;201;100817;1;20;19;18,84603;0;1;0;1
22.03.2020 00:00:00;Villach Stadt;202;62243;0;10;10;16,06606;0;0;0;0
22.03.2020 00:00:00;Hermagor;203;18224;0;2;2;10,97454;0;0;0;0
22.03.2020 00:00:00;Klagenfurt Land;204;59800;2;15;14;23,41137;0;1;0;0
22.03.2020 00:00:00;Sankt Veit an der Glan;205;54555;4;7;7;12,83109;0;0;0;0
22.03.2020 00:00:00;Spittal an der Drau;206;76091;0;11;9;11,82794;0;0;0;0
22.03.2020 00:00:00;Villach Land;207;64668;1;13;13;20,10268;0;0;0;0
22.03.2020 00:00:00;Völkermarkt;208;41878;4;29;28;66,86088;0;0;0;0
22.03.2020 00:00:00;Wolfsberg;209;52726;1;10;10;18,96597;0;0;0;0
22.03.2020 00:00:00;Feldkirchen;210;29937;1;2;2;6,680696;0;0;0;0
22.03.2020 00:00:00;Krems an der Donau(Stadt);301;24876;0;2;2;8,039878;0;0;0;0
22.03.2020 00:00:00;Sankt Pölten(Stadt);302;55044;2;11;10;18,16728;0;1;0;0
22.03.2020 00:00:00;Waidhofen an der Ybbs(Stadt);303;11261;0;3;3;26,64062;0;1;0;0
22.03.2020 00:00:00;Wiener Neustadt(Stadt);304;45277;2;8;8;17,66902;0;0;0;0
22.03.2020 00:00:00;Amstetten;305;116114;12;80;60;51,67336;0;0;0;0
22.03.2020 00:00:00;Baden;306;146203;9;30;29;19,83543;0;0;0;0
22.03.2020 00:00:00;Bruck an der Leitha;307;102010;2;19;17;16,66503;0;0;0;0
22.03.2020 00:00:00;Gänserndorf;308;103686;9;20;20;19,28901;0;0;0;0
22.03.2020 00:00:00;Gmünd;309;36773;1;3;3;8,158159;0;0;0;0
22.03.2020 00:00:00;Hollabrunn;310;50858;0;2;0;0;0;0;0;0
22.03.2020 00:00:00;Horn;311;31090;0;0;0;0;0;0;0;0
22.03.2020 00:00:00;Korneuburg;312;90889;5;67;33;36,30803;0;0;1;6
22.03.2020 00:00:00;Krems(Land);313;56596;7;27;26;45,93964;1;2;0;0
22.03.2020 00:00:00;Lilienfeld;314;25812;1;10;8;30,99334;0;0;0;0
22.03.2020 00:00:00;Melk;315;77962;4;22;21;26,9362;0;0;0;0
22.03.2020 00:00:00;Mistelbach;316;75483;8;33;29;38,41925;0;0;0;0
22.03.2020 00:00:00;Mödling;317;118998;12;57;49;41,17716;0;0;0;0
22.03.2020 00:00:00;Neunkirchen;318;86291;23;58;57;66,05556;1;1;0;0
22.03.2020 00:00:00;Sankt Pölten(Land);319;131044;10;49;40;30,5241;0;1;0;0
22.03.2020 00:00:00;Scheibbs;320;41403;5;10;10;24,15284;0;0;0;0
22.03.2020 00:00:00;Tulln;321;103771;2;56;31;29,87347;1;1;0;0
22.03.2020 00:00:00;Waidhofen an der Thaya;322;25888;0;3;3;11,58838;0;0;0;0
22.03.2020 00:00:00;Wiener Neustadt(Land);323;77991;1;5;5;6,410996;0;0;0;0
22.03.2020 00:00:00;Zwettl;325;42222;1;2;2;4,736867;0;0;0;0
22.03.2020 00:00:00;Linz(Stadt);401;205726;7;93;61;29,65109;0;0;2;5
22.03.2020 00:00:00;Steyr(Stadt);402;38193;1;8;6;15,70969;0;0;0;1
22.03.2020 00:00:00;Wels(Stadt);403;61727;4;26;16;25,92059;0;0;0;0
22.03.2020 00:00:00;Braunau am Inn;404;104408;1;14;13;12,45115;0;0;0;0
22.03.2020 00:00:00;Eferding;405;33156;0;7;7;21,11232;0;0;0;0
22.03.2020 00:00:00;Freistadt;406;66621;7;41;36;54,03701;0;0;0;0
22.03.2020 00:00:00;Gmunden;407;101631;1;18;12;11,80742;0;0;0;0
22.03.2020 00:00:00;Grieskirchen;408;64721;1;13;7;10,81565;0;0;0;0
22.03.2020 00:00:00;Kirchdorf an der Krems;409;56866;1;16;15;26,3778;0;0;0;0
22.03.2020 00:00:00;Linz-Land;410;150273;8;68;55;36,60006;0;2;0;2
22.03.2020 00:00:00;Perg;411;68459;12;98;79;115,3975;0;0;0;1
22.03.2020 00:00:00;Ried im Innkreis;412;61204;1;14;6;9,803281;0;0;0;0
22.03.2020 00:00:00;Rohrbach;413;56524;19;59;55;97,3038;0;0;0;1
22.03.2020 00:00:00;Schärding;414;57307;2;20;18;31,40977;0;0;0;0
22.03.2020 00:00:00;Steyr-Land;415;60427;5;30;28;46,3369;0;0;0;0
22.03.2020 00:00:00;Urfahr-Umgebung;416;85505;13;101;74;86,54465;0;0;0;1
22.03.2020 00:00:00;Vöcklabruck;417;136253;3;37;32;23,48572;0;0;2;8
22.03.2020 00:00:00;Wels-Land;418;73094;3;33;22;30,09823;0;0;0;0
22.03.2020 00:00:00;Salzburg(Stadt);501;154211;10;51;38;24,64156;0;0;0;1
22.03.2020 00:00:00;Hallein;502;60374;13;19;18;29,81416;0;0;0;0
22.03.2020 00:00:00;Salzburg-Umgebung;503;152281;16;48;41;26,92391;0;0;0;1
22.03.2020 00:00:00;Sankt Johann im Pongau;504;80573;52;130;127;157,621;0;0;0;0
22.03.2020 00:00:00;Tamsweg;505;20320;4;6;5;24,6063;0;0;0;1
22.03.2020 00:00:00;Zell am See;506;87462;49;98;84;96,04171;0;0;0;8
22.03.2020 00:00:00;Graz(Stadt);601;288806;10;114;91;31,50904;0;0;0;2
22.03.2020 00:00:00;Deutschlandsberg;603;60821;0;8;8;13,15335;0;0;0;0
22.03.2020 00:00:00;Graz-Umgebung;606;154260;4;51;41;26,5785;0;1;0;0
22.03.2020 00:00:00;Leibnitz;610;82484;8;55;50;60,61782;0;0;0;0
22.03.2020 00:00:00;Leoben;611;60060;1;8;3;4,995005;0;0;0;0
22.03.2020 00:00:00;Liezen;612;79901;8;36;35;43,80421;0;0;0;0
22.03.2020 00:00:00;Murau;614;27659;0;1;1;3,61546;0;0;0;0
22.03.2020 00:00:00;Voitsberg;616;51161;0;12;10;19,54614;0;0;0;0
22.03.2020 00:00:00;Weiz;617;90343;6;46;40;44,2757;0;0;0;0
22.03.2020 00:00:00;Murtal;620;72004;0;15;6;8,33287;0;1;0;0
22.03.2020 00:00:00;Bruck-Mürzzuschlag;621;98984;1;10;6;6,061586;0;0;0;1
22.03.2020 00:00:00;Hartberg-Fürstenfeld;622;90622;1;75;60;66,20909;1;5;0;0
22.03.2020 00:00:00;Südoststeiermark;623;85947;1;21;19;22,10665;0;0;0;0
22.03.2020 00:00:00;Innsbruck-Stadt;701;132110;15;211;155;117,3265;0;0;4;10
22.03.2020 00:00:00;Imst;702;60056;12;71;63;104,9021;0;0;0;0
22.03.2020 00:00:00;Innsbruck-Land;703;179318;5;138;104;57,99752;0;1;0;0
22.03.2020 00:00:00;Kitzbühel;704;63881;4;86;80;125,2329;0;0;0;1
22.03.2020 00:00:00;Kufstein;705;109682;8;99;96;87,52576;0;0;0;0
22.03.2020 00:00:00;Landeck;706;44362;19;310;172;387,7192;2;3;1;2
22.03.2020 00:00:00;Lienz;707;48753;4;45;40;82,04623;0;0;0;0
22.03.2020 00:00:00;Reutte;708;32670;4;13;12;36,73095;0;0;0;0
22.03.2020 00:00:00;Schwaz;709;83873;4;65;60;71,53673;0;0;0;1
22.03.2020 00:00:00;Bludenz;801;63714;13;93;88;138,1172;0;0;1;1
22.03.2020 00:00:00;Bregenz;802;134383;11;72;53;39,43951;0;0;1;1
22.03.2020 00:00:00;Dornbirn;803;89041;6;39;30;33,69234;0;0;1;1
22.03.2020 00:00:00;Feldkirch;804;107159;14;98;83;77,45499;0;0;1;2
22.03.2020 00:00:00;Wien;900;1897491;84;464;367;19,34133;2;11;7;34
23.03.2020 00:00:00;Eisenstadt(Stadt);101;14637;4;7;7;47,82401;0;0;0;0
23.03.2020 00:00:00;Rust(Stadt);102;1940;0;0;0;0;0;0;0;0
23.03.2020 00:00:00;Eisenstadt-Umgebung;103;42927;0;7;7;16,30675;0;0;0;0
23.03.2020 00:00:00;Güssing;104;25797;0;0;0;0;0;0;0;0
23.03.2020 00:00:00;Jennersdorf;105;17066;1;4;3;17,57881;0;0;0;0
23.03.2020 00:00:00;Mattersburg;106;39925;3;7;7;17,53288;0;0;0;0
23.03.2020 00:00:00;Neusiedl am See;107;59552;5;25;19;31,90489;1;1;2;2
23.03.2020 00:00:00;Oberpullendorf;108;37513;2;8;8;21,32594;0;1;0;0
23.03.2020 00:00:00;Oberwart;109;54076;8;28;26;48,08048;0;0;0;0
23.03.2020 00:00:00;Klagenfurt Stadt;201;100817;6;26;23;22,81361;0;1;0;1
23.03.2020 00:00:00;Villach Stadt;202;62243;0;10;10;16,06606;0;0;0;0
23.03.2020 00:00:00;Hermagor;203;18224;1;3;3;16,46181;0;0;0;0
23.03.2020 00:00:00;Klagenfurt Land;204;59800;4;19;18;30,10033;0;1;0;0
23.03.2020 00:00:00;Sankt Veit an der Glan;205;54555;3;10;10;18,33013;0;0;0;0
23.03.2020 00:00:00;Spittal an der Drau;206;76091;0;11;9;11,82794;0;0;0;0
23.03.2020 00:00:00;Villach Land;207;64668;1;14;14;21,64904;0;0;0;0
23.03.2020 00:00:00;Völkermarkt;208;41878;2;31;30;71,63666;0;0;0;0
23.03.2020 00:00:00;Wolfsberg;209;52726;4;14;14;26,55236;0;0;0;0
23.03.2020 00:00:00;Feldkirchen;210;29937;1;3;3;10,02104;0;0;0;0
23.03.2020 00:00:00;Krems an der Donau(Stadt);301;24876;3;5;5;20,0997;0;0;0;0
23.03.2020 00:00:00;Sankt Pölten(Stadt);302;55044;1;12;11;19,98401;0;1;0;0
23.03.2020 00:00:00;Waidhofen an der Ybbs(Stadt);303;11261;1;4;4;35,52082;0;1;0;0
23.03.2020 00:00:00;Wiener Neustadt(Stadt);304;45277;4;12;11;24,2949;0;0;0;0
23.03.2020 00:00:00;Amstetten;305;116114;13;93;64;55,11824;0;0;5;5
23.03.2020 00:00:00;Baden;306;146203;10;40;35;23,93932;0;0;0;0
23.03.2020 00:00:00;Bruck an der Leitha;307;102010;0;19;15;14,70444;0;0;0;0
23.03.2020 00:00:00;Gänserndorf;308;103686;2;22;20;19,28901;0;0;0;0
23.03.2020 00:00:00;Gmünd;309;36773;0;3;3;8,158159;0;0;0;0
23.03.2020 00:00:00;Hollabrunn;310;50858;0;2;0;0;0;0;0;0
23.03.2020 00:00:00;Horn;311;31090;0;0;0;0;0;0;0;0
23.03.2020 00:00:00;Korneuburg;312;90889;2;69;29;31,90705;0;0;0;6
23.03.2020 00:00:00;Krems(Land);313;56596;5;32;30;53,00728;0;2;0;0
23.03.2020 00:00:00;Lilienfeld;314;25812;1;11;9;34,8675;0;0;0;0
23.03.2020 00:00:00;Melk;315;77962;4;26;24;30,78423;0;0;0;0
23.03.2020 00:00:00;Mistelbach;316;75483;4;37;31;41,06885;0;0;0;0
23.03.2020 00:00:00;Mödling;317;118998;7;64;47;39,49646;1;1;0;0
23.03.2020 00:00:00;Neunkirchen;318;86291;1;59;57;66,05556;0;1;0;0
23.03.2020 00:00:00;Sankt Pölten(Land);319;131044;4;53;40;30,5241;0;1;1;1
23.03.2020 00:00:00;Scheibbs;320;41403;2;12;12;28,98341;0;0;0;0
23.03.2020 00:00:00;Tulln;321;103771;4;60;34;32,76445;0;1;0;0
23.03.2020 00:00:00;Waidhofen an der Thaya;322;25888;1;4;4;15,45117;0;0;0;0
23.03.2020 00:00:00;Wiener Neustadt(Land);323;77991;0;5;5;6,410996;0;0;0;0
23.03.2020 00:00:00;Zwettl;325;42222;2;4;4;9,473734;0;0;0;0
23.03.2020 00:00:00;Linz(Stadt);401;205726;17;110;72;34,99801;0;0;3;8
23.03.2020 00:00:00;Steyr(Stadt);402;38193;1;9;7;18,32797;0;0;0;1
23.03.2020 00:00:00;Wels(Stadt);403;61727;4;30;20;32,40073;0;0;0;0
23.03.2020 00:00:00;Braunau am Inn;404;104408;0;14;13;12,45115;0;0;0;0
23.03.2020 00:00:00;Eferding;405;33156;1;8;6;18,09627;0;0;0;0
23.03.2020 00:00:00;Freistadt;406;66621;6;47;38;57,03907;0;0;0;0
23.03.2020 00:00:00;Gmunden;407;101631;2;20;10;9,839518;0;0;0;0
23.03.2020 00:00:00;Grieskirchen;408;64721;0;13;6;9,270561;0;0;1;1
23.03.2020 00:00:00;Kirchdorf an der Krems;409;56866;0;16;12;21,10224;0;0;0;0
23.03.2020 00:00:00;Linz-Land;410;150273;4;72;45;29,9455;0;2;0;2
23.03.2020 00:00:00;Perg;411;68459;5;103;83;121,2404;0;0;0;1
23.03.2020 00:00:00;Ried im Innkreis;412;61204;3;17;9;14,70492;0;0;0;0
23.03.2020 00:00:00;Rohrbach;413;56524;3;62;53;93,76548;0;0;0;1
23.03.2020 00:00:00;Schärding;414;57307;4;24;22;38,38972;0;0;0;0
23.03.2020 00:00:00;Steyr-Land;415;60427;1;31;27;44,68201;0;0;0;0
23.03.2020 00:00:00;Urfahr-Umgebung;416;85505;12;113;81;94,7313;0;0;3;4
23.03.2020 00:00:00;Vöcklabruck;417;136253;7;44;39;28,62322;0;0;0;8
23.03.2020 00:00:00;Wels-Land;418;73094;4;37;26;35,57064;0;0;0;0
23.03.2020 00:00:00;Salzburg(Stadt);501;154211;15;66;51;33,07157;0;0;0;1
23.03.2020 00:00:00;Hallein;502;60374;6;25;24;39,75221;0;0;0;0
23.03.2020 00:00:00;Salzburg-Umgebung;503;152281;13;61;54;35,46076;0;0;1;2
23.03.2020 00:00:00;Sankt Johann im Pongau;504;80573;9;139;135;167,5499;0;0;1;1
23.03.2020 00:00:00;Tamsweg;505;20320;0;6;4;19,68504;0;0;0;1
23.03.2020 00:00:00;Zell am See;506;87462;8;106;82;93,755;0;0;2;10
23.03.2020 00:00:00;Graz(Stadt);601;288806;14;128;97;33,58656;0;0;1;3
23.03.2020 00:00:00;Deutschlandsberg;603;60821;0;8;8;13,15335;0;0;0;0
23.03.2020 00:00:00;Graz-Umgebung;606;154260;4;55;45;29,17153;0;1;0;0
23.03.2020 00:00:00;Leibnitz;610;82484;4;59;47;56,98075;1;1;0;0
23.03.2020 00:00:00;Leoben;611;60060;0;8;1;1,665002;0;0;0;0
23.03.2020 00:00:00;Liezen;612;79901;0;36;32;40,04956;0;0;0;0
23.03.2020 00:00:00;Murau;614;27659;0;1;1;3,61546;0;0;0;0
23.03.2020 00:00:00;Voitsberg;616;51161;10;22;18;35,18305;0;0;0;0
23.03.2020 00:00:00;Weiz;617;90343;5;51;44;48,70327;0;0;0;0
23.03.2020 00:00:00;Murtal;620;72004;0;15;6;8,33287;0;1;0;0
23.03.2020 00:00:00;Bruck-Mürzzuschlag;621;98984;5;15;11;11,11291;0;0;1;2
23.03.2020 00:00:00;Hartberg-Fürstenfeld;622;90622;5;80;57;62,89863;0;5;0;0
23.03.2020 00:00:00;Südoststeiermark;623;85947;1;22;20;23,27015;0;0;0;0
23.03.2020 00:00:00;Innsbruck-Stadt;701;132110;42;253;191;144,5765;0;0;2;12
23.03.2020 00:00:00;Imst;702;60056;22;93;80;133,209;0;0;0;0
23.03.2020 00:00:00;Innsbruck-Land;703;179318;22;160;124;69,15089;0;1;1;1
23.03.2020 00:00:00;Kitzbühel;704;63881;18;104;97;151,8448;1;1;0;1
23.03.2020 00:00:00;Kufstein;705;109682;19;118;110;100,2899;0;0;0;0
23.03.2020 00:00:00;Landeck;706;44362;66;376;228;513,9534;2;5;14;16
23.03.2020 00:00:00;Lienz;707;48753;4;49;44;90,25085;0;0;0;0
23.03.2020 00:00:00;Reutte;708;32670;7;20;19;58,15733;0;0;0;0
23.03.2020 00:00:00;Schwaz;709;83873;19;84;79;94,19003;0;0;0;1
23.03.2020 00:00:00;Bludenz;801;63714;14;107;101;158,5209;0;0;2;3
23.03.2020 00:00:00;Bregenz;802;134383;15;87;67;49,8575;0;0;3;4
23.03.2020 00:00:00;Dornbirn;803;89041;13;52;41;46,0462;0;0;0;1
23.03.2020 00:00:00;Feldkirch;804;107159;18;116;99;92,38608;0;0;2;4
23.03.2020 00:00:00;Wien;900;1897491;122;586;464;24,45334;6;17;13;47
24.03.2020 00:00:00;Eisenstadt(Stadt);101;14637;0;7;7;47,82401;0;0;0;0
24.03.2020 00:00:00;Rust(Stadt);102;1940;0;0;0;0;0;0;0;0
24.03.2020 00:00:00;Eisenstadt-Umgebung;103;42927;0;7;7;16,30675;0;0;0;0
24.03.2020 00:00:00;Güssing;104;25797;0;0;0;0;0;0;0;0
24.03.2020 00:00:00;Jennersdorf;105;17066;0;4;3;17,57881;0;0;0;0
24.03.2020 00:00:00;Mattersburg;106;39925;0;7;7;17,53288;0;0;0;0
24.03.2020 00:00:00;Neusiedl am See;107;59552;1;26;19;31,90489;0;1;0;2
24.03.2020 00:00:00;Oberpullendorf;108;37513;0;8;7;18,6602;0;1;0;0
24.03.2020 00:00:00;Oberwart;109;54076;1;29;27;49,92973;0;0;0;0
24.03.2020 00:00:00;Klagenfurt Stadt;201;100817;10;36;29;28,76499;0;1;3;4
24.03.2020 00:00:00;Villach Stadt;202;62243;2;12;12;19,27928;0;0;0;0
24.03.2020 00:00:00;Hermagor;203;18224;0;3;3;16,46181;0;0;0;0
24.03.2020 00:00:00;Klagenfurt Land;204;59800;2;21;15;25,08361;0;1;0;0
24.03.2020 00:00:00;Sankt Veit an der Glan;205;54555;1;11;11;20,16314;0;0;1;1
24.03.2020 00:00:00;Spittal an der Drau;206;76091;3;14;12;15,77059;0;0;2;2
24.03.2020 00:00:00;Villach Land;207;64668;4;18;14;21,64904;0;0;0;0
24.03.2020 00:00:00;Völkermarkt;208;41878;1;32;29;69,24877;0;0;1;1
24.03.2020 00:00:00;Wolfsberg;209;52726;1;15;15;28,44896;0;0;0;0
24.03.2020 00:00:00;Feldkirchen;210;29937;1;4;4;13,36139;0;0;0;0
24.03.2020 00:00:00;Krems an der Donau(Stadt);301;24876;1;6;6;24,11963;0;0;0;0
24.03.2020 00:00:00;Sankt Pölten(Stadt);302;55044;3;15;14;25,4342;0;1;0;0
24.03.2020 00:00:00;Waidhofen an der Ybbs(Stadt);303;11261;0;4;4;35,52082;0;1;1;1
24.03.2020 00:00:00;Wiener Neustadt(Stadt);304;45277;0;12;10;22,08627;0;0;0;0
24.03.2020 00:00:00;Amstetten;305;116114;9;102;72;62,00803;0;0;0;5
24.03.2020 00:00:00;Baden;306;146203;9;49;44;30,09514;0;0;0;0
24.03.2020 00:00:00;Bruck an der Leitha;307;102010;7;26;21;20,58622;0;0;0;0
24.03.2020 00:00:00;Gänserndorf;308;103686;1;23;21;20,25346;0;0;0;0
24.03.2020 00:00:00;Gmünd;309;36773;2;5;5;13,59693;0;0;0;0
24.03.2020 00:00:00;Hollabrunn;310;50858;1;3;1;1,966259;0;0;0;0
24.03.2020 00:00:00;Horn;311;31090;3;3;3;9,649405;0;0;0;0
24.03.2020 00:00:00;Korneuburg;312;90889;7;76;36;39,60875;1;1;6;12
24.03.2020 00:00:00;Krems(Land);313;56596;16;48;46;81,27783;0;2;1;1
24.03.2020 00:00:00;Lilienfeld;314;25812;1;12;10;38,74167;1;1;0;0
24.03.2020 00:00:00;Melk;315;77962;6;32;30;38,48029;0;0;1;1
24.03.2020 00:00:00;Mistelbach;316;75483;5;42;34;45,04325;0;0;0;0
24.03.2020 00:00:00;Mödling;317;118998;9;73;53;44,53856;0;1;3;3
24.03.2020 00:00:00;Neunkirchen;318;86291;9;68;61;70,69103;0;1;0;0
24.03.2020 00:00:00;Sankt Pölten(Land);319;131044;21;74;61;46,54925;1;2;1;2
24.03.2020 00:00:00;Scheibbs;320;41403;3;15;15;36,22926;0;0;0;0
24.03.2020 00:00:00;Tulln;321;103771;9;69;43;41,4374;0;1;6;6
24.03.2020 00:00:00;Waidhofen an der Thaya;322;25888;1;5;5;19,31397;0;0;0;0
24.03.2020 00:00:00;Wiener Neustadt(Land);323;77991;2;7;7;8,975394;0;0;0;0
24.03.2020 00:00:00;Zwettl;325;42222;4;8;8;18,94747;0;0;0;0
24.03.2020 00:00:00;Linz(Stadt);401;205726;11;121;78;37,91451;0;0;0;8
24.03.2020 00:00:00;Steyr(Stadt);402;38193;3;12;10;26,18281;0;0;0;1
24.03.2020 00:00:00;Wels(Stadt);403;61727;2;32;21;34,02077;0;0;0;0
24.03.2020 00:00:00;Braunau am Inn;404;104408;5;19;18;17,24006;0;0;0;0
24.03.2020 00:00:00;Eferding;405;33156;5;13;10;30,16045;0;0;0;0
24.03.2020 00:00:00;Freistadt;406;66621;1;48;38;57,03907;0;0;0;0
24.03.2020 00:00:00;Gmunden;407;101631;9;29;18;17,71113;0;0;0;0
24.03.2020 00:00:00;Grieskirchen;408;64721;2;15;8;12,36075;0;0;0;1
24.03.2020 00:00:00;Kirchdorf an der Krems;409;56866;3;19;14;24,61928;0;0;0;0
24.03.2020 00:00:00;Linz-Land;410;150273;16;88;58;38,59642;0;2;0;2
24.03.2020 00:00:00;Perg;411;68459;11;114;89;130,0048;0;0;0;1
24.03.2020 00:00:00;Ried im Innkreis;412;61204;4;21;13;21,24044;0;0;1;1
24.03.2020 00:00:00;Rohrbach;413;56524;6;68;56;99,07296;0;0;0;1
24.03.2020 00:00:00;Schärding;414;57307;1;25;19;33,15476;0;0;0;0
24.03.2020 00:00:00;Steyr-Land;415;60427;8;39;33;54,61135;0;0;2;2
24.03.2020 00:00:00;Urfahr-Umgebung;416;85505;8;121;85;99,40939;1;1;1;5
24.03.2020 00:00:00;Vöcklabruck;417;136253;5;49;43;31,55894;0;0;2;10
24.03.2020 00:00:00;Wels-Land;418;73094;7;44;29;39,67494;0;0;0;0
24.03.2020 00:00:00;Salzburg(Stadt);501;154211;10;76;61;39,55619;0;0;0;1
24.03.2020 00:00:00;Hallein;502;60374;6;31;30;49,69027;0;0;0;0
24.03.2020 00:00:00;Salzburg-Umgebung;503;152281;11;72;62;40,71421;0;0;1;3
24.03.2020 00:00:00;Sankt Johann im Pongau;504;80573;35;174;170;210,9888;0;0;0;1
24.03.2020 00:00:00;Tamsweg;505;20320;4;10;8;39,37008;0;0;0;1
24.03.2020 00:00:00;Zell am See;506;87462;23;129;105;120,0521;0;0;2;12
24.03.2020 00:00:00;Graz(Stadt);601;288806;7;135;97;33,58656;1;1;1;4
24.03.2020 00:00:00;Deutschlandsberg;603;60821;1;9;7;11,50918;0;0;0;0
24.03.2020 00:00:00;Graz-Umgebung;606;154260;4;59;45;29,17153;1;2;0;0
24.03.2020 00:00:00;Leibnitz;610;82484;17;76;61;73,95374;0;1;0;0
24.03.2020 00:00:00;Leoben;611;60060;3;11;4;6,660007;0;0;0;0
24.03.2020 00:00:00;Liezen;612;79901;3;39;31;38,79801;0;0;0;0
24.03.2020 00:00:00;Murau;614;27659;0;1;0;0;0;0;0;0
24.03.2020 00:00:00;Voitsberg;616;51161;8;30;25;48,86535;0;0;0;0
24.03.2020 00:00:00;Weiz;617;90343;5;56;46;50,91706;0;0;2;2
24.03.2020 00:00:00;Murtal;620;72004;0;15;6;8,33287;0;1;0;0
24.03.2020 00:00:00;Bruck-Mürzzuschlag;621;98984;5;20;16;16,16423;0;0;0;2
24.03.2020 00:00:00;Hartberg-Fürstenfeld;622;90622;27;107;81;89,38227;0;5;1;1
24.03.2020 00:00:00;Südoststeiermark;623;85947;2;24;17;19,77963;0;0;1;1
24.03.2020 00:00:00;Innsbruck-Stadt;701;132110;7;260;182;137,764;1;1;6;18
24.03.2020 00:00:00;Imst;702;60056;19;112;98;163,181;1;1;0;0
24.03.2020 00:00:00;Innsbruck-Land;703;179318;12;172;124;69,15089;0;1;1;2
24.03.2020 00:00:00;Kitzbühel;704;63881;14;118;108;169,0644;1;2;1;2
24.03.2020 00:00:00;Kufstein;705;109682;15;133;122;111,2307;0;0;1;1
24.03.2020 00:00:00;Landeck;706;44362;37;413;253;570,3079;0;5;28;44
24.03.2020 00:00:00;Lienz;707;48753;10;59;42;86,14854;0;0;0;0
24.03.2020 00:00:00;Reutte;708;32670;2;22;20;61,21824;0;0;0;0
24.03.2020 00:00:00;Schwaz;709;83873;13;97;90;107,3051;0;0;0;1
24.03.2020 00:00:00;Bludenz;801;63714;14;121;101;158,5209;0;0;0;3
24.03.2020 00:00:00;Bregenz;802;134383;11;98;67;49,8575;0;0;2;6
24.03.2020 00:00:00;Dornbirn;803;89041;13;65;51;57,27699;0;0;1;2
24.03.2020 00:00:00;Feldkirch;804;107159;10;126;98;91,45289;0;0;1;5
24.03.2020 00:00:00;Wien;900;1897491;115;701;558;29,40725;1;18;10;57
25.03.2020 00:00:00;Eisenstadt(Stadt);101;14637;0;7;7;47,82401;0;0;0;0
25.03.2020 00:00:00;Rust(Stadt);102;1940;0;0;0;0;0;0;0;0
25.03.2020 00:00:00;Eisenstadt-Umgebung;103;42927;0;7;7;16,30675;0;0;0;0
25.03.2020 00:00:00;Güssing;104;25797;0;0;0;0;0;0;0;0
25.03.2020 00:00:00;Jennersdorf;105;17066;0;4;3;17,57881;0;0;0;0
25.03.2020 00:00:00;Mattersburg;106;39925;0;7;6;15,02818;0;0;0;0
25.03.2020 00:00:00;Neusiedl am See;107;59552;0;26;17;28,54648;0;1;0;2
25.03.2020 00:00:00;Oberpullendorf;108;37513;0;8;7;18,6602;0;1;0;0
25.03.2020 00:00:00;Oberwart;109;54076;1;30;28;51,77898;0;0;0;0
25.03.2020 00:00:00;Klagenfurt Stadt;201;100817;1;37;26;25,7893;0;1;0;4
25.03.2020 00:00:00;Villach Stadt;202;62243;0;12;11;17,67267;0;0;0;0
25.03.2020 00:00:00;Hermagor;203;18224;1;4;2;10,97454;0;0;0;0
25.03.2020 00:00:00;Klagenfurt Land;204;59800;3;24;18;30,10033;0;1;0;0
25.03.2020 00:00:00;Sankt Veit an der Glan;205;54555;3;14;13;23,82916;0;0;1;2
25.03.2020 00:00:00;Spittal an der Drau;206;76091;0;14;11;14,45637;0;0;0;2
25.03.2020 00:00:00;Villach Land;207;64668;3;21;17;26,28812;0;0;0;0
25.03.2020 00:00:00;Völkermarkt;208;41878;2;34;27;64,47299;0;0;0;1
25.03.2020 00:00:00;Wolfsberg;209;52726;1;16;16;30,34556;0;0;1;1
25.03.2020 00:00:00;Feldkirchen;210;29937;0;4;4;13,36139;0;0;0;0
25.03.2020 00:00:00;Krems an der Donau(Stadt);301;24876;2;8;6;24,11963;0;0;0;0
25.03.2020 00:00:00;Sankt Pölten(Stadt);302;55044;7;22;20;36,33457;0;1;0;0
25.03.2020 00:00:00;Waidhofen an der Ybbs(Stadt);303;11261;3;7;6;53,28123;1;2;0;1
25.03.2020 00:00:00;Wiener Neustadt(Stadt);304;45277;1;13;11;24,2949;0;0;0;0
25.03.2020 00:00:00;Amstetten;305;116114;13;115;79;68,03658;0;0;1;6
25.03.2020 00:00:00;Baden;306;146203;8;57;48;32,83106;0;0;1;1
25.03.2020 00:00:00;Bruck an der Leitha;307;102010;2;28;21;20,58622;0;0;1;1
25.03.2020 00:00:00;Gänserndorf;308;103686;4;27;25;24,11126;0;0;0;0
25.03.2020 00:00:00;Gmünd;309;36773;0;5;4;10,87755;0;0;0;0
25.03.2020 00:00:00;Hollabrunn;310;50858;0;3;1;1,966259;0;0;0;0
25.03.2020 00:00:00;Horn;311;31090;2;5;5;16,08234;0;0;0;0
25.03.2020 00:00:00;Korneuburg;312;90889;6;82;34;37,40827;0;1;0;12
25.03.2020 00:00:00;Krems(Land);313;56596;6;54;46;81,27783;0;2;0;1
25.03.2020 00:00:00;Lilienfeld;314;25812;5;17;14;54,23834;0;1;0;0
25.03.2020 00:00:00;Melk;315;77962;23;55;49;62,85113;0;0;0;1
25.03.2020 00:00:00;Mistelbach;316;75483;11;53;42;55,64167;0;0;0;0
25.03.2020 00:00:00;Mödling;317;118998;4;77;44;36,97541;1;2;1;4
25.03.2020 00:00:00;Neunkirchen;318;86291;22;90;76;88,07407;0;1;0;0
25.03.2020 00:00:00;Sankt Pölten(Land);319;131044;13;87;70;53,41717;0;2;2;4
25.03.2020 00:00:00;Scheibbs;320;41403;17;32;29;70,04324;0;0;0;0
25.03.2020 00:00:00;Tulln;321;103771;4;73;35;33,72811;1;2;0;6
25.03.2020 00:00:00;Waidhofen an der Thaya;322;25888;2;7;6;23,17676;0;0;0;0
25.03.2020 00:00:00;Wiener Neustadt(Land);323;77991;3;10;10;12,82199;0;0;0;0
25.03.2020 00:00:00;Zwettl;325;42222;2;10;10;23,68434;0;0;0;0
25.03.2020 00:00:00;Linz(Stadt);401;205726;15;136;81;39,37276;0;0;2;10
25.03.2020 00:00:00;Steyr(Stadt);402;38193;0;12;10;26,18281;0;0;0;1
25.03.2020 00:00:00;Wels(Stadt);403;61727;5;37;25;40,50092;0;0;0;0
25.03.2020 00:00:00;Braunau am Inn;404;104408;3;22;18;17,24006;0;0;0;0
25.03.2020 00:00:00;Eferding;405;33156;1;14;11;33,1765;0;0;1;1
25.03.2020 00:00:00;Freistadt;406;66621;10;58;47;70,54832;0;0;0;0
25.03.2020 00:00:00;Gmunden;407;101631;1;30;19;18,69508;0;0;0;0
25.03.2020 00:00:00;Grieskirchen;408;64721;5;20;12;18,54112;0;0;0;1
25.03.2020 00:00:00;Kirchdorf an der Krems;409;56866;2;21;11;19,34372;0;0;0;0
25.03.2020 00:00:00;Linz-Land;410;150273;8;96;64;42,58915;0;2;2;4
25.03.2020 00:00:00;Perg;411;68459;38;152;122;178,2089;0;0;4;5
25.03.2020 00:00:00;Ried im Innkreis;412;61204;0;21;12;19,60656;0;0;1;2
25.03.2020 00:00:00;Rohrbach;413;56524;10;78;65;114,9954;0;0;5;6
25.03.2020 00:00:00;Schärding;414;57307;3;28;22;38,38972;0;0;0;0
25.03.2020 00:00:00;Steyr-Land;415;60427;16;55;47;77,7798;0;0;0;2
25.03.2020 00:00:00;Urfahr-Umgebung;416;85505;23;144;97;113,4437;0;1;2;7
25.03.2020 00:00:00;Vöcklabruck;417;136253;15;64;56;41,10001;0;0;0;10
25.03.2020 00:00:00;Wels-Land;418;73094;4;48;31;42,41114;0;0;4;4
25.03.2020 00:00:00;Salzburg(Stadt);501;154211;10;86;68;44,09543;0;0;1;2
25.03.2020 00:00:00;Hallein;502;60374;2;33;31;51,34661;0;0;0;0
25.03.2020 00:00:00;Salzburg-Umgebung;503;152281;12;84;73;47,93769;1;1;0;3
25.03.2020 00:00:00;Sankt Johann im Pongau;504;80573;28;202;196;243,2577;0;0;0;1
25.03.2020 00:00:00;Tamsweg;505;20320;2;12;10;49,2126;0;0;0;1
25.03.2020 00:00:00;Zell am See;506;87462;12;141;116;132,629;0;0;2;14
25.03.2020 00:00:00;Graz(Stadt);601;288806;14;149;99;34,27907;1;2;2;6
25.03.2020 00:00:00;Deutschlandsberg;603;60821;2;11;8;13,15335;0;0;0;0
25.03.2020 00:00:00;Graz-Umgebung;606;154260;10;69;53;34,35758;0;2;1;1
25.03.2020 00:00:00;Leibnitz;610;82484;4;80;62;75,16609;0;1;0;0
25.03.2020 00:00:00;Leoben;611;60060;1;12;5;8,325008;0;0;0;0
25.03.2020 00:00:00;Liezen;612;79901;2;41;29;36,29491;0;0;0;0
25.03.2020 00:00:00;Murau;614;27659;0;1;0;0;0;0;0;0
25.03.2020 00:00:00;Voitsberg;616;51161;7;37;28;54,72919;0;0;0;0
25.03.2020 00:00:00;Weiz;617;90343;1;57;35;38,74124;0;0;1;3
25.03.2020 00:00:00;Murtal;620;72004;1;16;4;5,555247;0;1;0;0
25.03.2020 00:00:00;Bruck-Mürzzuschlag;621;98984;0;20;16;16,16423;1;1;0;2
25.03.2020 00:00:00;Hartberg-Fürstenfeld;622;90622;4;111;83;91,58924;1;6;0;1
25.03.2020 00:00:00;Südoststeiermark;623;85947;2;26;18;20,94314;0;0;0;1
25.03.2020 00:00:00;Innsbruck-Stadt;701;132110;26;286;181;137,007;0;1;11;29
25.03.2020 00:00:00;Imst;702;60056;15;127;108;179,8322;0;1;0;0
25.03.2020 00:00:00;Innsbruck-Land;703;179318;30;202;148;82,53493;0;1;7;9
25.03.2020 00:00:00;Kitzbühel;704;63881;29;147;134;209,765;0;2;0;2
25.03.2020 00:00:00;Kufstein;705;109682;34;167;144;131,2886;0;0;2;3
25.03.2020 00:00:00;Landeck;706;44362;56;469;296;667,2377;0;5;14;58
25.03.2020 00:00:00;Lienz;707;48753;3;62;44;90,25085;0;0;0;0
25.03.2020 00:00:00;Reutte;708;32670;1;23;20;61,21824;0;0;0;0
25.03.2020 00:00:00;Schwaz;709;83873;17;114;101;120,4202;0;0;3;4
25.03.2020 00:00:00;Bludenz;801;63714;9;130;106;166,3685;0;0;1;4
25.03.2020 00:00:00;Bregenz;802;134383;5;103;66;49,11335;0;0;0;6
25.03.2020 00:00:00;Dornbirn;803;89041;4;69;53;59,52314;0;0;0;2
25.03.2020 00:00:00;Feldkirch;804;107159;3;129;92;85,85373;0;0;5;10
25.03.2020 00:00:00;Wien;900;1897491;74;775;581;30,61938;2;20;17;74
26.03.2020 00:00:00;Eisenstadt(Stadt);101;14637;1;8;8;54,65601;0;0;0;0
26.03.2020 00:00:00;Rust(Stadt);102;1940;0;0;0;0;0;0;0;0
26.03.2020 00:00:00;Eisenstadt-Umgebung;103;42927;3;10;7;16,30675;0;0;0;0
26.03.2020 00:00:00;Güssing;104;25797;3;3;3;11,62926;0;0;0;0
26.03.2020 00:00:00;Jennersdorf;105;17066;1;5;4;23,43842;0;0;0;0
26.03.2020 00:00:00;Mattersburg;106;39925;10;17;16;40,07514;0;0;0;0
26.03.2020 00:00:00;Neusiedl am See;107;59552;2;28;17;28,54648;0;1;2;4
26.03.2020 00:00:00;Oberpullendorf;108;37513;2;10;8;21,32594;0;1;0;0
26.03.2020 00:00:00;Oberwart;109;54076;12;42;38;70,27147;0;0;0;0
26.03.2020 00:00:00;Klagenfurt Stadt;201;100817;2;39;26;25,7893;0;1;1;5
26.03.2020 00:00:00;Villach Stadt;202;62243;2;14;13;20,88588;0;0;0;0
26.03.2020 00:00:00;Hermagor;203;18224;0;4;2;10,97454;0;0;0;0
26.03.2020 00:00:00;Klagenfurt Land;204;59800;4;28;21;35,11706;0;1;0;0
26.03.2020 00:00:00;Sankt Veit an der Glan;205;54555;5;19;17;31,16121;0;0;0;2
26.03.2020 00:00:00;Spittal an der Drau;206;76091;4;18;9;11,82794;0;0;0;2
26.03.2020 00:00:00;Villach Land;207;64668;1;22;18;27,83448;0;0;0;0
26.03.2020 00:00:00;Völkermarkt;208;41878;3;37;25;59,69722;0;0;1;2
26.03.2020 00:00:00;Wolfsberg;209;52726;0;16;15;28,44896;0;0;0;1
26.03.2020 00:00:00;Feldkirchen;210;29937;1;5;5;16,70174;0;0;0;0
26.03.2020 00:00:00;Krems an der Donau(Stadt);301;24876;5;13;11;44,21933;0;0;2;2
26.03.2020 00:00:00;Sankt Pölten(Stadt);302;55044;6;28;26;47,23494;0;1;1;1
26.03.2020 00:00:00;Waidhofen an der Ybbs(Stadt);303;11261;5;12;11;97,68227;0;2;0;1
26.03.2020 00:00:00;Wiener Neustadt(Stadt);304;45277;3;16;14;30,92078;0;0;0;0
26.03.2020 00:00:00;Amstetten;305;116114;23;138;88;75,78759;1;1;3;9
26.03.2020 00:00:00;Baden;306;146203;6;63;53;36,25097;0;0;1;2
26.03.2020 00:00:00;Bruck an der Leitha;307;102010;0;28;19;18,62563;0;0;0;1
26.03.2020 00:00:00;Gänserndorf;308;103686;10;37;35;33,75576;0;0;0;0
26.03.2020 00:00:00;Gmünd;309;36773;1;6;5;13,59693;0;0;0;0
26.03.2020 00:00:00;Hollabrunn;310;50858;5;8;6;11,79755;0;0;0;0
26.03.2020 00:00:00;Horn;311;31090;3;8;8;25,73175;0;0;0;0
26.03.2020 00:00:00;Korneuburg;312;90889;7;89;40;44,00973;0;1;2;14
26.03.2020 00:00:00;Krems(Land);313;56596;24;78;68;120,1498;0;2;2;3
26.03.2020 00:00:00;Lilienfeld;314;25812;2;19;16;61,98667;1;2;0;0
26.03.2020 00:00:00;Melk;315;77962;7;62;54;69,26451;0;0;0;1
26.03.2020 00:00:00;Mistelbach;316;75483;8;61;47;62,26567;0;0;2;2
26.03.2020 00:00:00;Mödling;317;118998;8;85;50;42,01751;0;2;9;13
26.03.2020 00:00:00;Neunkirchen;318;86291;6;96;78;90,39182;0;1;1;1
26.03.2020 00:00:00;Sankt Pölten(Land);319;131044;22;109;82;62,5744;0;2;1;5
26.03.2020 00:00:00;Scheibbs;320;41403;16;48;45;108,6878;0;0;0;0
26.03.2020 00:00:00;Tulln;321;103771;13;86;44;42,40105;0;2;5;11
26.03.2020 00:00:00;Waidhofen an der Thaya;322;25888;1;8;7;27,03955;0;0;0;0
26.03.2020 00:00:00;Wiener Neustadt(Land);323;77991;3;13;13;16,66859;0;0;0;0
26.03.2020 00:00:00;Zwettl;325;42222;7;17;17;40,26337;0;0;0;0
26.03.2020 00:00:00;Linz(Stadt);401;205726;21;157;97;47,15009;0;0;0;10
26.03.2020 00:00:00;Steyr(Stadt);402;38193;0;12;10;26,18281;1;1;0;1
26.03.2020 00:00:00;Wels(Stadt);403;61727;5;42;28;45,36103;0;0;0;0
26.03.2020 00:00:00;Braunau am Inn;404;104408;11;33;28;26,81787;0;0;0;0
26.03.2020 00:00:00;Eferding;405;33156;8;22;17;51,27277;0;0;1;2
26.03.2020 00:00:00;Freistadt;406;66621;3;61;42;63,04319;0;0;0;0
26.03.2020 00:00:00;Gmunden;407;101631;3;33;21;20,66299;0;0;0;0
26.03.2020 00:00:00;Grieskirchen;408;64721;2;22;12;18,54112;0;0;1;2
26.03.2020 00:00:00;Kirchdorf an der Krems;409;56866;6;27;16;28,13632;0;0;0;0
26.03.2020 00:00:00;Linz-Land;410;150273;13;109;74;49,24371;0;2;2;6
26.03.2020 00:00:00;Perg;411;68459;19;171;136;198,6591;0;0;0;5
26.03.2020 00:00:00;Ried im Innkreis;412;61204;1;22;11;17,97268;0;0;1;3
26.03.2020 00:00:00;Rohrbach;413;56524;7;85;66;116,7646;0;0;0;6
26.03.2020 00:00:00;Schärding;414;57307;6;34;28;48,85965;0;0;0;0
26.03.2020 00:00:00;Steyr-Land;415;60427;12;67;54;89,36403;0;0;0;2
26.03.2020 00:00:00;Urfahr-Umgebung;416;85505;9;153;95;111,1046;0;1;0;7
26.03.2020 00:00:00;Vöcklabruck;417;136253;14;78;64;46,97144;0;0;0;10
26.03.2020 00:00:00;Wels-Land;418;73094;5;53;35;47,88355;0;0;2;6
26.03.2020 00:00:00;Salzburg(Stadt);501;154211;1;87;65;42,15004;0;0;0;2
26.03.2020 00:00:00;Hallein;502;60374;5;38;35;57,97197;0;0;0;0
26.03.2020 00:00:00;Salzburg-Umgebung;503;152281;10;94;76;49,90774;0;1;1;4
26.03.2020 00:00:00;Sankt Johann im Pongau;504;80573;58;260;245;304,0721;0;0;0;1
26.03.2020 00:00:00;Tamsweg;505;20320;0;12;10;49,2126;0;0;0;1
26.03.2020 00:00:00;Zell am See;506;87462;46;187;158;180,6499;0;0;3;17
26.03.2020 00:00:00;Graz(Stadt);601;288806;17;166;105;36,35659;1;3;0;6
26.03.2020 00:00:00;Deutschlandsberg;603;60821;2;13;8;13,15335;0;0;0;0
26.03.2020 00:00:00;Graz-Umgebung;606;154260;8;77;50;32,41281;0;2;1;2
26.03.2020 00:00:00;Leibnitz;610;82484;6;86;64;77,59081;0;1;0;0
26.03.2020 00:00:00;Leoben;611;60060;4;16;9;14,98501;0;0;0;0
26.03.2020 00:00:00;Liezen;612;79901;7;48;34;42,55266;0;0;0;0
26.03.2020 00:00:00;Murau;614;27659;0;1;0;0;0;0;0;0
26.03.2020 00:00:00;Voitsberg;616;51161;7;44;35;68,41148;0;0;0;0
26.03.2020 00:00:00;Weiz;617;90343;12;69;43;47,59638;0;0;0;3
26.03.2020 00:00:00;Murtal;620;72004;3;19;7;9,721683;0;1;0;0
26.03.2020 00:00:00;Bruck-Mürzzuschlag;621;98984;5;25;20;20,20529;0;1;0;2
26.03.2020 00:00:00;Hartberg-Fürstenfeld;622;90622;34;145;112;123,5903;1;7;0;1
26.03.2020 00:00:00;Südoststeiermark;623;85947;4;30;18;20,94314;0;0;1;2
26.03.2020 00:00:00;Innsbruck-Stadt;701;132110;22;308;194;146,8473;0;1;1;30
26.03.2020 00:00:00;Imst;702;60056;12;139;109;181,4973;0;1;1;1
26.03.2020 00:00:00;Innsbruck-Land;703;179318;30;232;167;93,13064;1;2;7;16
26.03.2020 00:00:00;Kitzbühel;704;63881;12;159;136;212,8959;1;3;8;10
26.03.2020 00:00:00;Kufstein;705;109682;20;187;152;138,5824;1;1;6;9
26.03.2020 00:00:00;Landeck;706;44362;42;511;309;696,5421;0;5;51;109
26.03.2020 00:00:00;Lienz;707;48753;14;76;48;98,45548;0;0;0;0
26.03.2020 00:00:00;Reutte;708;32670;5;28;25;76,5228;0;0;0;0
26.03.2020 00:00:00;Schwaz;709;83873;35;149;135;160,9576;0;0;1;5
26.03.2020 00:00:00;Bludenz;801;63714;13;143;100;156,9514;0;0;2;6
26.03.2020 00:00:00;Bregenz;802;134383;14;117;78;58,04306;0;0;3;9
26.03.2020 00:00:00;Dornbirn;803;89041;9;78;61;68,50777;1;1;1;3
26.03.2020 00:00:00;Feldkirch;804;107159;8;137;91;84,92054;0;0;1;11
26.03.2020 00:00:00;Wien;900;1897491;193;968;722;38,05025;7;27;34;108
27.03.2020 00:00:00;Eisenstadt(Stadt);101;14637;1;9;9;61,48801;0;0;0;0
27.03.2020 00:00:00;Rust(Stadt);102;1940;0;0;0;0;0;0;0;0
27.03.2020 00:00:00;Eisenstadt-Umgebung;103;42927;1;11;6;13,97722;0;0;0;0
27.03.2020 00:00:00;Güssing;104;25797;2;5;5;19,3821;0;0;0;0
27.03.2020 00:00:00;Jennersdorf;105;17066;2;7;5;29,29802;0;0;0;0
27.03.2020 00:00:00;Mattersburg;106;39925;3;20;19;47,58923;0;0;0;0
27.03.2020 00:00:00;Neusiedl am See;107;59552;4;32;20;33,5841;0;1;2;6
27.03.2020 00:00:00;Oberpullendorf;108;37513;3;13;10;26,65742;0;1;0;0
27.03.2020 00:00:00;Oberwart;109;54076;7;49;42;77,66846;0;0;0;0
27.03.2020 00:00:00;Klagenfurt Stadt;201;100817;4;43;26;25,7893;0;1;3;8
27.03.2020 00:00:00;Villach Stadt;202;62243;1;15;10;16,06606;0;0;0;0
27.03.2020 00:00:00;Hermagor;203;18224;0;4;2;10,97454;0;0;0;0
27.03.2020 00:00:00;Klagenfurt Land;204;59800;1;29;19;31,77258;0;1;0;0
27.03.2020 00:00:00;Sankt Veit an der Glan;205;54555;0;19;17;31,16121;0;0;0;2
27.03.2020 00:00:00;Spittal an der Drau;206;76091;1;19;9;11,82794;0;0;0;2
27.03.2020 00:00:00;Villach Land;207;64668;3;25;19;29,38084;0;0;0;0
27.03.2020 00:00:00;Völkermarkt;208;41878;1;38;21;50,14566;0;0;0;2
27.03.2020 00:00:00;Wolfsberg;209;52726;5;21;16;30,34556;0;0;0;1
27.03.2020 00:00:00;Feldkirchen;210;29937;3;8;8;26,72278;0;0;0;0
27.03.2020 00:00:00;Krems an der Donau(Stadt);301;24876;5;18;16;64,31902;0;0;0;2
27.03.2020 00:00:00;Sankt Pölten(Stadt);302;55044;11;39;36;65,40222;0;1;0;1
27.03.2020 00:00:00;Waidhofen an der Ybbs(Stadt);303;11261;3;15;14;124,3229;0;2;3;4
27.03.2020 00:00:00;Wiener Neustadt(Stadt);304;45277;0;16;14;30,92078;0;0;0;0
27.03.2020 00:00:00;Amstetten;305;116114;20;158;101;86,98348;1;2;9;18
27.03.2020 00:00:00;Baden;306;146203;11;74;59;40,35485;0;0;1;3
27.03.2020 00:00:00;Bruck an der Leitha;307;102010;6;34;22;21,56651;0;0;0;1
27.03.2020 00:00:00;Gänserndorf;308;103686;3;40;38;36,64911;0;0;0;0
27.03.2020 00:00:00;Gmünd;309;36773;1;7;6;16,31632;0;0;0;0
27.03.2020 00:00:00;Hollabrunn;310;50858;2;10;8;15,73007;0;0;0;0
27.03.2020 00:00:00;Horn;311;31090;3;11;11;35,38115;0;0;0;0
27.03.2020 00:00:00;Korneuburg;312;90889;7;96;47;51,71143;0;1;3;17
27.03.2020 00:00:00;Krems(Land);313;56596;7;85;74;130,7513;0;2;1;4
27.03.2020 00:00:00;Lilienfeld;314;25812;3;22;16;61,98667;0;2;0;0
27.03.2020 00:00:00;Melk;315;77962;14;76;68;87,22198;1;1;1;2
27.03.2020 00:00:00;Mistelbach;316;75483;3;64;48;63,59048;0;0;4;6
27.03.2020 00:00:00;Mödling;317;118998;13;98;59;49,58067;0;2;3;16
27.03.2020 00:00:00;Neunkirchen;318;86291;8;104;80;92,70955;0;1;1;2
27.03.2020 00:00:00;Sankt Pölten(Land);319;131044;22;131;101;77,07335;1;3;2;7
27.03.2020 00:00:00;Scheibbs;320;41403;12;60;57;137,6712;0;0;2;2
27.03.2020 00:00:00;Tulln;321;103771;11;97;51;49,14668;0;2;4;15
27.03.2020 00:00:00;Waidhofen an der Thaya;322;25888;3;11;10;38,62794;0;0;0;0
27.03.2020 00:00:00;Wiener Neustadt(Land);323;77991;2;15;15;19,23299;0;0;0;0
27.03.2020 00:00:00;Zwettl;325;42222;4;21;21;49,7371;0;0;0;0
27.03.2020 00:00:00;Linz(Stadt);401;205726;14;171;107;52,01093;0;0;4;14
27.03.2020 00:00:00;Steyr(Stadt);402;38193;5;17;14;36,65593;0;1;0;1
27.03.2020 00:00:00;Wels(Stadt);403;61727;6;48;31;50,22113;0;0;0;0
27.03.2020 00:00:00;Braunau am Inn;404;104408;4;37;30;28,73343;1;1;1;1
27.03.2020 00:00:00;Eferding;405;33156;0;22;16;48,25673;0;0;1;3
27.03.2020 00:00:00;Freistadt;406;66621;4;65;44;66,04524;0;0;1;1
27.03.2020 00:00:00;Gmunden;407;101631;12;45;31;30,5025;1;1;3;3
27.03.2020 00:00:00;Grieskirchen;408;64721;6;28;17;26,26659;0;0;3;5
27.03.2020 00:00:00;Kirchdorf an der Krems;409;56866;0;27;14;24,61928;0;0;0;0
27.03.2020 00:00:00;Linz-Land;410;150273;7;116;77;51,24008;0;2;7;13
27.03.2020 00:00:00;Perg;411;68459;6;177;136;198,6591;0;0;2;7
27.03.2020 00:00:00;Ried im Innkreis;412;61204;0;22;10;16,3388;0;0;0;3
27.03.2020 00:00:00;Rohrbach;413;56524;7;92;64;113,2262;0;0;4;10
27.03.2020 00:00:00;Schärding;414;57307;3;37;25;43,62469;0;0;1;1
27.03.2020 00:00:00;Steyr-Land;415;60427;14;81;64;105,9129;0;0;0;2
27.03.2020 00:00:00;Urfahr-Umgebung;416;85505;18;171;109;127,4779;0;1;3;10
27.03.2020 00:00:00;Vöcklabruck;417;136253;2;80;64;46,97144;0;0;1;11
27.03.2020 00:00:00;Wels-Land;418;73094;10;63;44;60,19646;0;0;1;7
27.03.2020 00:00:00;Salzburg(Stadt);501;154211;8;95;66;42,7985;0;0;6;8
27.03.2020 00:00:00;Hallein;502;60374;5;43;39;64,59734;0;0;0;0
27.03.2020 00:00:00;Salzburg-Umgebung;503;152281;8;102;78;51,2211;0;1;0;4
27.03.2020 00:00:00;Sankt Johann im Pongau;504;80573;10;270;231;286,6965;2;2;0;1
27.03.2020 00:00:00;Tamsweg;505;20320;0;12;10;49,2126;0;0;1;2
27.03.2020 00:00:00;Zell am See;506;87462;19;206;165;188,6534;1;1;11;28
27.03.2020 00:00:00;Graz(Stadt);601;288806;15;181;107;37,04909;1;4;6;12
27.03.2020 00:00:00;Deutschlandsberg;603;60821;2;15;8;13,15335;0;0;0;0
27.03.2020 00:00:00;Graz-Umgebung;606;154260;5;82;48;31,1163;1;3;0;2
27.03.2020 00:00:00;Leibnitz;610;82484;15;101;66;80,01552;0;1;0;0
27.03.2020 00:00:00;Leoben;611;60060;0;16;9;14,98501;0;0;3;3
27.03.2020 00:00:00;Liezen;612;79901;4;52;36;45,05576;1;1;0;0
27.03.2020 00:00:00;Murau;614;27659;1;2;1;3,61546;0;0;0;0
27.03.2020 00:00:00;Voitsberg;616;51161;8;52;42;82,09378;0;0;1;1
27.03.2020 00:00:00;Weiz;617;90343;4;73;47;52,02395;0;0;0;3
27.03.2020 00:00:00;Murtal;620;72004;1;20;7;9,721683;0;1;1;1
27.03.2020 00:00:00;Bruck-Mürzzuschlag;621;98984;2;27;22;22,22581;0;1;0;2
27.03.2020 00:00:00;Hartberg-Fürstenfeld;622;90622;10;155;103;113,6589;4;11;1;2
27.03.2020 00:00:00;Südoststeiermark;623;85947;3;33;18;20,94314;0;0;1;3
27.03.2020 00:00:00;Innsbruck-Stadt;701;132110;20;328;191;144,5765;0;1;8;38
27.03.2020 00:00:00;Imst;702;60056;10;149;106;176,5019;0;1;0;1
27.03.2020 00:00:00;Innsbruck-Land;703;179318;6;238;152;84,76561;0;2;10;26
27.03.2020 00:00:00;Kitzbühel;704;63881;24;183;145;226,9845;0;3;1;11
27.03.2020 00:00:00;Kufstein;705;109682;37;224;180;164,1108;1;2;6;15
27.03.2020 00:00:00;Landeck;706;44362;20;531;297;669,4919;1;6;47;156
27.03.2020 00:00:00;Lienz;707;48753;3;79;44;90,25085;0;0;0;0
27.03.2020 00:00:00;Reutte;708;32670;0;28;22;67,34007;0;0;0;0
27.03.2020 00:00:00;Schwaz;709;83873;19;168;150;178,8418;0;0;0;5
27.03.2020 00:00:00;Bludenz;801;63714;22;165;105;164,799;0;0;1;7
27.03.2020 00:00:00;Bregenz;802;134383;16;133;86;63,99619;0;0;2;11
27.03.2020 00:00:00;Dornbirn;803;89041;13;91;68;76,36932;0;1;2;5
27.03.2020 00:00:00;Feldkirch;804;107159;16;153;94;87,72012;0;0;0;11
27.03.2020 00:00:00;Wien;900;1897491;119;1087;793;41,79203;3;30;42;150
28.03.2020 00:00:00;Eisenstadt(Stadt);101;14637;1;10;10;68,32001;0;0;0;0
28.03.2020 00:00:00;Rust(Stadt);102;1940;0;0;0;0;0;0;0;0
28.03.2020 00:00:00;Eisenstadt-Umgebung;103;42927;0;11;6;13,97722;0;0;0;0
28.03.2020 00:00:00;Güssing;104;25797;1;6;6;23,25852;0;0;0;0
28.03.2020 00:00:00;Jennersdorf;105;17066;0;7;5;29,29802;0;0;0;0
28.03.2020 00:00:00;Mattersburg;106;39925;0;20;19;47,58923;0;0;0;0
28.03.2020 00:00:00;Neusiedl am See;107;59552;2;34;22;36,9425;0;1;0;6
28.03.2020 00:00:00;Oberpullendorf;108;37513;0;13;10;26,65742;0;1;0;0
28.03.2020 00:00:00;Oberwart;109;54076;8;57;47;86,91471;1;1;1;1
28.03.2020 00:00:00;Klagenfurt Stadt;201;100817;2;45;28;27,77309;0;1;1;9
28.03.2020 00:00:00;Villach Stadt;202;62243;0;15;10;16,06606;0;0;0;0
28.03.2020 00:00:00;Hermagor;203;18224;0;4;2;10,97454;0;0;2;2
28.03.2020 00:00:00;Klagenfurt Land;204;59800;2;31;20;33,44482;0;1;1;1
28.03.2020 00:00:00;Sankt Veit an der Glan;205;54555;8;27;24;43,9923;0;0;0;2
28.03.2020 00:00:00;Spittal an der Drau;206;76091;1;20;10;13,14216;0;0;0;2
28.03.2020 00:00:00;Villach Land;207;64668;1;26;19;29,38084;0;0;0;0
28.03.2020 00:00:00;Völkermarkt;208;41878;3;41;23;54,92144;0;0;0;2
28.03.2020 00:00:00;Wolfsberg;209;52726;3;24;18;34,13876;0;0;1;2
28.03.2020 00:00:00;Feldkirchen;210;29937;0;8;7;23,38244;0;0;0;0
28.03.2020 00:00:00;Krems an der Donau(Stadt);301;24876;5;23;21;84,41872;0;0;0;2
28.03.2020 00:00:00;Sankt Pölten(Stadt);302;55044;3;42;33;59,95204;0;1;0;1
28.03.2020 00:00:00;Waidhofen an der Ybbs(Stadt);303;11261;0;15;12;106,5625;0;2;0;4
28.03.2020 00:00:00;Wiener Neustadt(Stadt);304;45277;3;19;13;28,71215;0;0;2;2
28.03.2020 00:00:00;Amstetten;305;116114;6;164;104;89,56715;1;3;3;21
28.03.2020 00:00:00;Baden;306;146203;4;78;63;43,09077;0;0;1;4
28.03.2020 00:00:00;Bruck an der Leitha;307;102010;3;37;24;23,52711;0;0;2;3
28.03.2020 00:00:00;Gänserndorf;308;103686;2;42;35;33,75576;0;0;0;0
28.03.2020 00:00:00;Gmünd;309;36773;0;7;6;16,31632;0;0;0;0
28.03.2020 00:00:00;Hollabrunn;310;50858;0;10;8;15,73007;0;0;0;0
28.03.2020 00:00:00;Horn;311;31090;0;11;11;35,38115;0;0;0;0
28.03.2020 00:00:00;Korneuburg;312;90889;4;100;41;45,10997;1;2;6;23
28.03.2020 00:00:00;Krems(Land);313;56596;11;96;80;141,3528;0;2;3;7
28.03.2020 00:00:00;Lilienfeld;314;25812;2;24;16;61,98667;0;2;1;1
28.03.2020 00:00:00;Melk;315;77962;8;84;71;91,07001;0;1;2;4
28.03.2020 00:00:00;Mistelbach;316;75483;13;77;56;74,18889;0;0;0;6
28.03.2020 00:00:00;Mödling;317;118998;1;99;55;46,21926;0;2;4;20
28.03.2020 00:00:00;Neunkirchen;318;86291;4;108;80;92,70955;0;1;1;3
28.03.2020 00:00:00;Sankt Pölten(Land);319;131044;14;145;107;81,65196;0;3;5;12
28.03.2020 00:00:00;Scheibbs;320;41403;4;64;61;147,3323;0;0;0;2
28.03.2020 00:00:00;Tulln;321;103771;5;102;51;49,14668;0;2;0;15
28.03.2020 00:00:00;Waidhofen an der Thaya;322;25888;2;13;10;38,62794;0;0;1;1
28.03.2020 00:00:00;Wiener Neustadt(Land);323;77991;6;21;19;24,36179;0;0;0;0
28.03.2020 00:00:00;Zwettl;325;42222;2;23;23;54,47397;0;0;0;0
28.03.2020 00:00:00;Linz(Stadt);401;205726;8;179;101;49,09443;0;0;4;18
28.03.2020 00:00:00;Steyr(Stadt);402;38193;6;23;18;47,12906;0;1;0;1
28.03.2020 00:00:00;Wels(Stadt);403;61727;1;49;27;43,74099;0;0;0;0
28.03.2020 00:00:00;Braunau am Inn;404;104408;5;42;31;29,69121;0;1;0;1
28.03.2020 00:00:00;Eferding;405;33156;3;25;19;57,30486;0;0;1;4
28.03.2020 00:00:00;Freistadt;406;66621;10;75;45;67,54627;0;0;0;1
28.03.2020 00:00:00;Gmunden;407;101631;4;49;34;33,45436;0;1;0;3
28.03.2020 00:00:00;Grieskirchen;408;64721;8;36;24;37,08224;1;1;2;7
28.03.2020 00:00:00;Kirchdorf an der Krems;409;56866;2;29;15;26,3778;0;0;1;1
28.03.2020 00:00:00;Linz-Land;410;150273;2;118;69;45,91643;0;2;1;14
28.03.2020 00:00:00;Perg;411;68459;8;185;134;195,7376;0;0;3;10
28.03.2020 00:00:00;Ried im Innkreis;412;61204;0;22;9;14,70492;0;0;0;3
28.03.2020 00:00:00;Rohrbach;413;56524;3;95;59;104,3804;0;0;4;14
28.03.2020 00:00:00;Schärding;414;57307;0;37;22;38,38972;0;0;0;1
28.03.2020 00:00:00;Steyr-Land;415;60427;16;97;78;129,0814;0;0;0;2
28.03.2020 00:00:00;Urfahr-Umgebung;416;85505;27;198;120;140,3427;1;2;5;15
28.03.2020 00:00:00;Vöcklabruck;417;136253;1;81;52;38,1643;0;0;0;11
28.03.2020 00:00:00;Wels-Land;418;73094;3;66;38;51,98785;0;0;0;7
28.03.2020 00:00:00;Salzburg(Stadt);501;154211;5;100;62;40,20465;0;0;0;8
28.03.2020 00:00:00;Hallein;502;60374;4;47;43;71,22271;0;0;0;0
28.03.2020 00:00:00;Salzburg-Umgebung;503;152281;14;116;88;57,78791;0;1;2;6
28.03.2020 00:00:00;Sankt Johann im Pongau;504;80573;33;303;248;307,7954;1;3;3;4
28.03.2020 00:00:00;Tamsweg;505;20320;2;14;12;59,05512;0;0;0;2
28.03.2020 00:00:00;Zell am See;506;87462;7;213;164;187,51;0;1;7;35
28.03.2020 00:00:00;Graz(Stadt);601;288806;11;192;102;35,31783;0;4;2;14
28.03.2020 00:00:00;Deutschlandsberg;603;60821;1;16;9;14,79752;0;0;0;0
28.03.2020 00:00:00;Graz-Umgebung;606;154260;3;85;48;31,1163;0;3;2;4
28.03.2020 00:00:00;Leibnitz;610;82484;13;114;74;89,71437;1;2;0;0
28.03.2020 00:00:00;Leoben;611;60060;2;18;11;18,31502;0;0;0;3
28.03.2020 00:00:00;Liezen;612;79901;1;53;29;36,29491;0;1;3;3
28.03.2020 00:00:00;Murau;614;27659;0;2;1;3,61546;0;0;0;0
28.03.2020 00:00:00;Voitsberg;616;51161;10;62;51;99,68531;1;1;1;2
28.03.2020 00:00:00;Weiz;617;90343;3;76;42;46,48949;1;1;0;3
28.03.2020 00:00:00;Murtal;620;72004;1;21;7;9,721683;0;1;0;1
28.03.2020 00:00:00;Bruck-Mürzzuschlag;621;98984;5;32;24;24,24634;0;1;0;2
28.03.2020 00:00:00;Hartberg-Fürstenfeld;622;90622;10;165;105;115,8659;1;12;0;2
28.03.2020 00:00:00;Südoststeiermark;623;85947;0;33;15;17,45262;0;0;0;3
28.03.2020 00:00:00;Innsbruck-Stadt;701;132110;10;338;171;129,4376;0;1;1;39
28.03.2020 00:00:00;Imst;702;60056;7;156;108;179,8322;0;1;1;2
28.03.2020 00:00:00;Innsbruck-Land;703;179318;4;242;141;78,63126;1;3;4;30
28.03.2020 00:00:00;Kitzbühel;704;63881;12;195;142;222,2883;0;3;0;11
28.03.2020 00:00:00;Kufstein;705;109682;31;255;200;182,3453;1;3;5;20
28.03.2020 00:00:00;Landeck;706;44362;42;573;313;705,5588;1;7;49;205
28.03.2020 00:00:00;Lienz;707;48753;6;85;46;94,35316;0;0;5;5
28.03.2020 00:00:00;Reutte;708;32670;1;29;23;70,40098;0;0;0;0
28.03.2020 00:00:00;Schwaz;709;83873;27;195;159;189,5723;1;1;3;8
28.03.2020 00:00:00;Bludenz;801;63714;17;182;111;174,216;0;0;6;13
28.03.2020 00:00:00;Bregenz;802;134383;7;140;83;61,76376;0;0;2;13
28.03.2020 00:00:00;Dornbirn;803;89041;8;99;74;83,10778;0;1;1;6
28.03.2020 00:00:00;Feldkirch;804;107159;10;163;92;85,85373;0;0;8;19
28.03.2020 00:00:00;Wien;900;1897491;46;1133;774;40,79071;5;35;32;182
29.03.2020 00:00:00;Eisenstadt(Stadt);101;14637;0;10;9;61,48801;0;0;0;0
29.03.2020 00:00:00;Rust(Stadt);102;1940;0;0;0;0;0;0;0;0
29.03.2020 00:00:00;Eisenstadt-Umgebung;103;42927;1;12;6;13,97722;0;0;0;0
29.03.2020 00:00:00;Güssing;104;25797;2;8;8;31,01136;0;0;0;0
29.03.2020 00:00:00;Jennersdorf;105;17066;0;7;4;23,43842;0;0;0;0
29.03.2020 00:00:00;Mattersburg;106;39925;5;25;22;55,10332;0;0;0;0
29.03.2020 00:00:00;Neusiedl am See;107;59552;6;40;23;38,62171;0;1;0;6
29.03.2020 00:00:00;Oberpullendorf;108;37513;3;16;12;31,98891;0;1;0;0
29.03.2020 00:00:00;Oberwart;109;54076;3;60;42;77,66846;0;1;0;1
29.03.2020 00:00:00;Klagenfurt Stadt;201;100817;6;51;32;31,74068;0;1;1;10
29.03.2020 00:00:00;Villach Stadt;202;62243;0;15;5;8,033031;0;0;0;0
29.03.2020 00:00:00;Hermagor;203;18224;0;4;2;10,97454;0;0;1;3
29.03.2020 00:00:00;Klagenfurt Land;204;59800;5;36;23;38,46154;0;1;0;1
29.03.2020 00:00:00;Sankt Veit an der Glan;205;54555;4;31;28;51,32435;0;0;0;2
29.03.2020 00:00:00;Spittal an der Drau;206;76091;3;23;12;15,77059;0;0;0;2
29.03.2020 00:00:00;Villach Land;207;64668;3;29;17;26,28812;0;0;0;0
29.03.2020 00:00:00;Völkermarkt;208;41878;2;43;18;42,98199;0;0;2;4
29.03.2020 00:00:00;Wolfsberg;209;52726;1;25;16;30,34556;0;0;2;4
29.03.2020 00:00:00;Feldkirchen;210;29937;0;8;7;23,38244;0;0;0;0
29.03.2020 00:00:00;Krems an der Donau(Stadt);301;24876;0;23;21;84,41872;0;0;0;2
29.03.2020 00:00:00;Sankt Pölten(Stadt);302;55044;6;48;39;70,85241;0;1;0;1
29.03.2020 00:00:00;Waidhofen an der Ybbs(Stadt);303;11261;4;19;16;142,0833;0;2;0;4
29.03.2020 00:00:00;Wiener Neustadt(Stadt);304;45277;0;19;13;28,71215;0;0;0;2
29.03.2020 00:00:00;Amstetten;305;116114;12;176;108;93,01204;1;4;12;33
29.03.2020 00:00:00;Baden;306;146203;6;84;63;43,09077;0;0;1;5
29.03.2020 00:00:00;Bruck an der Leitha;307;102010;3;40;23;22,54681;0;0;1;4
29.03.2020 00:00:00;Gänserndorf;308;103686;2;44;33;31,82686;0;0;0;0
29.03.2020 00:00:00;Gmünd;309;36773;0;7;5;13,59693;0;0;0;0
29.03.2020 00:00:00;Hollabrunn;310;50858;3;13;11;21,62885;0;0;0;0
29.03.2020 00:00:00;Horn;311;31090;3;14;14;45,03056;0;0;0;0
29.03.2020 00:00:00;Korneuburg;312;90889;6;106;44;48,4107;0;2;8;31
29.03.2020 00:00:00;Krems(Land);313;56596;2;98;78;137,8189;0;2;1;8
29.03.2020 00:00:00;Lilienfeld;314;25812;5;29;20;77,48334;0;2;0;1
29.03.2020 00:00:00;Melk;315;77962;6;90;72;92,35268;0;1;3;7
29.03.2020 00:00:00;Mistelbach;316;75483;4;81;56;74,18889;0;0;1;7
29.03.2020 00:00:00;Mödling;317;118998;3;102;57;47,89996;0;2;1;21
29.03.2020 00:00:00;Neunkirchen;318;86291;14;122;87;100,8216;0;1;2;5
29.03.2020 00:00:00;Sankt Pölten(Land);319;131044;20;165;126;96,15091;2;5;0;12
29.03.2020 00:00:00;Scheibbs;320;41403;10;74;69;166,6546;0;0;0;2
29.03.2020 00:00:00;Tulln;321;103771;6;108;54;52,03766;0;2;1;16
29.03.2020 00:00:00;Waidhofen an der Thaya;322;25888;1;14;11;42,49073;0;0;0;1
29.03.2020 00:00:00;Wiener Neustadt(Land);323;77991;0;21;17;21,79739;0;0;0;0
29.03.2020 00:00:00;Zwettl;325;42222;3;26;25;59,21084;0;0;0;0
29.03.2020 00:00:00;Linz(Stadt);401;205726;19;198;112;54,44135;1;1;5;23
29.03.2020 00:00:00;Steyr(Stadt);402;38193;0;23;16;41,89249;0;1;0;1
29.03.2020 00:00:00;Wels(Stadt);403;61727;2;51;29;46,98106;0;0;0;0
29.03.2020 00:00:00;Braunau am Inn;404;104408;4;46;33;31,60677;0;1;0;1
29.03.2020 00:00:00;Eferding;405;33156;1;26;19;57,30486;0;0;0;4
29.03.2020 00:00:00;Freistadt;406;66621;5;80;46;69,04729;0;0;0;1
29.03.2020 00:00:00;Gmunden;407;101631;1;50;33;32,47041;0;1;0;3
29.03.2020 00:00:00;Grieskirchen;408;64721;3;39;27;41,71753;0;1;0;7
29.03.2020 00:00:00;Kirchdorf an der Krems;409;56866;3;32;17;29,89484;1;1;1;2
29.03.2020 00:00:00;Linz-Land;410;150273;18;136;76;50,57462;0;2;0;14
29.03.2020 00:00:00;Perg;411;68459;26;211;125;182,591;0;0;0;10
29.03.2020 00:00:00;Ried im Innkreis;412;61204;0;22;9;14,70492;0;0;0;3
29.03.2020 00:00:00;Rohrbach;413;56524;9;104;64;113,2262;0;0;2;16
29.03.2020 00:00:00;Schärding;414;57307;7;44;26;45,36967;0;0;0;1
29.03.2020 00:00:00;Steyr-Land;415;60427;10;107;82;135,7009;0;0;1;3
29.03.2020 00:00:00;Urfahr-Umgebung;416;85505;8;206;118;138,0036;0;2;9;24
29.03.2020 00:00:00;Vöcklabruck;417;136253;1;82;48;35,22858;0;0;0;11
29.03.2020 00:00:00;Wels-Land;418;73094;0;66;36;49,25165;0;0;0;7
29.03.2020 00:00:00;Salzburg(Stadt);501;154211;6;106;65;42,15004;0;0;1;9
29.03.2020 00:00:00;Hallein;502;60374;2;49;43;71,22271;0;0;0;0
29.03.2020 00:00:00;Salzburg-Umgebung;503;152281;10;126;94;61,72799;1;2;1;7
29.03.2020 00:00:00;Sankt Johann im Pongau;504;80573;17;320;242;300,3488;1;4;1;5
29.03.2020 00:00:00;Tamsweg;505;20320;0;14;12;59,05512;0;0;1;3
29.03.2020 00:00:00;Zell am See;506;87462;21;234;185;211,5204;0;1;15;50
29.03.2020 00:00:00;Graz(Stadt);601;288806;11;203;99;34,27907;0;4;0;14
29.03.2020 00:00:00;Deutschlandsberg;603;60821;6;22;14;23,01837;0;0;0;0
29.03.2020 00:00:00;Graz-Umgebung;606;154260;12;97;50;32,41281;1;4;0;4
29.03.2020 00:00:00;Leibnitz;610;82484;1;115;68;82,44023;0;2;13;13
29.03.2020 00:00:00;Leoben;611;60060;0;18;11;18,31502;0;0;0;3
29.03.2020 00:00:00;Liezen;612;79901;2;55;27;33,79182;0;1;0;3
29.03.2020 00:00:00;Murau;614;27659;0;2;1;3,61546;0;0;0;0
29.03.2020 00:00:00;Voitsberg;616;51161;4;66;54;105,5491;0;1;0;2
29.03.2020 00:00:00;Weiz;617;90343;3;79;39;43,16881;0;1;0;3
29.03.2020 00:00:00;Murtal;620;72004;2;23;8;11,11049;0;1;0;1
29.03.2020 00:00:00;Bruck-Mürzzuschlag;621;98984;5;37;28;28,2874;0;1;0;2
29.03.2020 00:00:00;Hartberg-Fürstenfeld;622;90622;10;175;101;111,452;1;13;2;4
29.03.2020 00:00:00;Südoststeiermark;623;85947;2;35;15;17,45262;0;0;0;3
29.03.2020 00:00:00;Innsbruck-Stadt;701;132110;6;344;148;112,0279;0;1;11;50
29.03.2020 00:00:00;Imst;702;60056;3;159;100;166,5113;0;1;0;2
29.03.2020 00:00:00;Innsbruck-Land;703;179318;3;245;112;62,45887;0;3;5;35
29.03.2020 00:00:00;Kitzbühel;704;63881;22;217;135;211,3304;0;3;16;27
29.03.2020 00:00:00;Kufstein;705;109682;28;283;192;175,0515;0;3;6;26
29.03.2020 00:00:00;Landeck;706;44362;16;589;298;671,7461;1;8;51;256
29.03.2020 00:00:00;Lienz;707;48753;12;97;56;114,8647;0;0;0;5
29.03.2020 00:00:00;Reutte;708;32670;1;30;21;64,27915;0;0;0;0
29.03.2020 00:00:00;Schwaz;709;83873;15;210;149;177,6495;0;1;5;13
29.03.2020 00:00:00;Bludenz;801;63714;8;190;110;172,6465;1;1;13;26
29.03.2020 00:00:00;Bregenz;802;134383;10;150;89;66,22861;0;0;12;25
29.03.2020 00:00:00;Dornbirn;803;89041;1;100;67;75,24623;0;1;3;9
29.03.2020 00:00:00;Feldkirch;804;107159;5;168;84;78,38819;0;0;12;31
29.03.2020 00:00:00;Wien;900;1897491;12;1145;765;40,3164;3;38;35;217
30.03.2020 00:00:00;Eisenstadt(Stadt);101;14637;1;11;8;54,65601;0;0;1;1
30.03.2020 00:00:00;Rust(Stadt);102;1940;0;0;0;0;0;0;0;0
30.03.2020 00:00:00;Eisenstadt-Umgebung;103;42927;0;12;5;11,64768;0;0;2;2
30.03.2020 00:00:00;Güssing;104;25797;2;10;10;38,7642;0;0;0;0
30.03.2020 00:00:00;Jennersdorf;105;17066;0;7;4;23,43842;0;0;1;1
30.03.2020 00:00:00;Mattersburg;106;39925;0;25;21;52,59862;0;0;1;1
30.03.2020 00:00:00;Neusiedl am See;107;59552;3;43;23;38,62171;0;1;0;6
30.03.2020 00:00:00;Oberpullendorf;108;37513;0;16;10;26,65742;0;1;0;0
30.03.2020 00:00:00;Oberwart;109;54076;3;63;43;79,51772;0;1;1;2
30.03.2020 00:00:00;Klagenfurt Stadt;201;100817;1;52;32;31,74068;0;1;5;15
30.03.2020 00:00:00;Villach Stadt;202;62243;0;15;5;8,033031;0;0;0;0
30.03.2020 00:00:00;Hermagor;203;18224;0;4;2;10,97454;0;0;0;3
30.03.2020 00:00:00;Klagenfurt Land;204;59800;0;36;21;35,11706;0;1;5;6
30.03.2020 00:00:00;Sankt Veit an der Glan;205;54555;1;32;25;45,82531;0;0;2;4
30.03.2020 00:00:00;Spittal an der Drau;206;76091;2;25;14;18,39902;0;0;0;2
30.03.2020 00:00:00;Villach Land;207;64668;2;31;18;27,83448;0;0;0;0
30.03.2020 00:00:00;Völkermarkt;208;41878;2;45;16;38,20622;0;0;0;4
30.03.2020 00:00:00;Wolfsberg;209;52726;2;27;17;32,24216;0;0;1;5
30.03.2020 00:00:00;Feldkirchen;210;29937;1;9;7;23,38244;0;0;0;0
30.03.2020 00:00:00;Krems an der Donau(Stadt);301;24876;1;24;22;88,43865;0;0;0;2
30.03.2020 00:00:00;Sankt Pölten(Stadt);302;55044;3;51;40;72,66914;0;1;4;5
30.03.2020 00:00:00;Waidhofen an der Ybbs(Stadt);303;11261;2;21;18;159,8437;0;2;0;4
30.03.2020 00:00:00;Wiener Neustadt(Stadt);304;45277;2;21;13;28,71215;0;0;0;2
30.03.2020 00:00:00;Amstetten;305;116114;8;184;104;89,56715;0;4;14;47
30.03.2020 00:00:00;Baden;306;146203;11;95;65;44,45873;0;0;0;5
30.03.2020 00:00:00;Bruck an der Leitha;307;102010;13;53;34;33,33007;0;0;2;6
30.03.2020 00:00:00;Gänserndorf;308;103686;5;49;29;27,96906;0;0;1;1
30.03.2020 00:00:00;Gmünd;309;36773;0;7;4;10,87755;0;0;1;1
30.03.2020 00:00:00;Hollabrunn;310;50858;1;14;12;23,59511;0;0;0;0
30.03.2020 00:00:00;Horn;311;31090;3;17;17;54,67996;0;0;1;1
30.03.2020 00:00:00;Korneuburg;312;90889;5;111;44;48,4107;0;2;9;40
30.03.2020 00:00:00;Krems(Land);313;56596;5;103;76;134,2851;0;2;6;14
30.03.2020 00:00:00;Lilienfeld;314;25812;2;31;21;81,35751;0;2;0;1
30.03.2020 00:00:00;Melk;315;77962;9;99;77;98,76607;0;1;0;7
30.03.2020 00:00:00;Mistelbach;316;75483;4;85;52;68,88969;0;0;10;17
30.03.2020 00:00:00;Mödling;317;118998;12;114;57;47,89996;0;2;10;31
30.03.2020 00:00:00;Neunkirchen;318;86291;9;131;73;84,59747;0;1;1;6
30.03.2020 00:00:00;Sankt Pölten(Land);319;131044;12;177;128;97,67712;0;5;12;24
30.03.2020 00:00:00;Scheibbs;320;41403;9;83;73;176,3157;0;0;0;2
30.03.2020 00:00:00;Tulln;321;103771;1;109;53;51,074;0;2;13;29
30.03.2020 00:00:00;Waidhofen an der Thaya;322;25888;0;14;11;42,49073;0;0;0;1
30.03.2020 00:00:00;Wiener Neustadt(Land);323;77991;4;25;20;25,64398;0;0;0;0
30.03.2020 00:00:00;Zwettl;325;42222;1;27;25;59,21084;0;0;1;1
30.03.2020 00:00:00;Linz(Stadt);401;205726;7;205;112;54,44135;0;1;1;24
30.03.2020 00:00:00;Steyr(Stadt);402;38193;2;25;17;44,51077;0;1;0;1
30.03.2020 00:00:00;Wels(Stadt);403;61727;0;51;25;40,50092;0;0;0;0
30.03.2020 00:00:00;Braunau am Inn;404;104408;0;46;32;30,64899;1;2;1;2
30.03.2020 00:00:00;Eferding;405;33156;4;30;23;69,36904;0;0;1;5
30.03.2020 00:00:00;Freistadt;406;66621;7;87;46;69,04729;0;0;1;2
30.03.2020 00:00:00;Gmunden;407;101631;2;52;34;33,45436;0;1;0;3
30.03.2020 00:00:00;Grieskirchen;408;64721;5;44;31;47,8979;0;1;0;7
30.03.2020 00:00:00;Kirchdorf an der Krems;409;56866;0;32;16;28,13632;0;1;2;4
30.03.2020 00:00:00;Linz-Land;410;150273;7;143;75;49,90916;1;3;4;18
30.03.2020 00:00:00;Perg;411;68459;9;220;122;178,2089;0;0;11;21
30.03.2020 00:00:00;Ried im Innkreis;412;61204;0;22;8;13,07104;0;0;0;3
30.03.2020 00:00:00;Rohrbach;413;56524;1;105;46;81,38136;0;0;3;19
30.03.2020 00:00:00;Schärding;414;57307;1;45;25;43,62469;0;0;1;2
30.03.2020 00:00:00;Steyr-Land;415;60427;3;110;80;132,3911;0;0;7;10
30.03.2020 00:00:00;Urfahr-Umgebung;416;85505;6;212;111;129,817;0;2;7;31
30.03.2020 00:00:00;Vöcklabruck;417;136253;4;86;49;35,96251;0;0;0;11
30.03.2020 00:00:00;Wels-Land;418;73094;1;67;34;46,51545;0;0;2;9
30.03.2020 00:00:00;Salzburg(Stadt);501;154211;2;108;57;36,96235;0;0;2;11
30.03.2020 00:00:00;Hallein;502;60374;1;50;31;51,34661;1;1;2;2
30.03.2020 00:00:00;Salzburg-Umgebung;503;152281;10;136;88;57,78791;0;2;1;8
30.03.2020 00:00:00;Sankt Johann im Pongau;504;80573;16;336;206;255,6688;0;4;2;7
30.03.2020 00:00:00;Tamsweg;505;20320;1;15;9;44,29134;0;0;0;3
30.03.2020 00:00:00;Zell am See;506;87462;30;264;166;189,7967;1;2;37;87
30.03.2020 00:00:00;Graz(Stadt);601;288806;27;230;116;40,16537;1;5;11;25
30.03.2020 00:00:00;Deutschlandsberg;603;60821;0;22;14;23,01837;1;1;0;0
30.03.2020 00:00:00;Graz-Umgebung;606;154260;9;106;55;35,65409;2;6;1;5
30.03.2020 00:00:00;Leibnitz;610;82484;11;126;71;86,0773;0;2;5;18
30.03.2020 00:00:00;Leoben;611;60060;1;19;11;18,31502;0;0;0;3
30.03.2020 00:00:00;Liezen;612;79901;2;57;21;26,28252;0;1;0;3
30.03.2020 00:00:00;Murau;614;27659;1;3;2;7,230919;0;0;0;0
30.03.2020 00:00:00;Voitsberg;616;51161;1;67;55;107,5038;0;1;0;2
30.03.2020 00:00:00;Weiz;617;90343;3;82;36;39,84813;0;1;2;5
30.03.2020 00:00:00;Murtal;620;72004;1;24;9;12,49931;0;1;0;1
30.03.2020 00:00:00;Bruck-Mürzzuschlag;621;98984;1;38;28;28,2874;1;2;0;2
30.03.2020 00:00:00;Hartberg-Fürstenfeld;622;90622;12;187;112;123,5903;1;14;1;5
30.03.2020 00:00:00;Südoststeiermark;623;85947;1;36;15;17,45262;0;0;1;4
30.03.2020 00:00:00;Innsbruck-Stadt;701;132110;3;347;136;102,9445;0;1;20;70
30.03.2020 00:00:00;Imst;702;60056;26;185;114;189,8228;0;1;4;6
30.03.2020 00:00:00;Innsbruck-Land;703;179318;47;292;154;85,88095;2;5;8;43
30.03.2020 00:00:00;Kitzbühel;704;63881;19;236;150;234,8116;1;4;9;36
30.03.2020 00:00:00;Kufstein;705;109682;27;310;211;192,3743;2;5;20;46
30.03.2020 00:00:00;Landeck;706;44362;26;615;305;687,5253;0;8;20;276
30.03.2020 00:00:00;Lienz;707;48753;4;101;56;114,8647;0;0;1;6
30.03.2020 00:00:00;Reutte;708;32670;4;34;21;64,27915;0;0;1;1
30.03.2020 00:00:00;Schwaz;709;83873;7;217;152;181,2264;0;1;9;22
30.03.2020 00:00:00;Bludenz;801;63714;5;195;102;160,0904;0;1;6;32
30.03.2020 00:00:00;Bregenz;802;134383;9;159;87;64,74033;1;1;6;31
30.03.2020 00:00:00;Dornbirn;803;89041;6;106;67;75,24623;0;1;2;11
30.03.2020 00:00:00;Feldkirch;804;107159;4;172;74;69,05626;0;0;5;36
30.03.2020 00:00:00;Wien;900;1897491;195;1340;876;46,16623;5;43;53;270
31.03.2020 00:00:00;Eisenstadt(Stadt);101;14637;0;11;4;27,328;0;0;1;2
31.03.2020 00:00:00;Rust(Stadt);102;1940;0;0;0;0;0;0;0;0
31.03.2020 00:00:00;Eisenstadt-Umgebung;103;42927;1;13;6;13,97722;0;0;0;2
31.03.2020 00:00:00;Güssing;104;25797;0;10;10;38,7642;0;0;1;1
31.03.2020 00:00:00;Jennersdorf;105;17066;0;7;3;17,57881;0;0;0;1
31.03.2020 00:00:00;Mattersburg;106;39925;0;25;18;45,08453;0;0;1;2
31.03.2020 00:00:00;Neusiedl am See;107;59552;1;44;19;31,90489;0;1;1;7
31.03.2020 00:00:00;Oberpullendorf;108;37513;1;17;9;23,99168;0;1;1;1
31.03.2020 00:00:00;Oberwart;109;54076;1;64;36;66,57298;0;1;7;9
31.03.2020 00:00:00;Klagenfurt Stadt;201;100817;3;55;29;28,76499;0;1;2;17
31.03.2020 00:00:00;Villach Stadt;202;62243;0;15;5;8,033031;0;0;0;0
31.03.2020 00:00:00;Hermagor;203;18224;0;4;1;5,487269;0;0;0;3
31.03.2020 00:00:00;Klagenfurt Land;204;59800;0;36;17;28,42809;0;1;1;7
31.03.2020 00:00:00;Sankt Veit an der Glan;205;54555;1;33;23;42,15929;0;0;0;4
31.03.2020 00:00:00;Spittal an der Drau;206;76091;5;30;19;24,9701;0;0;3;5
31.03.2020 00:00:00;Villach Land;207;64668;6;37;23;35,56628;0;0;0;0
31.03.2020 00:00:00;Völkermarkt;208;41878;0;45;14;33,43044;1;1;1;5
31.03.2020 00:00:00;Wolfsberg;209;52726;3;30;16;30,34556;0;0;0;5
31.03.2020 00:00:00;Feldkirchen;210;29937;0;9;6;20,04209;0;0;0;0
31.03.2020 00:00:00;Krems an der Donau(Stadt);301;24876;0;24;19;76,37884;0;0;3;5
31.03.2020 00:00:00;Sankt Pölten(Stadt);302;55044;2;53;41;74,48586;0;1;1;6
31.03.2020 00:00:00;Waidhofen an der Ybbs(Stadt);303;11261;2;23;19;168,7239;0;2;0;4
31.03.2020 00:00:00;Wiener Neustadt(Stadt);304;45277;5;26;14;30,92078;0;0;0;2
31.03.2020 00:00:00;Amstetten;305;116114;10;194;101;86,98348;0;4;5;52
31.03.2020 00:00:00;Baden;306;146203;2;97;57;38,98689;0;0;2;7
31.03.2020 00:00:00;Bruck an der Leitha;307;102010;0;53;34;33,33007;0;0;1;7
31.03.2020 00:00:00;Gänserndorf;308;103686;2;51;29;27,96906;0;0;0;1
31.03.2020 00:00:00;Gmünd;309;36773;0;7;4;10,87755;0;0;0;1
31.03.2020 00:00:00;Hollabrunn;310;50858;0;14;12;23,59511;0;0;0;0
31.03.2020 00:00:00;Horn;311;31090;0;17;17;54,67996;0;0;1;2
31.03.2020 00:00:00;Korneuburg;312;90889;2;113;44;48,4107;0;2;3;43
31.03.2020 00:00:00;Krems(Land);313;56596;5;108;76;134,2851;0;2;7;21
31.03.2020 00:00:00;Lilienfeld;314;25812;2;33;22;85,23167;0;2;1;2
31.03.2020 00:00:00;Melk;315;77962;4;103;77;98,76607;0;1;1;8
31.03.2020 00:00:00;Mistelbach;316;75483;3;88;51;67,56488;0;0;2;19
31.03.2020 00:00:00;Mödling;317;118998;2;116;52;43,69821;0;2;3;34
31.03.2020 00:00:00;Neunkirchen;318;86291;8;139;80;92,70955;0;1;4;10
31.03.2020 00:00:00;Sankt Pölten(Land);319;131044;12;189;136;103,7819;0;5;10;34
31.03.2020 00:00:00;Scheibbs;320;41403;8;91;79;190,8074;0;0;0;2
31.03.2020 00:00:00;Tulln;321;103771;11;120;60;57,81962;0;2;4;33
31.03.2020 00:00:00;Waidhofen an der Thaya;322;25888;0;14;10;38,62794;0;0;0;1
31.03.2020 00:00:00;Wiener Neustadt(Land);323;77991;2;27;22;28,20838;0;0;0;0
31.03.2020 00:00:00;Zwettl;325;42222;0;27;23;54,47397;0;0;0;1
31.03.2020 00:00:00;Linz(Stadt);401;205726;7;212;102;49,58051;0;1;14;38
31.03.2020 00:00:00;Steyr(Stadt);402;38193;6;31;22;57,60218;0;1;0;1
31.03.2020 00:00:00;Wels(Stadt);403;61727;0;51;21;34,02077;0;0;10;10
31.03.2020 00:00:00;Braunau am Inn;404;104408;8;54;40;38,31124;0;2;0;2
31.03.2020 00:00:00;Eferding;405;33156;2;32;24;72,38509;1;1;0;5
31.03.2020 00:00:00;Freistadt;406;66621;0;87;40;60,04113;0;0;0;2
31.03.2020 00:00:00;Gmunden;407;101631;0;52;32;31,48646;0;1;0;3
31.03.2020 00:00:00;Grieskirchen;408;64721;6;50;37;57,16846;0;1;1;8
31.03.2020 00:00:00;Kirchdorf an der Krems;409;56866;1;33;17;29,89484;0;1;1;5
31.03.2020 00:00:00;Linz-Land;410;150273;13;156;84;55,89827;0;3;4;22
31.03.2020 00:00:00;Perg;411;68459;1;221;118;172,3659;0;0;6;27
31.03.2020 00:00:00;Ried im Innkreis;412;61204;1;23;6;9,803281;0;0;1;4
31.03.2020 00:00:00;Rohrbach;413;56524;5;110;48;84,91968;0;0;1;20
31.03.2020 00:00:00;Schärding;414;57307;0;45;21;36,64474;0;0;2;4
31.03.2020 00:00:00;Steyr-Land;415;60427;1;111;80;132,3911;0;0;7;17
31.03.2020 00:00:00;Urfahr-Umgebung;416;85505;13;225;112;130,9865;1;3;2;33
31.03.2020 00:00:00;Vöcklabruck;417;136253;5;91;47;34,49465;0;0;0;11
31.03.2020 00:00:00;Wels-Land;418;73094;1;68;31;42,41114;0;0;1;10
31.03.2020 00:00:00;Salzburg(Stadt);501;154211;2;110;44;28,53234;0;0;4;15
31.03.2020 00:00:00;Hallein;502;60374;2;52;27;44,72124;0;1;1;3
31.03.2020 00:00:00;Salzburg-Umgebung;503;152281;10;146;85;55,81786;0;2;5;13
31.03.2020 00:00:00;Sankt Johann im Pongau;504;80573;13;349;210;260,6332;1;5;1;8
31.03.2020 00:00:00;Tamsweg;505;20320;1;16;10;49,2126;0;0;0;3
31.03.2020 00:00:00;Zell am See;506;87462;12;276;170;194,3701;0;2;28;115
31.03.2020 00:00:00;Graz(Stadt);601;288806;15;245;117;40,51162;1;6;10;35
31.03.2020 00:00:00;Deutschlandsberg;603;60821;2;24;16;26,3067;0;1;0;0
31.03.2020 00:00:00;Graz-Umgebung;606;154260;12;118;63;40,84014;1;7;3;8
31.03.2020 00:00:00;Leibnitz;610;82484;5;131;72;87,28966;1;3;6;24
31.03.2020 00:00:00;Leoben;611;60060;0;19;11;18,31502;1;1;0;3
31.03.2020 00:00:00;Liezen;612;79901;1;58;22;27,53407;0;1;2;5
31.03.2020 00:00:00;Murau;614;27659;0;3;2;7,230919;0;0;0;0
31.03.2020 00:00:00;Voitsberg;616;51161;6;73;51;99,68531;0;1;1;3
31.03.2020 00:00:00;Weiz;617;90343;2;84;33;36,52746;0;1;4;9
31.03.2020 00:00:00;Murtal;620;72004;1;25;10;13,88812;0;1;1;2
31.03.2020 00:00:00;Bruck-Mürzzuschlag;621;98984;2;40;25;25,25661;0;2;0;2
31.03.2020 00:00:00;Hartberg-Fürstenfeld;622;90622;13;200;120;132,4182;0;14;1;6
31.03.2020 00:00:00;Südoststeiermark;623;85947;1;37;15;17,45262;0;0;1;5
31.03.2020 00:00:00;Innsbruck-Stadt;701;132110;2;349;96;72,66672;2;3;13;83
31.03.2020 00:00:00;Imst;702;60056;18;203;110;183,1624;0;1;1;7
31.03.2020 00:00:00;Innsbruck-Land;703;179318;8;300;140;78,07359;1;6;8;51
31.03.2020 00:00:00;Kitzbühel;704;63881;32;268;164;256,7274;1;5;10;46
31.03.2020 00:00:00;Kufstein;705;109682;22;332;214;195,1095;1;6;22;68
31.03.2020 00:00:00;Landeck;706;44362;32;647;271;610,8832;0;8;32;308
31.03.2020 00:00:00;Lienz;707;48753;7;108;59;121,0182;1;1;1;7
31.03.2020 00:00:00;Reutte;708;32670;8;42;22;67,34007;0;0;1;2
31.03.2020 00:00:00;Schwaz;709;83873;10;227;143;170,4959;0;1;16;38
31.03.2020 00:00:00;Bludenz;801;63714;11;206;99;155,3819;0;1;8;40
31.03.2020 00:00:00;Bregenz;802;134383;8;167;80;59,53134;0;1;5;36
31.03.2020 00:00:00;Dornbirn;803;89041;11;117;65;73,00008;1;2;3;14
31.03.2020 00:00:00;Feldkirch;804;107159;3;175;59;55,05837;0;0;6;42
31.03.2020 00:00:00;Wien;900;1897491;118;1458;872;45,95542;3;46;56;326
01.04.2020 00:00:00;Eisenstadt(Stadt);101;14637;0;11;4;27,328;0;0;1;3
01.04.2020 00:00:00;Rust(Stadt);102;1940;0;0;0;0;0;0;0;0
01.04.2020 00:00:00;Eisenstadt-Umgebung;103;42927;1;14;7;16,30675;0;0;0;2
01.04.2020 00:00:00;Güssing;104;25797;0;10;10;38,7642;0;0;0;1
01.04.2020 00:00:00;Jennersdorf;105;17066;1;8;4;23,43842;0;0;1;2
01.04.2020 00:00:00;Mattersburg;106;39925;5;30;23;57,60801;0;0;0;2
01.04.2020 00:00:00;Neusiedl am See;107;59552;0;44;18;30,22569;0;1;1;8
01.04.2020 00:00:00;Oberpullendorf;108;37513;0;17;9;23,99168;0;1;3;4
01.04.2020 00:00:00;Oberwart;109;54076;6;70;41;75,81921;0;1;1;10
01.04.2020 00:00:00;Klagenfurt Stadt;201;100817;3;58;22;21,82172;0;1;1;18
01.04.2020 00:00:00;Villach Stadt;202;62243;0;15;3;4,819819;0;0;6;6
01.04.2020 00:00:00;Hermagor;203;18224;0;4;1;5,487269;0;0;0;3
01.04.2020 00:00:00;Klagenfurt Land;204;59800;2;38;17;28,42809;0;1;0;7
01.04.2020 00:00:00;Sankt Veit an der Glan;205;54555;2;35;24;43,9923;0;0;1;5
01.04.2020 00:00:00;Spittal an der Drau;206;76091;2;32;18;23,65589;0;0;2;7
01.04.2020 00:00:00;Villach Land;207;64668;3;40;22;34,01992;0;0;0;0
01.04.2020 00:00:00;Völkermarkt;208;41878;1;46;14;33,43044;0;1;4;9
01.04.2020 00:00:00;Wolfsberg;209;52726;1;31;16;30,34556;0;0;0;5
01.04.2020 00:00:00;Feldkirchen;210;29937;1;10;6;20,04209;0;0;0;0
01.04.2020 00:00:00;Krems an der Donau(Stadt);301;24876;1;25;19;76,37884;0;0;0;5
01.04.2020 00:00:00;Sankt Pölten(Stadt);302;55044;3;56;41;74,48586;0;1;1;7
01.04.2020 00:00:00;Waidhofen an der Ybbs(Stadt);303;11261;0;23;19;168,7239;0;2;3;7
01.04.2020 00:00:00;Wiener Neustadt(Stadt);304;45277;1;27;15;33,1294;0;0;1;3
01.04.2020 00:00:00;Amstetten;305;116114;9;203;101;86,98348;0;4;8;60
01.04.2020 00:00:00;Baden;306;146203;0;97;48;32,83106;0;0;3;10
01.04.2020 00:00:00;Bruck an der Leitha;307;102010;1;54;28;27,44829;0;0;0;7
01.04.2020 00:00:00;Gänserndorf;308;103686;3;54;31;29,89796;0;0;0;1
01.04.2020 00:00:00;Gmünd;309;36773;0;7;2;5,438773;0;0;1;2
01.04.2020 00:00:00;Hollabrunn;310;50858;0;14;11;21,62885;0;0;0;0
01.04.2020 00:00:00;Horn;311;31090;1;18;15;48,24702;0;0;1;3
01.04.2020 00:00:00;Korneuburg;312;90889;1;114;38;41,80924;0;2;4;47
01.04.2020 00:00:00;Krems(Land);313;56596;4;112;64;113,0822;0;2;5;26
01.04.2020 00:00:00;Lilienfeld;314;25812;3;36;24;92,98001;0;2;0;2
01.04.2020 00:00:00;Melk;315;77962;4;107;75;96,20071;1;2;1;9
01.04.2020 00:00:00;Mistelbach;316;75483;3;91;49;64,91528;0;0;8;27
01.04.2020 00:00:00;Mödling;317;118998;4;120;47;39,49646;0;2;7;41
01.04.2020 00:00:00;Neunkirchen;318;86291;9;148;80;92,70955;0;1;2;12
01.04.2020 00:00:00;Sankt Pölten(Land);319;131044;13;202;128;97,67712;1;6;2;36
01.04.2020 00:00:00;Scheibbs;320;41403;2;93;78;188,3922;0;0;0;2
01.04.2020 00:00:00;Tulln;321;103771;1;121;52;50,11034;0;2;4;37
01.04.2020 00:00:00;Waidhofen an der Thaya;322;25888;1;15;10;38,62794;0;0;0;1
01.04.2020 00:00:00;Wiener Neustadt(Land);323;77991;0;27;20;25,64398;0;0;0;0
01.04.2020 00:00:00;Zwettl;325;42222;3;30;22;52,10554;0;0;0;1
01.04.2020 00:00:00;Linz(Stadt);401;205726;19;231;110;53,46918;1;2;11;49
01.04.2020 00:00:00;Steyr(Stadt);402;38193;3;34;22;57,60218;0;1;0;1
01.04.2020 00:00:00;Wels(Stadt);403;61727;3;54;22;35,6408;0;0;2;12
01.04.2020 00:00:00;Braunau am Inn;404;104408;11;65;46;44,05793;0;2;1;3
01.04.2020 00:00:00;Eferding;405;33156;2;34;21;63,33695;1;2;2;7
01.04.2020 00:00:00;Freistadt;406;66621;5;92;44;66,04524;0;0;9;11
01.04.2020 00:00:00;Gmunden;407;101631;3;55;26;25,58274;0;1;1;4
01.04.2020 00:00:00;Grieskirchen;408;64721;1;51;36;55,62337;0;1;1;9
01.04.2020 00:00:00;Kirchdorf an der Krems;409;56866;2;35;16;28,13632;0;1;1;6
01.04.2020 00:00:00;Linz-Land;410;150273;12;168;80;53,23644;0;3;5;27
01.04.2020 00:00:00;Perg;411;68459;11;232;118;172,3659;0;0;2;29
01.04.2020 00:00:00;Ried im Innkreis;412;61204;3;26;5;8,169401;0;0;1;5
01.04.2020 00:00:00;Rohrbach;413;56524;7;117;49;86,68884;0;0;1;21
01.04.2020 00:00:00;Schärding;414;57307;2;47;22;38,38972;0;0;0;4
01.04.2020 00:00:00;Steyr-Land;415;60427;4;115;76;125,7716;0;0;2;19
01.04.2020 00:00:00;Urfahr-Umgebung;416;85505;10;235;114;133,3255;0;3;6;39
01.04.2020 00:00:00;Vöcklabruck;417;136253;3;94;45;33,02679;0;0;0;11
01.04.2020 00:00:00;Wels-Land;418;73094;0;68;24;32,83443;0;0;5;15
01.04.2020 00:00:00;Salzburg(Stadt);501;154211;1;111;35;22,69618;0;0;1;16
01.04.2020 00:00:00;Hallein;502;60374;4;56;25;41,40855;0;1;0;3
01.04.2020 00:00:00;Salzburg-Umgebung;503;152281;7;153;81;53,19114;0;2;3;16
01.04.2020 00:00:00;Sankt Johann im Pongau;504;80573;15;364;190;235,811;2;7;10;18
01.04.2020 00:00:00;Tamsweg;505;20320;0;16;6;29,52756;0;0;0;3
01.04.2020 00:00:00;Zell am See;506;87462;18;294;165;188,6534;0;2;9;124
01.04.2020 00:00:00;Graz(Stadt);601;288806;14;259;124;42,93539;0;6;5;40
01.04.2020 00:00:00;Deutschlandsberg;603;60821;3;27;18;29,59504;0;1;1;1
01.04.2020 00:00:00;Graz-Umgebung;606;154260;6;124;65;42,13665;0;7;3;11
01.04.2020 00:00:00;Leibnitz;610;82484;11;142;66;80,01552;0;3;7;31
01.04.2020 00:00:00;Leoben;611;60060;1;20;9;14,98501;0;1;0;3
01.04.2020 00:00:00;Liezen;612;79901;6;64;25;31,28872;0;1;0;5
01.04.2020 00:00:00;Murau;614;27659;2;5;4;14,46184;0;0;1;1
01.04.2020 00:00:00;Voitsberg;616;51161;2;75;45;87,95763;1;2;2;5
01.04.2020 00:00:00;Weiz;617;90343;3;87;31;34,31367;1;2;0;9
01.04.2020 00:00:00;Murtal;620;72004;4;29;14;19,44337;0;1;0;2
01.04.2020 00:00:00;Bruck-Mürzzuschlag;621;98984;0;40;20;20,20529;0;2;0;2
01.04.2020 00:00:00;Hartberg-Fürstenfeld;622;90622;10;210;103;113,6589;1;15;0;6
01.04.2020 00:00:00;Südoststeiermark;623;85947;0;37;13;15,1256;0;0;2;7
01.04.2020 00:00:00;Innsbruck-Stadt;701;132110;6;355;95;71,90977;0;3;15;98
01.04.2020 00:00:00;Imst;702;60056;10;213;101;168,1764;0;1;4;11
01.04.2020 00:00:00;Innsbruck-Land;703;179318;11;311;139;77,51592;0;6;8;59
01.04.2020 00:00:00;Kitzbühel;704;63881;15;283;165;258,2928;0;5;5;51
01.04.2020 00:00:00;Kufstein;705;109682;23;355;222;202,4033;1;7;17;85
01.04.2020 00:00:00;Landeck;706;44362;26;673;260;586,0872;0;8;20;328
01.04.2020 00:00:00;Lienz;707;48753;7;115;56;114,8647;0;1;24;31
01.04.2020 00:00:00;Reutte;708;32670;0;42;20;61,21824;0;0;0;2
01.04.2020 00:00:00;Schwaz;709;83873;21;248;151;180,0341;1;2;0;38
01.04.2020 00:00:00;Bludenz;801;63714;1;207;86;134,9782;0;1;6;46
01.04.2020 00:00:00;Bregenz;802;134383;7;174;76;56,55477;0;1;6;42
01.04.2020 00:00:00;Dornbirn;803;89041;3;120;55;61,7693;0;2;2;16
01.04.2020 00:00:00;Feldkirch;804;107159;3;178;52;48,52602;0;0;7;49
01.04.2020 00:00:00;Wien;900;1897491;109;1567;866;45,63921;0;46;59;385
02.04.2020 00:00:00;Eisenstadt(Stadt);101;14637;1;12;5;34,16;0;0;4;7
02.04.2020 00:00:00;Rust(Stadt);102;1940;0;0;0;0;0;0;0;0
02.04.2020 00:00:00;Eisenstadt-Umgebung;103;42927;0;14;7;16,30675;0;0;0;2
02.04.2020 00:00:00;Güssing;104;25797;1;11;11;42,64062;0;0;0;1
02.04.2020 00:00:00;Jennersdorf;105;17066;0;8;4;23,43842;0;0;0;2
02.04.2020 00:00:00;Mattersburg;106;39925;3;33;26;65,1221;0;0;0;2
02.04.2020 00:00:00;Neusiedl am See;107;59552;0;44;18;30,22569;0;1;3;11
02.04.2020 00:00:00;Oberpullendorf;108;37513;0;17;9;23,99168;0;1;0;4
02.04.2020 00:00:00;Oberwart;109;54076;1;71;41;75,81921;0;1;7;17
02.04.2020 00:00:00;Klagenfurt Stadt;201;100817;0;58;21;20,82982;0;1;4;22
02.04.2020 00:00:00;Villach Stadt;202;62243;3;18;6;9,639638;0;0;1;7
02.04.2020 00:00:00;Hermagor;203;18224;0;4;0;0;0;0;0;3
02.04.2020 00:00:00;Klagenfurt Land;204;59800;0;38;14;23,41137;0;1;1;8
02.04.2020 00:00:00;Sankt Veit an der Glan;205;54555;2;37;23;42,15929;0;0;0;5
02.04.2020 00:00:00;Spittal an der Drau;206;76091;2;34;20;26,28432;0;0;2;9
02.04.2020 00:00:00;Villach Land;207;64668;2;42;21;32,47356;0;0;6;6
02.04.2020 00:00:00;Völkermarkt;208;41878;0;46;12;28,65466;1;2;0;9
02.04.2020 00:00:00;Wolfsberg;209;52726;0;31;15;28,44896;0;0;6;11
02.04.2020 00:00:00;Feldkirchen;210;29937;0;10;6;20,04209;0;0;0;0
02.04.2020 00:00:00;Krems an der Donau(Stadt);301;24876;2;27;19;76,37884;0;0;0;5
02.04.2020 00:00:00;Sankt Pölten(Stadt);302;55044;1;57;35;63,58549;0;1;0;7
02.04.2020 00:00:00;Waidhofen an der Ybbs(Stadt);303;11261;0;23;16;142,0833;1;3;1;8
02.04.2020 00:00:00;Wiener Neustadt(Stadt);304;45277;1;28;15;33,1294;0;0;3;6
02.04.2020 00:00:00;Amstetten;305;116114;11;214;99;85,26104;0;4;5;65
02.04.2020 00:00:00;Baden;306;146203;5;102;45;30,77912;0;0;4;14
02.04.2020 00:00:00;Bruck an der Leitha;307;102010;6;60;32;31,36947;0;0;2;9
02.04.2020 00:00:00;Gänserndorf;308;103686;7;61;34;32,79131;0;0;0;1
02.04.2020 00:00:00;Gmünd;309;36773;0;7;2;5,438773;0;0;0;2
02.04.2020 00:00:00;Hollabrunn;310;50858;2;16;13;25,56137;0;0;0;0
02.04.2020 00:00:00;Horn;311;31090;6;24;19;61,1129;0;0;1;4
02.04.2020 00:00:00;Korneuburg;312;90889;6;120;38;41,80924;0;2;10;57
02.04.2020 00:00:00;Krems(Land);313;56596;5;117;63;111,3153;0;2;5;31
02.04.2020 00:00:00;Lilienfeld;314;25812;1;37;20;77,48334;1;3;1;3
02.04.2020 00:00:00;Melk;315;77962;5;112;57;73,11254;0;2;3;12
02.04.2020 00:00:00;Mistelbach;316;75483;4;95;42;55,64167;0;0;4;31
02.04.2020 00:00:00;Mödling;317;118998;5;125;48;40,33681;1;3;2;43
02.04.2020 00:00:00;Neunkirchen;318;86291;1;149;59;68,3733;0;1;5;17
02.04.2020 00:00:00;Sankt Pölten(Land);319;131044;8;210;123;93,8616;0;6;4;40
02.04.2020 00:00:00;Scheibbs;320;41403;3;96;64;154,5782;0;0;0;2
02.04.2020 00:00:00;Tulln;321;103771;4;125;52;50,11034;1;3;1;38
02.04.2020 00:00:00;Waidhofen an der Thaya;322;25888;0;15;8;30,90235;0;0;0;1
02.04.2020 00:00:00;Wiener Neustadt(Land);323;77991;6;33;23;29,49058;0;0;0;0
02.04.2020 00:00:00;Zwettl;325;42222;2;32;22;52,10554;0;0;0;1
02.04.2020 00:00:00;Linz(Stadt);401;205726;10;241;105;51,03876;0;2;7;56
02.04.2020 00:00:00;Steyr(Stadt);402;38193;2;36;24;62,83874;0;1;0;1
02.04.2020 00:00:00;Wels(Stadt);403;61727;0;54;17;27,54062;0;0;1;13
02.04.2020 00:00:00;Braunau am Inn;404;104408;10;75;53;50,76239;0;2;0;3
02.04.2020 00:00:00;Eferding;405;33156;2;36;22;66,353;0;2;0;7
02.04.2020 00:00:00;Freistadt;406;66621;4;96;38;57,03907;0;0;9;20
02.04.2020 00:00:00;Gmunden;407;101631;1;56;26;25,58274;0;1;2;6
02.04.2020 00:00:00;Grieskirchen;408;64721;7;58;38;58,71355;0;1;0;9
02.04.2020 00:00:00;Kirchdorf an der Krems;409;56866;0;35;14;24,61928;0;1;2;8
02.04.2020 00:00:00;Linz-Land;410;150273;7;175;79;52,57099;0;3;6;33
02.04.2020 00:00:00;Perg;411;68459;1;233;81;118,319;0;0;20;49
02.04.2020 00:00:00;Ried im Innkreis;412;61204;2;28;7;11,43716;0;0;3;8
02.04.2020 00:00:00;Rohrbach;413;56524;4;121;43;76,07388;0;0;6;27
02.04.2020 00:00:00;Schärding;414;57307;2;49;21;36,64474;0;0;3;7
02.04.2020 00:00:00;Steyr-Land;415;60427;5;120;65;107,5678;0;0;3;22
02.04.2020 00:00:00;Urfahr-Umgebung;416;85505;8;243;99;115,7827;0;3;6;45
02.04.2020 00:00:00;Vöcklabruck;417;136253;2;96;32;23,48572;0;0;10;21
02.04.2020 00:00:00;Wels-Land;418;73094;1;69;21;28,73013;0;0;0;15
02.04.2020 00:00:00;Salzburg(Stadt);501;154211;2;113;27;17,50848;0;0;3;19
02.04.2020 00:00:00;Hallein;502;60374;2;58;25;41,40855;0;1;1;4
02.04.2020 00:00:00;Salzburg-Umgebung;503;152281;5;158;74;48,59438;0;2;1;17
02.04.2020 00:00:00;Sankt Johann im Pongau;504;80573;10;374;172;213,471;0;7;11;29
02.04.2020 00:00:00;Tamsweg;505;20320;1;17;5;24,6063;0;0;0;3
02.04.2020 00:00:00;Zell am See;506;87462;18;312;171;195,5135;0;2;1;125
02.04.2020 00:00:00;Graz(Stadt);601;288806;8;267;118;40,85788;1;7;11;51
02.04.2020 00:00:00;Deutschlandsberg;603;60821;1;28;17;27,95087;0;1;0;1
02.04.2020 00:00:00;Graz-Umgebung;606;154260;6;130;61;39,54363;1;8;2;13
02.04.2020 00:00:00;Leibnitz;610;82484;5;147;67;81,22787;0;3;0;31
02.04.2020 00:00:00;Leoben;611;60060;3;23;11;18,31502;0;1;1;4
02.04.2020 00:00:00;Liezen;612;79901;3;67;26;32,54027;0;1;0;5
02.04.2020 00:00:00;Murau;614;27659;0;5;4;14,46184;0;0;0;1
02.04.2020 00:00:00;Voitsberg;616;51161;0;75;38;74,27533;0;2;0;5
02.04.2020 00:00:00;Weiz;617;90343;3;90;33;36,52746;0;2;0;9
02.04.2020 00:00:00;Murtal;620;72004;2;31;15;20,83218;0;1;0;2
02.04.2020 00:00:00;Bruck-Mürzzuschlag;621;98984;1;41;21;21,21555;0;2;1;3
02.04.2020 00:00:00;Hartberg-Fürstenfeld;622;90622;10;220;109;120,2798;4;19;0;6
02.04.2020 00:00:00;Südoststeiermark;623;85947;2;39;13;15,1256;0;0;0;7
02.04.2020 00:00:00;Innsbruck-Stadt;701;132110;5;360;74;56,01393;0;3;31;129
02.04.2020 00:00:00;Imst;702;60056;4;217;90;149,8601;0;1;3;14
02.04.2020 00:00:00;Innsbruck-Land;703;179318;9;320;118;65,80489;1;7;9;68
02.04.2020 00:00:00;Kitzbühel;704;63881;12;295;148;231,6808;0;5;9;60
02.04.2020 00:00:00;Kufstein;705;109682;46;401;234;213,344;2;9;8;93
02.04.2020 00:00:00;Landeck;706;44362;8;681;212;477,8865;0;8;14;342
02.04.2020 00:00:00;Lienz;707;48753;6;121;59;121,0182;0;1;3;34
02.04.2020 00:00:00;Reutte;708;32670;0;42;19;58,15733;0;0;0;2
02.04.2020 00:00:00;Schwaz;709;83873;15;263;149;177,6495;0;2;19;57
02.04.2020 00:00:00;Bludenz;801;63714;6;213;83;130,2696;1;2;8;54
02.04.2020 00:00:00;Bregenz;802;134383;12;186;83;61,76376;0;1;6;48
02.04.2020 00:00:00;Dornbirn;803;89041;3;123;54;60,64622;0;2;2;18
02.04.2020 00:00:00;Feldkirch;804;107159;3;181;52;48,52602;0;0;8;57
02.04.2020 00:00:00;Wien;900;1897491;52;1619;844;44,47979;5;51;68;453
03.04.2020 00:00:00;Eisenstadt(Stadt);101;14637;0;12;4;27,328;0;0;0;7
03.04.2020 00:00:00;Rust(Stadt);102;1940;0;0;0;0;0;0;0;0
03.04.2020 00:00:00;Eisenstadt-Umgebung;103;42927;1;15;5;11,64768;0;0;4;6
03.04.2020 00:00:00;Güssing;104;25797;1;12;9;34,88778;0;0;1;2
03.04.2020 00:00:00;Jennersdorf;105;17066;0;8;3;17,57881;0;0;0;2
03.04.2020 00:00:00;Mattersburg;106;39925;0;33;16;40,07514;0;0;0;2
03.04.2020 00:00:00;Neusiedl am See;107;59552;5;49;21;35,2633;0;1;2;13
03.04.2020 00:00:00;Oberpullendorf;108;37513;0;17;7;18,6602;0;1;0;4
03.04.2020 00:00:00;Oberwart;109;54076;0;71;29;53,62823;0;1;7;24
03.04.2020 00:00:00;Klagenfurt Stadt;201;100817;1;59;20;19,83792;0;1;2;24
03.04.2020 00:00:00;Villach Stadt;202;62243;0;18;4;6,426425;0;0;3;10
03.04.2020 00:00:00;Hermagor;203;18224;1;5;1;5,487269;0;0;0;3
03.04.2020 00:00:00;Klagenfurt Land;204;59800;1;39;11;18,39465;0;1;2;10
03.04.2020 00:00:00;Sankt Veit an der Glan;205;54555;2;39;20;36,66025;0;0;2;7
03.04.2020 00:00:00;Spittal an der Drau;206;76091;0;34;16;21,02745;0;0;0;9
03.04.2020 00:00:00;Villach Land;207;64668;0;42;20;30,9272;0;0;7;13
03.04.2020 00:00:00;Völkermarkt;208;41878;0;46;9;21,491;0;2;3;12
03.04.2020 00:00:00;Wolfsberg;209;52726;1;32;16;30,34556;0;0;0;11
03.04.2020 00:00:00;Feldkirchen;210;29937;2;12;7;23,38244;0;0;0;0
03.04.2020 00:00:00;Krems an der Donau(Stadt);301;24876;2;29;16;64,31902;0;0;0;5
03.04.2020 00:00:00;Sankt Pölten(Stadt);302;55044;6;63;35;63,58549;0;1;3;10
03.04.2020 00:00:00;Waidhofen an der Ybbs(Stadt);303;11261;0;23;11;97,68227;0;3;3;11
03.04.2020 00:00:00;Wiener Neustadt(Stadt);304;45277;0;28;12;26,50352;0;0;3;9
03.04.2020 00:00:00;Amstetten;305;116114;11;225;87;74,92637;1;5;8;73
03.04.2020 00:00:00;Baden;306;146203;1;103;40;27,35922;0;0;2;16
03.04.2020 00:00:00;Bruck an der Leitha;307;102010;3;63;35;34,31036;1;1;0;9
03.04.2020 00:00:00;Gänserndorf;308;103686;4;65;28;27,00461;0;0;0;1
03.04.2020 00:00:00;Gmünd;309;36773;0;7;1;2,719387;0;0;0;2
03.04.2020 00:00:00;Hollabrunn;310;50858;1;17;9;17,69633;0;0;0;0
03.04.2020 00:00:00;Horn;311;31090;1;25;17;54,67996;0;0;3;7
03.04.2020 00:00:00;Korneuburg;312;90889;7;127;38;41,80924;0;2;8;65
03.04.2020 00:00:00;Krems(Land);313;56596;6;123;45;79,51092;0;2;7;38
03.04.2020 00:00:00;Lilienfeld;314;25812;0;37;18;69,73501;0;3;1;4
03.04.2020 00:00:00;Melk;315;77962;5;117;55;70,54719;0;2;5;17
03.04.2020 00:00:00;Mistelbach;316;75483;3;98;37;49,01766;0;0;6;37
03.04.2020 00:00:00;Mödling;317;118998;7;132;47;39,49646;0;3;3;46
03.04.2020 00:00:00;Neunkirchen;318;86291;4;153;57;66,05556;0;1;2;19
03.04.2020 00:00:00;Sankt Pölten(Land);319;131044;6;216;107;81,65196;0;6;1;41
03.04.2020 00:00:00;Scheibbs;320;41403;0;96;48;115,9336;0;0;0;2
03.04.2020 00:00:00;Tulln;321;103771;1;126;40;38,54641;0;3;7;45
03.04.2020 00:00:00;Waidhofen an der Thaya;322;25888;0;15;7;27,03955;0;0;0;1
03.04.2020 00:00:00;Wiener Neustadt(Land);323;77991;1;34;21;26,92618;0;0;2;2
03.04.2020 00:00:00;Zwettl;325;42222;4;36;19;45,00024;0;0;0;1
03.04.2020 00:00:00;Linz(Stadt);401;205726;10;251;94;45,69184;2;4;5;61
03.04.2020 00:00:00;Steyr(Stadt);402;38193;3;39;27;70,69358;0;1;2;3
03.04.2020 00:00:00;Wels(Stadt);403;61727;1;55;13;21,06048;0;0;1;14
03.04.2020 00:00:00;Braunau am Inn;404;104408;8;83;50;47,88905;0;2;1;4
03.04.2020 00:00:00;Eferding;405;33156;1;37;15;45,24068;0;2;0;7
03.04.2020 00:00:00;Freistadt;406;66621;2;98;37;55,53804;0;0;0;20
03.04.2020 00:00:00;Gmunden;407;101631;1;57;24;23,61484;0;1;4;10
03.04.2020 00:00:00;Grieskirchen;408;64721;2;60;38;58,71355;0;1;0;9
03.04.2020 00:00:00;Kirchdorf an der Krems;409;56866;1;36;9;15,82668;0;1;1;9
03.04.2020 00:00:00;Linz-Land;410;150273;7;182;73;48,57825;0;3;7;40
03.04.2020 00:00:00;Perg;411;68459;3;236;65;94,94734;0;0;18;67
03.04.2020 00:00:00;Ried im Innkreis;412;61204;1;29;7;11,43716;0;0;0;8
03.04.2020 00:00:00;Rohrbach;413;56524;3;124;39;68,99724;0;0;11;38
03.04.2020 00:00:00;Schärding;414;57307;1;50;16;27,9198;0;0;3;10
03.04.2020 00:00:00;Steyr-Land;415;60427;6;126;59;97,63847;0;0;3;25
03.04.2020 00:00:00;Urfahr-Umgebung;416;85505;9;252;99;115,7827;0;3;15;60
03.04.2020 00:00:00;Vöcklabruck;417;136253;3;99;21;15,41251;1;1;1;22
03.04.2020 00:00:00;Wels-Land;418;73094;3;72;19;25,99393;0;0;10;25
03.04.2020 00:00:00;Salzburg(Stadt);501;154211;2;115;28;18,15694;0;0;9;28
03.04.2020 00:00:00;Hallein;502;60374;0;58;20;33,12684;0;1;0;4
03.04.2020 00:00:00;Salzburg-Umgebung;503;152281;10;168;74;48,59438;0;2;7;24
03.04.2020 00:00:00;Sankt Johann im Pongau;504;80573;5;379;119;147,6922;0;7;5;34
03.04.2020 00:00:00;Tamsweg;505;20320;1;18;6;29,52756;0;0;0;3
03.04.2020 00:00:00;Zell am See;506;87462;6;318;131;149,7793;0;2;24;149
03.04.2020 00:00:00;Graz(Stadt);601;288806;23;290;124;42,93539;2;9;10;61
03.04.2020 00:00:00;Deutschlandsberg;603;60821;2;30;17;27,95087;0;1;0;1
03.04.2020 00:00:00;Graz-Umgebung;606;154260;15;145;68;44,08142;1;9;5;18
03.04.2020 00:00:00;Leibnitz;610;82484;4;151;65;78,80316;0;3;17;48
03.04.2020 00:00:00;Leoben;611;60060;1;24;8;13,32001;0;1;0;4
03.04.2020 00:00:00;Liezen;612;79901;3;70;22;27,53407;0;1;6;11
03.04.2020 00:00:00;Murau;614;27659;0;5;4;14,46184;0;0;0;1
03.04.2020 00:00:00;Voitsberg;616;51161;3;78;34;66,45687;1;3;2;7
03.04.2020 00:00:00;Weiz;617;90343;2;92;23;25,45853;1;3;3;12
03.04.2020 00:00:00;Murtal;620;72004;0;31;12;16,66574;0;1;2;4
03.04.2020 00:00:00;Bruck-Mürzzuschlag;621;98984;1;42;17;17,17449;0;2;1;4
03.04.2020 00:00:00;Hartberg-Fürstenfeld;622;90622;7;227;82;90,48576;1;20;0;6
03.04.2020 00:00:00;Südoststeiermark;623;85947;0;39;9;10,47157;0;0;1;8
03.04.2020 00:00:00;Innsbruck-Stadt;701;132110;7;367;59;44,65975;0;3;12;141
03.04.2020 00:00:00;Imst;702;60056;4;221;82;136,5392;2;3;4;18
03.04.2020 00:00:00;Innsbruck-Land;703;179318;4;324;92;51,3055;1;8;17;85
03.04.2020 00:00:00;Kitzbühel;704;63881;8;303;144;225,4191;0;5;17;77
03.04.2020 00:00:00;Kufstein;705;109682;17;418;231;210,6089;1;10;21;114
03.04.2020 00:00:00;Landeck;706;44362;18;699;188;423,7861;1;9;28;370
03.04.2020 00:00:00;Lienz;707;48753;4;125;49;100,5066;0;1;10;44
03.04.2020 00:00:00;Reutte;708;32670;3;45;17;52,03551;0;0;0;2
03.04.2020 00:00:00;Schwaz;709;83873;8;271;122;145,458;0;2;13;70
03.04.2020 00:00:00;Bludenz;801;63714;1;214;71;111,4355;0;2;5;59
03.04.2020 00:00:00;Bregenz;802;134383;8;194;77;57,29892;0;1;3;51
03.04.2020 00:00:00;Dornbirn;803;89041;1;124;46;51,66159;1;3;10;28
03.04.2020 00:00:00;Feldkirch;804;107159;8;189;52;48,52602;0;0;3;60
03.04.2020 00:00:00;Wien;900;1897491;68;1687;719;37,89214;1;52;56;509
04.04.2020 00:00:00;Eisenstadt(Stadt);101;14637;0;12;3;20,496;0;0;0;7
04.04.2020 00:00:00;Rust(Stadt);102;1940;0;0;0;0;0;0;0;0
04.04.2020 00:00:00;Eisenstadt-Umgebung;103;42927;2;17;6;13,97722;0;0;1;7
04.04.2020 00:00:00;Güssing;104;25797;6;18;13;50,39346;0;0;0;2
04.04.2020 00:00:00;Jennersdorf;105;17066;0;8;1;5,859604;0;0;0;2
04.04.2020 00:00:00;Mattersburg;106;39925;1;34;14;35,06575;0;0;0;2
04.04.2020 00:00:00;Neusiedl am See;107;59552;0;49;17;28,54648;0;1;4;17
04.04.2020 00:00:00;Oberpullendorf;108;37513;1;18;5;13,32871;0;1;0;4
04.04.2020 00:00:00;Oberwart;109;54076;4;75;26;48,08048;0;1;0;24
04.04.2020 00:00:00;Klagenfurt Stadt;201;100817;1;60;17;16,86224;0;1;4;28
04.04.2020 00:00:00;Villach Stadt;202;62243;0;18;3;4,819819;0;0;0;10
04.04.2020 00:00:00;Hermagor;203;18224;0;5;1;5,487269;0;0;0;3
04.04.2020 00:00:00;Klagenfurt Land;204;59800;0;39;10;16,72241;0;1;0;10
04.04.2020 00:00:00;Sankt Veit an der Glan;205;54555;0;39;20;36,66025;0;0;0;7
04.04.2020 00:00:00;Spittal an der Drau;206;76091;2;36;17;22,34167;1;1;0;9
04.04.2020 00:00:00;Villach Land;207;64668;0;42;17;26,28812;0;0;3;16
04.04.2020 00:00:00;Völkermarkt;208;41878;1;47;9;21,491;0;2;0;12
04.04.2020 00:00:00;Wolfsberg;209;52726;2;34;13;24,65577;0;0;1;12
04.04.2020 00:00:00;Feldkirchen;210;29937;0;12;4;13,36139;0;0;0;0
04.04.2020 00:00:00;Krems an der Donau(Stadt);301;24876;0;29;11;44,21933;1;1;1;6
04.04.2020 00:00:00;Sankt Pölten(Stadt);302;55044;5;68;29;52,68512;0;1;0;10
04.04.2020 00:00:00;Waidhofen an der Ybbs(Stadt);303;11261;0;23;8;71,04165;0;3;0;11
04.04.2020 00:00:00;Wiener Neustadt(Stadt);304;45277;0;28;12;26,50352;0;0;0;9
04.04.2020 00:00:00;Amstetten;305;116114;3;228;70;60,28558;0;5;3;76
04.04.2020 00:00:00;Baden;306;146203;1;104;30;20,51941;0;0;4;20
04.04.2020 00:00:00;Bruck an der Leitha;307;102010;0;63;29;28,42859;0;1;1;10
04.04.2020 00:00:00;Gänserndorf;308;103686;0;65;25;24,11126;0;0;0;1
04.04.2020 00:00:00;Gmünd;309;36773;0;7;0;0;0;0;1;3
04.04.2020 00:00:00;Hollabrunn;310;50858;0;17;7;13,76381;0;0;0;0
04.04.2020 00:00:00;Horn;311;31090;3;28;17;54,67996;0;0;1;8
04.04.2020 00:00:00;Korneuburg;312;90889;3;130;34;37,40827;0;2;4;69
04.04.2020 00:00:00;Krems(Land);313;56596;2;125;40;70,67638;1;3;2;40
04.04.2020 00:00:00;Lilienfeld;314;25812;1;38;16;61,98667;0;3;1;5
04.04.2020 00:00:00;Melk;315;77962;4;121;45;57,72043;0;2;3;20
04.04.2020 00:00:00;Mistelbach;316;75483;1;99;35;46,36806;0;0;1;38
04.04.2020 00:00:00;Mödling;317;118998;1;133;35;29,41226;0;3;2;48
04.04.2020 00:00:00;Neunkirchen;318;86291;1;154;50;57,94347;0;1;12;31
04.04.2020 00:00:00;Sankt Pölten(Land);319;131044;3;219;88;67,15302;0;6;6;47
04.04.2020 00:00:00;Scheibbs;320;41403;1;97;37;89,3655;0;0;1;3
04.04.2020 00:00:00;Tulln;321;103771;1;127;30;28,90981;0;3;1;46
04.04.2020 00:00:00;Waidhofen an der Thaya;322;25888;0;15;4;15,45117;0;0;0;1
04.04.2020 00:00:00;Wiener Neustadt(Land);323;77991;0;34;19;24,36179;0;0;0;2
04.04.2020 00:00:00;Zwettl;325;42222;0;36;15;35,5265;0;0;0;1
04.04.2020 00:00:00;Linz(Stadt);401;205726;15;266;95;46,17793;0;4;8;69
04.04.2020 00:00:00;Steyr(Stadt);402;38193;0;39;22;57,60218;0;1;0;3
04.04.2020 00:00:00;Wels(Stadt);403;61727;1;56;8;12,96029;0;0;0;14
04.04.2020 00:00:00;Braunau am Inn;404;104408;10;93;56;53,63574;0;2;1;5
04.04.2020 00:00:00;Eferding;405;33156;1;38;16;48,25673;0;2;1;8
04.04.2020 00:00:00;Freistadt;406;66621;1;99;34;51,03496;0;0;14;34
04.04.2020 00:00:00;Gmunden;407;101631;2;59;14;13,77532;0;1;0;10
04.04.2020 00:00:00;Grieskirchen;408;64721;0;60;32;49,44299;0;1;2;11
04.04.2020 00:00:00;Kirchdorf an der Krems;409;56866;0;36;9;15,82668;0;1;1;10
04.04.2020 00:00:00;Linz-Land;410;150273;2;184;68;45,25098;0;3;1;41
04.04.2020 00:00:00;Perg;411;68459;0;236;59;86,18297;0;0;10;77
04.04.2020 00:00:00;Ried im Innkreis;412;61204;0;29;7;11,43716;0;0;3;11
04.04.2020 00:00:00;Rohrbach;413;56524;1;125;33;58,38228;0;0;5;43
04.04.2020 00:00:00;Schärding;414;57307;0;50;13;22,68484;0;0;1;11
04.04.2020 00:00:00;Steyr-Land;415;60427;3;129;48;79,43469;0;0;9;34
04.04.2020 00:00:00;Urfahr-Umgebung;416;85505;6;258;87;101,7484;0;3;5;65
04.04.2020 00:00:00;Vöcklabruck;417;136253;2;101;21;15,41251;2;3;4;26
04.04.2020 00:00:00;Wels-Land;418;73094;2;74;11;15,04912;0;0;1;26
04.04.2020 00:00:00;Salzburg(Stadt);501;154211;1;116;21;13,61771;1;1;5;33
04.04.2020 00:00:00;Hallein;502;60374;2;60;17;28,15782;0;1;0;4
04.04.2020 00:00:00;Salzburg-Umgebung;503;152281;3;171;69;45,31097;0;2;16;40
04.04.2020 00:00:00;Sankt Johann im Pongau;504;80573;4;383;113;140,2455;1;8;11;45
04.04.2020 00:00:00;Tamsweg;505;20320;0;18;6;29,52756;0;0;0;3
04.04.2020 00:00:00;Zell am See;506;87462;0;318;112;128,0556;0;2;30;179
04.04.2020 00:00:00;Graz(Stadt);601;288806;21;311;130;45,01292;1;10;11;72
04.04.2020 00:00:00;Deutschlandsberg;603;60821;0;30;15;24,66253;0;1;0;1
04.04.2020 00:00:00;Graz-Umgebung;606;154260;2;147;65;42,13665;0;9;3;21
04.04.2020 00:00:00;Leibnitz;610;82484;7;158;57;69,10431;1;4;14;62
04.04.2020 00:00:00;Leoben;611;60060;0;24;8;13,32001;0;1;2;6
04.04.2020 00:00:00;Liezen;612;79901;0;70;18;22,52788;0;1;0;11
04.04.2020 00:00:00;Murau;614;27659;0;5;3;10,84638;0;0;0;1
04.04.2020 00:00:00;Voitsberg;616;51161;1;79;27;52,77457;1;4;1;8
04.04.2020 00:00:00;Weiz;617;90343;8;100;27;29,8861;0;3;0;12
04.04.2020 00:00:00;Murtal;620;72004;0;31;11;15,27693;0;1;3;7
04.04.2020 00:00:00;Bruck-Mürzzuschlag;621;98984;1;43;16;16,16423;0;2;0;4
04.04.2020 00:00:00;Hartberg-Fürstenfeld;622;90622;19;246;91;100,4171;1;21;7;13
04.04.2020 00:00:00;Südoststeiermark;623;85947;0;39;6;6,981047;0;0;0;8
04.04.2020 00:00:00;Innsbruck-Stadt;701;132110;5;372;44;33,30558;0;3;90;231
04.04.2020 00:00:00;Imst;702;60056;6;227;78;129,8788;0;3;12;30
04.04.2020 00:00:00;Innsbruck-Land;703;179318;15;339;101;56,32452;0;8;25;110
04.04.2020 00:00:00;Kitzbühel;704;63881;9;312;129;201,938;0;5;3;80
04.04.2020 00:00:00;Kufstein;705;109682;16;434;210;191,4626;2;12;22;136
04.04.2020 00:00:00;Landeck;706;44362;2;701;170;383,2108;0;9;15;385
04.04.2020 00:00:00;Lienz;707;48753;1;126;47;96,40433;0;1;11;55
04.04.2020 00:00:00;Reutte;708;32670;0;45;17;52,03551;0;0;1;3
04.04.2020 00:00:00;Schwaz;709;83873;23;294;126;150,2271;0;2;10;80
04.04.2020 00:00:00;Bludenz;801;63714;1;215;50;78,47569;0;2;12;71
04.04.2020 00:00:00;Bregenz;802;134383;6;200;67;49,8575;1;2;14;65
04.04.2020 00:00:00;Dornbirn;803;89041;0;124;33;37,06158;0;3;16;44
04.04.2020 00:00:00;Feldkirch;804;107159;0;189;36;33,59494;0;0;8;68
04.04.2020 00:00:00;Wien;900;1897491;8;1695;608;32,04231;7;59;79;588
05.04.2020 00:00:00;Eisenstadt(Stadt);101;14637;0;12;2;13,664;0;0;0;7
05.04.2020 00:00:00;Rust(Stadt);102;1940;0;0;0;0;0;0;0;0
05.04.2020 00:00:00;Eisenstadt-Umgebung;103;42927;1;18;7;16,30675;0;0;1;8
05.04.2020 00:00:00;Güssing;104;25797;0;18;12;46,51704;0;0;0;2
05.04.2020 00:00:00;Jennersdorf;105;17066;0;8;1;5,859604;0;0;0;2
05.04.2020 00:00:00;Mattersburg;106;39925;1;35;15;37,57045;0;0;0;2
05.04.2020 00:00:00;Neusiedl am See;107;59552;0;49;15;25,18807;0;1;2;19
05.04.2020 00:00:00;Oberpullendorf;108;37513;0;18;5;13,32871;0;1;2;6
05.04.2020 00:00:00;Oberwart;109;54076;2;77;20;36,98499;0;1;0;24
05.04.2020 00:00:00;Klagenfurt Stadt;201;100817;1;61;16;15,87034;0;1;0;28
05.04.2020 00:00:00;Villach Stadt;202;62243;1;19;4;6,426425;0;0;0;10
05.04.2020 00:00:00;Hermagor;203;18224;0;5;1;5,487269;0;0;0;3
05.04.2020 00:00:00;Klagenfurt Land;204;59800;0;39;8;13,37793;0;1;2;12
05.04.2020 00:00:00;Sankt Veit an der Glan;205;54555;0;39;12;21,99615;0;0;2;9
05.04.2020 00:00:00;Spittal an der Drau;206;76091;0;36;16;21,02745;0;1;0;9
05.04.2020 00:00:00;Villach Land;207;64668;1;43;17;26,28812;0;0;0;16
05.04.2020 00:00:00;Völkermarkt;208;41878;1;48;7;16,71522;0;2;9;21
05.04.2020 00:00:00;Wolfsberg;209;52726;1;35;11;20,86257;0;0;0;12
05.04.2020 00:00:00;Feldkirchen;210;29937;1;13;5;16,70174;0;0;0;0
05.04.2020 00:00:00;Krems an der Donau(Stadt);301;24876;3;32;9;36,17945;1;2;0;6
05.04.2020 00:00:00;Sankt Pölten(Stadt);302;55044;1;69;27;49,05167;0;1;0;10
05.04.2020 00:00:00;Waidhofen an der Ybbs(Stadt);303;11261;0;23;8;71,04165;0;3;0;11
05.04.2020 00:00:00;Wiener Neustadt(Stadt);304;45277;0;28;9;19,87764;0;0;0;9
05.04.2020 00:00:00;Amstetten;305;116114;3;231;67;57,70191;1;6;1;77
05.04.2020 00:00:00;Baden;306;146203;0;104;26;17,78349;0;0;1;21
05.04.2020 00:00:00;Bruck an der Leitha;307;102010;0;63;26;25,4877;0;1;0;10
05.04.2020 00:00:00;Gänserndorf;308;103686;0;65;23;22,18236;0;0;4;5
05.04.2020 00:00:00;Gmünd;309;36773;0;7;0;0;0;0;0;3
05.04.2020 00:00:00;Hollabrunn;310;50858;2;19;9;17,69633;0;0;0;0
05.04.2020 00:00:00;Horn;311;31090;0;28;17;54,67996;0;0;1;9
05.04.2020 00:00:00;Korneuburg;312;90889;0;130;30;33,00729;0;2;1;70
05.04.2020 00:00:00;Krems(Land);313;56596;2;127;31;54,77419;0;3;2;42
05.04.2020 00:00:00;Lilienfeld;314;25812;0;38;14;54,23834;0;3;0;5
05.04.2020 00:00:00;Melk;315;77962;5;126;42;53,8724;0;2;7;27
05.04.2020 00:00:00;Mistelbach;316;75483;0;99;22;29,14564;1;1;2;40
05.04.2020 00:00:00;Mödling;317;118998;3;136;37;31,09296;0;3;5;53
05.04.2020 00:00:00;Neunkirchen;318;86291;1;155;47;54,46686;0;1;5;36
05.04.2020 00:00:00;Sankt Pölten(Land);319;131044;3;222;77;58,75889;1;7;3;50
05.04.2020 00:00:00;Scheibbs;320;41403;2;99;35;84,53493;0;0;0;3
05.04.2020 00:00:00;Tulln;321;103771;0;127;25;24,09151;0;3;2;48
05.04.2020 00:00:00;Waidhofen an der Thaya;322;25888;1;16;3;11,58838;0;0;0;1
05.04.2020 00:00:00;Wiener Neustadt(Land);323;77991;1;35;14;17,95079;0;0;1;3
05.04.2020 00:00:00;Zwettl;325;42222;0;36;13;30,78964;0;0;0;1
05.04.2020 00:00:00;Linz(Stadt);401;205726;7;273;94;45,69184;1;5;15;84
05.04.2020 00:00:00;Steyr(Stadt);402;38193;2;41;18;47,12906;0;1;1;4
05.04.2020 00:00:00;Wels(Stadt);403;61727;0;56;7;11,34026;0;0;0;14
05.04.2020 00:00:00;Braunau am Inn;404;104408;1;94;52;49,80461;0;2;1;6
05.04.2020 00:00:00;Eferding;405;33156;2;40;15;45,24068;0;2;0;8
05.04.2020 00:00:00;Freistadt;406;66621;0;99;24;36,02468;0;0;0;34
05.04.2020 00:00:00;Gmunden;407;101631;0;59;10;9,839518;0;1;3;13
05.04.2020 00:00:00;Grieskirchen;408;64721;3;63;27;41,71753;0;1;0;11
05.04.2020 00:00:00;Kirchdorf an der Krems;409;56866;0;36;7;12,30964;0;1;0;10
05.04.2020 00:00:00;Linz-Land;410;150273;0;184;66;43,92007;0;3;0;41
05.04.2020 00:00:00;Perg;411;68459;1;237;52;75,95787;0;0;3;80
05.04.2020 00:00:00;Ried im Innkreis;412;61204;2;31;9;14,70492;0;0;0;11
05.04.2020 00:00:00;Rohrbach;413;56524;5;130;35;61,9206;0;0;0;43
05.04.2020 00:00:00;Schärding;414;57307;0;50;13;22,68484;0;0;0;11
05.04.2020 00:00:00;Steyr-Land;415;60427;7;136;39;64,54069;0;0;0;34
05.04.2020 00:00:00;Urfahr-Umgebung;416;85505;7;265;67;78,35799;0;3;10;75
05.04.2020 00:00:00;Vöcklabruck;417;136253;1;102;21;15,41251;1;4;5;31
05.04.2020 00:00:00;Wels-Land;418;73094;0;74;8;10,94481;0;0;3;29
05.04.2020 00:00:00;Salzburg(Stadt);501;154211;2;118;18;11,67232;0;1;7;40
05.04.2020 00:00:00;Hallein;502;60374;0;60;13;21,53245;0;1;0;4
05.04.2020 00:00:00;Salzburg-Umgebung;503;152281;2;173;57;37,4308;0;2;4;44
05.04.2020 00:00:00;Sankt Johann im Pongau;504;80573;1;384;81;100,53;1;9;23;68
05.04.2020 00:00:00;Tamsweg;505;20320;1;19;5;24,6063;0;0;3;6
05.04.2020 00:00:00;Zell am See;506;87462;5;323;110;125,7689;1;3;31;210
05.04.2020 00:00:00;Graz(Stadt);601;288806;2;313;121;41,89664;2;12;5;77
05.04.2020 00:00:00;Deutschlandsberg;603;60821;2;32;16;26,3067;0;1;2;3
05.04.2020 00:00:00;Graz-Umgebung;606;154260;5;152;67;43,43317;2;11;4;25
05.04.2020 00:00:00;Leibnitz;610;82484;1;159;45;54,55603;0;4;0;62
05.04.2020 00:00:00;Leoben;611;60060;0;24;6;9,99001;0;1;0;6
05.04.2020 00:00:00;Liezen;612;79901;0;70;17;21,27633;0;1;2;13
05.04.2020 00:00:00;Murau;614;27659;0;5;3;10,84638;0;0;0;1
05.04.2020 00:00:00;Voitsberg;616;51161;6;85;23;44,95612;0;4;0;8
05.04.2020 00:00:00;Weiz;617;90343;4;104;28;30,99299;0;3;0;12
05.04.2020 00:00:00;Murtal;620;72004;0;31;10;13,88812;0;1;1;8
05.04.2020 00:00:00;Bruck-Mürzzuschlag;621;98984;0;43;11;11,11291;0;2;0;4
05.04.2020 00:00:00;Hartberg-Fürstenfeld;622;90622;4;250;85;93,79621;0;21;3;16
05.04.2020 00:00:00;Südoststeiermark;623;85947;0;39;6;6,981047;0;0;2;10
05.04.2020 00:00:00;Innsbruck-Stadt;701;132110;2;374;36;27,25002;0;3;11;242
05.04.2020 00:00:00;Imst;702;60056;5;232;76;126,5486;0;3;6;36
05.04.2020 00:00:00;Innsbruck-Land;703;179318;14;353;111;61,9012;0;8;4;114
05.04.2020 00:00:00;Kitzbühel;704;63881;9;321;126;197,2417;0;5;7;87
05.04.2020 00:00:00;Kufstein;705;109682;7;441;186;169,5811;1;13;26;162
05.04.2020 00:00:00;Landeck;706;44362;2;703;130;293,0436;1;10;13;398
05.04.2020 00:00:00;Lienz;707;48753;0;126;41;84,09739;0;1;0;55
05.04.2020 00:00:00;Reutte;708;32670;0;45;16;48,97459;0;0;3;6
05.04.2020 00:00:00;Schwaz;709;83873;3;297;102;121,6124;0;2;17;97
05.04.2020 00:00:00;Bludenz;801;63714;16;231;49;76,90617;0;2;7;78
05.04.2020 00:00:00;Bregenz;802;134383;6;206;66;49,11335;0;2;3;68
05.04.2020 00:00:00;Dornbirn;803;89041;0;124;25;28,07695;0;3;4;48
05.04.2020 00:00:00;Feldkirch;804;107159;2;191;28;26,1294;0;0;9;77
05.04.2020 00:00:00;Wien;900;1897491;21;1716;583;30,72478;8;67;53;641
06.04.2020 00:00:00;Eisenstadt(Stadt);101;14637;1;13;3;20,496;0;0;0;7
06.04.2020 00:00:00;Rust(Stadt);102;1940;0;0;0;0;0;0;0;0
06.04.2020 00:00:00;Eisenstadt-Umgebung;103;42927;3;21;9;20,96583;0;0;2;10
06.04.2020 00:00:00;Güssing;104;25797;0;18;10;38,7642;0;0;0;2
06.04.2020 00:00:00;Jennersdorf;105;17066;0;8;1;5,859604;0;0;0;2
06.04.2020 00:00:00;Mattersburg;106;39925;0;35;10;25,04696;0;0;1;3
06.04.2020 00:00:00;Neusiedl am See;107;59552;1;50;10;16,79205;0;1;1;20
06.04.2020 00:00:00;Oberpullendorf;108;37513;0;18;2;5,331485;0;1;1;7
06.04.2020 00:00:00;Oberwart;109;54076;0;77;17;31,43724;0;1;3;27
06.04.2020 00:00:00;Klagenfurt Stadt;201;100817;3;64;13;12,89465;0;1;1;29
06.04.2020 00:00:00;Villach Stadt;202;62243;0;19;4;6,426425;0;0;1;11
06.04.2020 00:00:00;Hermagor;203;18224;0;5;1;5,487269;0;0;0;3
06.04.2020 00:00:00;Klagenfurt Land;204;59800;0;39;3;5,016722;0;1;3;15
06.04.2020 00:00:00;Sankt Veit an der Glan;205;54555;2;41;10;18,33013;0;0;3;12
06.04.2020 00:00:00;Spittal an der Drau;206;76091;0;36;13;17,08481;0;1;1;10
06.04.2020 00:00:00;Villach Land;207;64668;1;44;15;23,1954;0;0;0;16
06.04.2020 00:00:00;Völkermarkt;208;41878;1;49;6;14,32733;0;2;3;24
06.04.2020 00:00:00;Wolfsberg;209;52726;1;36;11;20,86257;0;0;2;14
06.04.2020 00:00:00;Feldkirchen;210;29937;0;13;5;16,70174;0;0;0;0
06.04.2020 00:00:00;Krems an der Donau(Stadt);301;24876;1;33;10;40,19939;0;2;1;7
06.04.2020 00:00:00;Sankt Pölten(Stadt);302;55044;5;74;26;47,23494;0;1;11;21
06.04.2020 00:00:00;Waidhofen an der Ybbs(Stadt);303;11261;0;23;4;35,52082;0;3;0;11
06.04.2020 00:00:00;Wiener Neustadt(Stadt);304;45277;3;31;12;26,50352;0;0;2;11
06.04.2020 00:00:00;Amstetten;305;116114;7;238;62;53,3958;0;6;6;83
06.04.2020 00:00:00;Baden;306;146203;11;115;31;21,2034;0;0;13;34
06.04.2020 00:00:00;Bruck an der Leitha;307;102010;7;70;30;29,40888;0;1;1;11
06.04.2020 00:00:00;Gänserndorf;308;103686;7;72;28;27,00461;0;0;3;8
06.04.2020 00:00:00;Gmünd;309;36773;0;7;0;0;0;0;0;3
06.04.2020 00:00:00;Hollabrunn;310;50858;3;22;9;17,69633;0;0;0;0
06.04.2020 00:00:00;Horn;311;31090;0;28;14;45,03056;0;0;2;11
06.04.2020 00:00:00;Korneuburg;312;90889;3;133;27;29,70657;1;3;3;73
06.04.2020 00:00:00;Krems(Land);313;56596;5;132;34;60,07492;2;5;16;58
06.04.2020 00:00:00;Lilienfeld;314;25812;0;38;9;34,8675;0;3;1;6
06.04.2020 00:00:00;Melk;315;77962;5;131;41;52,58972;0;2;6;33
06.04.2020 00:00:00;Mistelbach;316;75483;6;105;24;31,79524;0;1;1;41
06.04.2020 00:00:00;Mödling;317;118998;11;147;45;37,81576;1;4;10;63
06.04.2020 00:00:00;Neunkirchen;318;86291;11;166;44;50,99025;2;3;12;48
06.04.2020 00:00:00;Sankt Pölten(Land);319;131044;9;231;66;50,36476;1;8;6;56
06.04.2020 00:00:00;Scheibbs;320;41403;1;100;26;62,79738;0;0;8;11
06.04.2020 00:00:00;Tulln;321;103771;1;128;20;19,27321;0;3;3;51
06.04.2020 00:00:00;Waidhofen an der Thaya;322;25888;0;16;2;7,725587;0;0;0;1
06.04.2020 00:00:00;Wiener Neustadt(Land);323;77991;3;38;17;21,79739;0;0;1;4
06.04.2020 00:00:00;Zwettl;325;42222;1;37;11;26,05277;0;0;1;2
06.04.2020 00:00:00;Linz(Stadt);401;205726;1;274;76;36,94234;0;5;3;87
06.04.2020 00:00:00;Steyr(Stadt);402;38193;1;42;19;49,74734;0;1;2;6
06.04.2020 00:00:00;Wels(Stadt);403;61727;0;56;5;8,100183;0;0;6;20
06.04.2020 00:00:00;Braunau am Inn;404;104408;0;94;48;45,97349;0;2;4;10
06.04.2020 00:00:00;Eferding;405;33156;2;42;16;48,25673;0;2;1;9
06.04.2020 00:00:00;Freistadt;406;66621;2;101;21;31,52159;0;0;10;44
06.04.2020 00:00:00;Gmunden;407;101631;1;60;10;9,839518;0;1;3;16
06.04.2020 00:00:00;Grieskirchen;408;64721;0;63;24;37,08224;0;1;2;13
06.04.2020 00:00:00;Kirchdorf an der Krems;409;56866;0;36;4;7,03408;0;1;0;10
06.04.2020 00:00:00;Linz-Land;410;150273;0;184;48;31,94187;1;4;13;54
06.04.2020 00:00:00;Perg;411;68459;1;238;27;39,43966;0;0;1;81
06.04.2020 00:00:00;Ried im Innkreis;412;61204;0;31;9;14,70492;0;0;7;18
06.04.2020 00:00:00;Rohrbach;413;56524;0;130;26;45,99816;0;0;22;65
06.04.2020 00:00:00;Schärding;414;57307;1;51;7;12,21491;0;0;6;17
06.04.2020 00:00:00;Steyr-Land;415;60427;7;143;36;59,57602;1;1;5;39
06.04.2020 00:00:00;Urfahr-Umgebung;416;85505;0;265;59;69,00182;0;3;12;87
06.04.2020 00:00:00;Vöcklabruck;417;136253;0;102;20;14,67858;0;4;1;32
06.04.2020 00:00:00;Wels-Land;418;73094;0;74;8;10,94481;0;0;12;41
06.04.2020 00:00:00;Salzburg(Stadt);501;154211;0;118;12;7,781546;0;1;14;54
06.04.2020 00:00:00;Hallein;502;60374;0;60;11;18,21976;0;1;8;12
06.04.2020 00:00:00;Salzburg-Umgebung;503;152281;0;173;47;30,86399;0;2;10;54
06.04.2020 00:00:00;Sankt Johann im Pongau;504;80573;9;393;73;90,60107;0;9;29;97
06.04.2020 00:00:00;Tamsweg;505;20320;0;19;5;24,6063;0;0;1;7
06.04.2020 00:00:00;Zell am See;506;87462;3;326;92;105,1885;1;4;1;211
06.04.2020 00:00:00;Graz(Stadt);601;288806;13;326;123;42,58914;1;13;6;83
06.04.2020 00:00:00;Deutschlandsberg;603;60821;0;32;10;16,44169;0;1;1;4
06.04.2020 00:00:00;Graz-Umgebung;606;154260;11;163;66;42,78491;1;12;3;28
06.04.2020 00:00:00;Leibnitz;610;82484;1;160;45;54,55603;0;4;19;81
06.04.2020 00:00:00;Leoben;611;60060;0;24;6;9,99001;0;1;0;6
06.04.2020 00:00:00;Liezen;612;79901;1;71;16;20,02478;0;1;1;14
06.04.2020 00:00:00;Murau;614;27659;0;5;3;10,84638;0;0;0;1
06.04.2020 00:00:00;Voitsberg;616;51161;0;85;19;37,13766;0;4;4;12
06.04.2020 00:00:00;Weiz;617;90343;8;112;33;36,52746;0;3;12;24
06.04.2020 00:00:00;Murtal;620;72004;0;31;8;11,11049;0;1;0;8
06.04.2020 00:00:00;Bruck-Mürzzuschlag;621;98984;2;45;8;8,082114;0;2;4;8
06.04.2020 00:00:00;Hartberg-Fürstenfeld;622;90622;3;253;78;86,07182;4;25;11;27
06.04.2020 00:00:00;Südoststeiermark;623;85947;2;41;6;6,981047;0;0;0;10
06.04.2020 00:00:00;Innsbruck-Stadt;701;132110;2;376;32;24,22224;0;3;20;262
06.04.2020 00:00:00;Imst;702;60056;0;232;73;121,5532;1;4;6;42
06.04.2020 00:00:00;Innsbruck-Land;703;179318;4;357;112;62,45887;1;9;14;128
06.04.2020 00:00:00;Kitzbühel;704;63881;2;323;106;165,9335;0;5;15;102
06.04.2020 00:00:00;Kufstein;705;109682;6;447;164;149,5232;0;13;9;171
06.04.2020 00:00:00;Landeck;706;44362;5;708;119;268,2476;3;13;113;511
06.04.2020 00:00:00;Lienz;707;48753;6;132;35;71,79045;0;1;2;57
06.04.2020 00:00:00;Reutte;708;32670;2;47;17;52,03551;0;0;1;7
06.04.2020 00:00:00;Schwaz;709;83873;6;303;93;110,8819;1;3;17;114
06.04.2020 00:00:00;Bludenz;801;63714;2;233;43;67,48909;0;2;32;110
06.04.2020 00:00:00;Bregenz;802;134383;10;216;66;49,11335;0;2;39;107
06.04.2020 00:00:00;Dornbirn;803;89041;4;128;28;31,44619;0;3;19;67
06.04.2020 00:00:00;Feldkirch;804;107159;4;195;27;25,1962;0;0;29;106
06.04.2020 00:00:00;Wien;900;1897491;70;1786;641;33,78145;9;76;67;708
07.04.2020 00:00:00;Eisenstadt(Stadt);101;14637;0;13;2;13,664;0;0;1;8
07.04.2020 00:00:00;Rust(Stadt);102;1940;0;0;0;0;0;0;0;0
07.04.2020 00:00:00;Eisenstadt-Umgebung;103;42927;0;21;9;20,96583;0;0;0;10
07.04.2020 00:00:00;Güssing;104;25797;2;20;10;38,7642;0;0;2;4
07.04.2020 00:00:00;Jennersdorf;105;17066;0;8;1;5,859604;0;0;0;2
07.04.2020 00:00:00;Mattersburg;106;39925;1;36;11;27,55166;0;0;5;8
07.04.2020 00:00:00;Neusiedl am See;107;59552;0;50;7;11,75443;0;1;2;22
07.04.2020 00:00:00;Oberpullendorf;108;37513;0;18;2;5,331485;0;1;4;11
07.04.2020 00:00:00;Oberwart;109;54076;0;77;14;25,88949;0;1;5;32
07.04.2020 00:00:00;Klagenfurt Stadt;201;100817;4;68;16;15,87034;0;1;4;33
07.04.2020 00:00:00;Villach Stadt;202;62243;0;19;4;6,426425;0;0;3;14
07.04.2020 00:00:00;Hermagor;203;18224;0;5;1;5,487269;0;0;0;3
07.04.2020 00:00:00;Klagenfurt Land;204;59800;1;40;4;6,688963;0;1;0;15
07.04.2020 00:00:00;Sankt Veit an der Glan;205;54555;3;44;12;21,99615;0;0;1;13
07.04.2020 00:00:00;Spittal an der Drau;206;76091;0;36;11;14,45637;0;1;3;13
07.04.2020 00:00:00;Villach Land;207;64668;0;44;13;20,10268;1;1;2;18
07.04.2020 00:00:00;Völkermarkt;208;41878;1;50;5;11,93944;0;2;1;25
07.04.2020 00:00:00;Wolfsberg;209;52726;0;36;9;17,06938;0;0;2;16
07.04.2020 00:00:00;Feldkirchen;210;29937;0;13;4;13,36139;0;0;1;1
07.04.2020 00:00:00;Krems an der Donau(Stadt);301;24876;0;33;9;36,17945;0;2;2;9
07.04.2020 00:00:00;Sankt Pölten(Stadt);302;55044;3;77;26;47,23494;0;1;3;24
07.04.2020 00:00:00;Waidhofen an der Ybbs(Stadt);303;11261;0;23;2;17,76041;0;3;0;11
07.04.2020 00:00:00;Wiener Neustadt(Stadt);304;45277;4;35;14;30,92078;0;0;0;11
07.04.2020 00:00:00;Amstetten;305;116114;4;242;58;49,95091;1;7;4;87
07.04.2020 00:00:00;Baden;306;146203;5;120;25;17,09951;0;0;8;42
07.04.2020 00:00:00;Bruck an der Leitha;307;102010;0;70;17;16,66503;1;2;1;12
07.04.2020 00:00:00;Gänserndorf;308;103686;2;74;25;24,11126;0;0;9;17
07.04.2020 00:00:00;Gmünd;309;36773;0;7;0;0;0;0;0;3
07.04.2020 00:00:00;Hollabrunn;310;50858;3;25;11;21,62885;0;0;4;4
07.04.2020 00:00:00;Horn;311;31090;3;31;14;45,03056;0;0;1;12
07.04.2020 00:00:00;Korneuburg;312;90889;7;140;29;31,90705;0;3;1;74
07.04.2020 00:00:00;Krems(Land);313;56596;2;134;31;54,77419;0;5;1;59
07.04.2020 00:00:00;Lilienfeld;314;25812;2;40;9;34,8675;0;3;1;7
07.04.2020 00:00:00;Melk;315;77962;3;134;35;44,89367;0;2;4;37
07.04.2020 00:00:00;Mistelbach;316;75483;4;109;24;31,79524;0;1;2;43
07.04.2020 00:00:00;Mödling;317;118998;8;155;41;34,45436;0;4;3;66
07.04.2020 00:00:00;Neunkirchen;318;86291;5;171;40;46,35477;0;3;1;49
07.04.2020 00:00:00;Sankt Pölten(Land);319;131044;6;237;60;45,78615;1;9;6;62
07.04.2020 00:00:00;Scheibbs;320;41403;2;102;19;45,8904;0;0;11;22
07.04.2020 00:00:00;Tulln;321;103771;1;129;20;19,27321;1;4;3;54
07.04.2020 00:00:00;Waidhofen an der Thaya;322;25888;1;17;3;11,58838;0;0;0;1
07.04.2020 00:00:00;Wiener Neustadt(Land);323;77991;3;41;16;20,51519;0;0;0;4
07.04.2020 00:00:00;Zwettl;325;42222;1;38;11;26,05277;0;0;2;4
07.04.2020 00:00:00;Linz(Stadt);401;205726;7;281;76;36,94234;2;7;12;99
07.04.2020 00:00:00;Steyr(Stadt);402;38193;0;42;17;44,51077;0;1;1;7
07.04.2020 00:00:00;Wels(Stadt);403;61727;0;56;5;8,100183;0;0;6;26
07.04.2020 00:00:00;Braunau am Inn;404;104408;5;99;53;50,76239;0;2;2;12
07.04.2020 00:00:00;Eferding;405;33156;0;42;12;36,19254;0;2;0;9
07.04.2020 00:00:00;Freistadt;406;66621;0;101;14;21,01439;0;0;4;48
07.04.2020 00:00:00;Gmunden;407;101631;0;60;8;7,871614;0;1;5;21
07.04.2020 00:00:00;Grieskirchen;408;64721;1;64;20;30,90187;0;1;3;16
07.04.2020 00:00:00;Kirchdorf an der Krems;409;56866;1;37;5;8,7926;0;1;0;10
07.04.2020 00:00:00;Linz-Land;410;150273;4;188;45;29,9455;2;6;12;66
07.04.2020 00:00:00;Perg;411;68459;2;240;20;29,21457;0;0;18;99
07.04.2020 00:00:00;Ried im Innkreis;412;61204;2;33;11;17,97268;0;0;2;20
07.04.2020 00:00:00;Rohrbach;413;56524;4;134;29;51,30564;0;0;4;69
07.04.2020 00:00:00;Schärding;414;57307;0;51;6;10,46992;0;0;0;17
07.04.2020 00:00:00;Steyr-Land;415;60427;0;143;33;54,61135;1;2;1;40
07.04.2020 00:00:00;Urfahr-Umgebung;416;85505;3;268;56;65,49325;0;3;2;89
07.04.2020 00:00:00;Vöcklabruck;417;136253;3;105;19;13,94465;0;4;5;37
07.04.2020 00:00:00;Wels-Land;418;73094;0;74;7;9,57671;0;0;6;47
07.04.2020 00:00:00;Salzburg(Stadt);501;154211;5;123;15;9,726933;0;1;9;63
07.04.2020 00:00:00;Hallein;502;60374;1;61;11;18,21976;0;1;8;20
07.04.2020 00:00:00;Salzburg-Umgebung;503;152281;3;176;40;26,26723;2;4;15;69
07.04.2020 00:00:00;Sankt Johann im Pongau;504;80573;11;404;68;84,39552;0;9;12;109
07.04.2020 00:00:00;Tamsweg;505;20320;2;21;6;29,52756;0;0;3;10
07.04.2020 00:00:00;Zell am See;506;87462;5;331;67;76,6047;0;4;1;212
07.04.2020 00:00:00;Graz(Stadt);601;288806;13;339;109;37,7416;1;14;14;97
07.04.2020 00:00:00;Deutschlandsberg;603;60821;4;36;14;23,01837;0;1;3;7
07.04.2020 00:00:00;Graz-Umgebung;606;154260;2;165;59;38,24712;1;13;2;30
07.04.2020 00:00:00;Leibnitz;610;82484;2;162;36;43,64483;0;4;6;87
07.04.2020 00:00:00;Leoben;611;60060;0;24;5;8,325008;1;2;1;7
07.04.2020 00:00:00;Liezen;612;79901;5;76;19;23,77943;0;1;0;14
07.04.2020 00:00:00;Murau;614;27659;0;5;2;7,230919;0;0;0;1
07.04.2020 00:00:00;Voitsberg;616;51161;2;87;20;39,09228;0;4;1;13
07.04.2020 00:00:00;Weiz;617;90343;1;113;31;34,31367;0;3;11;35
07.04.2020 00:00:00;Murtal;620;72004;0;31;7;9,721683;0;1;0;8
07.04.2020 00:00:00;Bruck-Mürzzuschlag;621;98984;0;45;7;7,07185;0;2;0;8
07.04.2020 00:00:00;Hartberg-Fürstenfeld;622;90622;14;267;80;88,27879;1;26;5;32
07.04.2020 00:00:00;Südoststeiermark;623;85947;1;42;6;6,981047;0;0;2;12
07.04.2020 00:00:00;Innsbruck-Stadt;701;132110;0;376;29;21,9514;0;3;22;284
07.04.2020 00:00:00;Imst;702;60056;2;234;49;81,59052;0;4;20;62
07.04.2020 00:00:00;Innsbruck-Land;703;179318;7;364;72;40,15213;1;10;13;141
07.04.2020 00:00:00;Kitzbühel;704;63881;3;326;90;140,887;1;6;10;112
07.04.2020 00:00:00;Kufstein;705;109682;7;454;144;131,2886;1;14;15;186
07.04.2020 00:00:00;Landeck;706;44362;4;712;97;218,6556;1;14;13;524
07.04.2020 00:00:00;Lienz;707;48753;2;134;33;67,68814;1;2;5;62
07.04.2020 00:00:00;Reutte;708;32670;1;48;14;42,85277;0;0;5;12
07.04.2020 00:00:00;Schwaz;709;83873;11;314;97;115,651;2;5;10;124
07.04.2020 00:00:00;Bludenz;801;63714;2;235;40;62,78055;0;2;22;132
07.04.2020 00:00:00;Bregenz;802;134383;18;234;75;55,81063;0;2;25;132
07.04.2020 00:00:00;Dornbirn;803;89041;2;130;24;26,95387;0;3;6;73
07.04.2020 00:00:00;Feldkirch;804;107159;2;197;25;23,32982;1;1;16;122
07.04.2020 00:00:00;Wien;900;1897491;48;1834;494;26,03438;5;81;77;785
08.04.2020 00:00:00;Eisenstadt(Stadt);101;14637;1;14;3;20,496;0;0;2;10
08.04.2020 00:00:00;Rust(Stadt);102;1940;0;0;0;0;0;0;0;0
08.04.2020 00:00:00;Eisenstadt-Umgebung;103;42927;0;21;8;18,63629;0;0;0;10
08.04.2020 00:00:00;Güssing;104;25797;1;21;11;42,64062;0;0;0;4
08.04.2020 00:00:00;Jennersdorf;105;17066;0;8;1;5,859604;0;0;1;3
08.04.2020 00:00:00;Mattersburg;106;39925;0;36;11;27,55166;0;0;4;12
08.04.2020 00:00:00;Neusiedl am See;107;59552;1;51;7;11,75443;0;1;2;24
08.04.2020 00:00:00;Oberpullendorf;108;37513;1;19;2;5,331485;0;1;0;11
08.04.2020 00:00:00;Oberwart;109;54076;5;82;18;33,28649;0;1;9;41
08.04.2020 00:00:00;Klagenfurt Stadt;201;100817;9;77;22;21,82172;0;1;4;37
08.04.2020 00:00:00;Villach Stadt;202;62243;0;19;4;6,426425;0;0;0;14
08.04.2020 00:00:00;Hermagor;203;18224;0;5;1;5,487269;0;0;0;3
08.04.2020 00:00:00;Klagenfurt Land;204;59800;1;41;5;8,361204;0;1;3;18
08.04.2020 00:00:00;Sankt Veit an der Glan;205;54555;0;44;11;20,16314;0;0;5;18
08.04.2020 00:00:00;Spittal an der Drau;206;76091;1;37;7;9,199512;0;1;2;15
08.04.2020 00:00:00;Villach Land;207;64668;1;45;8;12,37088;0;1;2;20
08.04.2020 00:00:00;Völkermarkt;208;41878;2;52;7;16,71522;0;2;1;26
08.04.2020 00:00:00;Wolfsberg;209;52726;0;36;6;11,37959;0;0;2;18
08.04.2020 00:00:00;Feldkirchen;210;29937;1;14;5;16,70174;0;0;0;1
08.04.2020 00:00:00;Krems an der Donau(Stadt);301;24876;0;33;9;36,17945;0;2;1;10
08.04.2020 00:00:00;Sankt Pölten(Stadt);302;55044;0;77;24;43,60148;0;1;2;26
08.04.2020 00:00:00;Waidhofen an der Ybbs(Stadt);303;11261;0;23;0;0;0;3;0;11
08.04.2020 00:00:00;Wiener Neustadt(Stadt);304;45277;0;35;9;19,87764;0;0;1;12
08.04.2020 00:00:00;Amstetten;305;116114;6;248;54;46,50602;1;8;3;90
08.04.2020 00:00:00;Baden;306;146203;5;125;28;19,15145;0;0;7;49
08.04.2020 00:00:00;Bruck an der Leitha;307;102010;1;71;18;17,64533;1;3;5;17
08.04.2020 00:00:00;Gänserndorf;308;103686;3;77;26;25,07571;0;0;6;23
08.04.2020 00:00:00;Gmünd;309;36773;1;8;1;2,719387;0;0;0;3
08.04.2020 00:00:00;Hollabrunn;310;50858;2;27;13;25,56137;0;0;2;6
08.04.2020 00:00:00;Horn;311;31090;0;31;14;45,03056;1;1;2;14
08.04.2020 00:00:00;Korneuburg;312;90889;2;142;29;31,90705;0;3;7;81
08.04.2020 00:00:00;Krems(Land);313;56596;0;134;26;45,93964;0;5;3;62
08.04.2020 00:00:00;Lilienfeld;314;25812;0;40;7;27,11917;0;3;4;11
08.04.2020 00:00:00;Melk;315;77962;4;138;35;44,89367;0;2;8;45
08.04.2020 00:00:00;Mistelbach;316;75483;4;113;25;33,12004;0;1;6;49
08.04.2020 00:00:00;Mödling;317;118998;3;158;42;35,29471;0;4;6;72
08.04.2020 00:00:00;Neunkirchen;318;86291;3;174;35;40,56043;0;3;12;61
08.04.2020 00:00:00;Sankt Pölten(Land);319;131044;1;238;49;37,39202;0;9;16;78
08.04.2020 00:00:00;Scheibbs;320;41403;0;102;11;26,56812;0;0;10;32
08.04.2020 00:00:00;Tulln;321;103771;7;136;16;15,41857;0;4;2;56
08.04.2020 00:00:00;Waidhofen an der Thaya;322;25888;3;20;6;23,17676;0;0;0;1
08.04.2020 00:00:00;Wiener Neustadt(Land);323;77991;4;45;18;23,07959;1;1;4;8
08.04.2020 00:00:00;Zwettl;325;42222;1;39;12;28,4212;0;0;3;7
08.04.2020 00:00:00;Linz(Stadt);401;205726;2;283;71;34,51192;1;8;6;105
08.04.2020 00:00:00;Steyr(Stadt);402;38193;2;44;13;34,03765;0;1;1;8
08.04.2020 00:00:00;Wels(Stadt);403;61727;0;56;5;8,100183;0;0;4;30
08.04.2020 00:00:00;Braunau am Inn;404;104408;9;108;54;51,72017;0;2;1;13
08.04.2020 00:00:00;Eferding;405;33156;2;44;12;36,19254;0;2;2;11
08.04.2020 00:00:00;Freistadt;406;66621;0;101;14;21,01439;0;0;0;48
08.04.2020 00:00:00;Gmunden;407;101631;0;60;8;7,871614;0;1;5;26
08.04.2020 00:00:00;Grieskirchen;408;64721;0;64;14;21,63131;0;1;0;16
08.04.2020 00:00:00;Kirchdorf an der Krems;409;56866;2;39;6;10,55112;0;1;4;14
08.04.2020 00:00:00;Linz-Land;410;150273;1;189;33;21,96003;0;6;4;70
08.04.2020 00:00:00;Perg;411;68459;0;240;19;27,75384;0;0;20;119
08.04.2020 00:00:00;Ried im Innkreis;412;61204;8;41;18;29,40984;0;0;1;21
08.04.2020 00:00:00;Rohrbach;413;56524;1;135;25;44,229;0;0;2;71
08.04.2020 00:00:00;Schärding;414;57307;2;53;8;13,9599;0;0;5;22
08.04.2020 00:00:00;Steyr-Land;415;60427;10;153;42;69,50536;0;2;9;49
08.04.2020 00:00:00;Urfahr-Umgebung;416;85505;0;268;43;50,28946;0;3;10;99
08.04.2020 00:00:00;Vöcklabruck;417;136253;1;106;15;11,00893;0;4;1;38
08.04.2020 00:00:00;Wels-Land;418;73094;0;74;6;8,208608;0;0;6;53
08.04.2020 00:00:00;Salzburg(Stadt);501;154211;0;123;13;8,430008;0;1;6;69
08.04.2020 00:00:00;Hallein;502;60374;2;63;11;18,21976;0;1;4;24
08.04.2020 00:00:00;Salzburg-Umgebung;503;152281;4;180;34;22,32714;0;4;17;86
08.04.2020 00:00:00;Sankt Johann im Pongau;504;80573;3;407;58;71,98441;0;9;24;133
08.04.2020 00:00:00;Tamsweg;505;20320;1;22;6;29,52756;0;0;1;11
08.04.2020 00:00:00;Zell am See;506;87462;1;332;56;64,02781;0;4;12;224
08.04.2020 00:00:00;Graz(Stadt);601;288806;11;350;105;36,35659;1;15;6;103
08.04.2020 00:00:00;Deutschlandsberg;603;60821;1;37;13;21,3742;0;1;3;10
08.04.2020 00:00:00;Graz-Umgebung;606;154260;11;176;58;37,59886;0;13;3;33
08.04.2020 00:00:00;Leibnitz;610;82484;0;162;31;37,58305;0;4;5;92
08.04.2020 00:00:00;Leoben;611;60060;0;24;5;8,325008;0;2;3;10
08.04.2020 00:00:00;Liezen;612;79901;2;78;20;25,03098;0;1;6;20
08.04.2020 00:00:00;Murau;614;27659;0;5;2;7,230919;0;0;0;1
08.04.2020 00:00:00;Voitsberg;616;51161;1;88;15;29,31921;0;4;3;16
08.04.2020 00:00:00;Weiz;617;90343;2;115;31;34,31367;0;3;5;40
08.04.2020 00:00:00;Murtal;620;72004;0;31;6;8,33287;0;1;1;9
08.04.2020 00:00:00;Bruck-Mürzzuschlag;621;98984;1;46;6;6,061586;0;2;5;13
08.04.2020 00:00:00;Hartberg-Fürstenfeld;622;90622;6;273;73;80,55439;1;27;9;41
08.04.2020 00:00:00;Südoststeiermark;623;85947;3;45;8;9,308062;0;0;3;15
08.04.2020 00:00:00;Innsbruck-Stadt;701;132110;0;376;27;20,43751;0;3;12;296
08.04.2020 00:00:00;Imst;702;60056;5;239;36;59,94405;0;4;18;80
08.04.2020 00:00:00;Innsbruck-Land;703;179318;4;368;68;37,92146;0;10;28;169
08.04.2020 00:00:00;Kitzbühel;704;63881;5;331;63;98,62087;2;8;16;128
08.04.2020 00:00:00;Kufstein;705;109682;12;466;134;122,1714;2;16;23;209
08.04.2020 00:00:00;Landeck;706;44362;23;735;88;198,368;0;14;16;540
08.04.2020 00:00:00;Lienz;707;48753;1;135;27;55,38121;0;2;4;66
08.04.2020 00:00:00;Reutte;708;32670;0;48;6;18,36547;0;0;2;14
08.04.2020 00:00:00;Schwaz;709;83873;1;315;88;104,9205;2;7;9;133
08.04.2020 00:00:00;Bludenz;801;63714;2;237;31;48,65493;0;2;20;152
08.04.2020 00:00:00;Bregenz;802;134383;4;238;71;52,83406;0;2;17;149
08.04.2020 00:00:00;Dornbirn;803;89041;3;133;16;17,96925;0;3;7;80
08.04.2020 00:00:00;Feldkirch;804;107159;1;198;23;21,46343;0;1;19;141
08.04.2020 00:00:00;Wien;900;1897491;66;1900;442;23,29392;4;85;92;877
09.04.2020 00:00:00;Eisenstadt(Stadt);101;14637;0;14;3;20,496;0;0;1;11
09.04.2020 00:00:00;Rust(Stadt);102;1940;0;0;0;0;0;0;0;0
09.04.2020 00:00:00;Eisenstadt-Umgebung;103;42927;0;21;7;16,30675;0;0;0;10
09.04.2020 00:00:00;Güssing;104;25797;0;21;11;42,64062;0;0;1;5
09.04.2020 00:00:00;Jennersdorf;105;17066;0;8;0;0;0;0;0;3
09.04.2020 00:00:00;Mattersburg;106;39925;0;36;6;15,02818;0;0;7;19
09.04.2020 00:00:00;Neusiedl am See;107;59552;0;51;7;11,75443;1;2;4;28
09.04.2020 00:00:00;Oberpullendorf;108;37513;0;19;2;5,331485;0;1;0;11
09.04.2020 00:00:00;Oberwart;109;54076;3;85;15;27,73874;0;1;5;46
09.04.2020 00:00:00;Klagenfurt Stadt;201;100817;1;78;20;19,83792;0;1;1;38
09.04.2020 00:00:00;Villach Stadt;202;62243;0;19;4;6,426425;0;0;0;14
09.04.2020 00:00:00;Hermagor;203;18224;0;5;1;5,487269;0;0;1;4
09.04.2020 00:00:00;Klagenfurt Land;204;59800;0;41;3;5,016722;0;1;3;21
09.04.2020 00:00:00;Sankt Veit an der Glan;205;54555;1;45;10;18,33013;0;0;0;18
09.04.2020 00:00:00;Spittal an der Drau;206;76091;1;38;6;7,885295;0;1;0;15
09.04.2020 00:00:00;Villach Land;207;64668;0;45;5;7,731799;0;1;3;23
09.04.2020 00:00:00;Völkermarkt;208;41878;0;52;6;14,32733;0;2;4;30
09.04.2020 00:00:00;Wolfsberg;209;52726;5;41;10;18,96597;0;0;3;21
09.04.2020 00:00:00;Feldkirchen;210;29937;1;15;5;16,70174;0;0;1;2
09.04.2020 00:00:00;Krems an der Donau(Stadt);301;24876;0;33;8;32,15951;0;2;4;14
09.04.2020 00:00:00;Sankt Pölten(Stadt);302;55044;2;79;23;41,78476;0;1;2;28
09.04.2020 00:00:00;Waidhofen an der Ybbs(Stadt);303;11261;0;23;0;0;0;3;0;11
09.04.2020 00:00:00;Wiener Neustadt(Stadt);304;45277;0;35;8;17,66902;0;0;4;16
09.04.2020 00:00:00;Amstetten;305;116114;8;256;53;45,6448;0;8;11;101
09.04.2020 00:00:00;Baden;306;146203;1;126;29;19,83543;1;1;4;53
09.04.2020 00:00:00;Bruck an der Leitha;307;102010;1;72;18;17,64533;0;3;2;19
09.04.2020 00:00:00;Gänserndorf;308;103686;0;77;23;22,18236;0;0;10;33
09.04.2020 00:00:00;Gmünd;309;36773;0;8;1;2,719387;0;0;1;4
09.04.2020 00:00:00;Hollabrunn;310;50858;1;28;14;27,52763;0;0;1;7
09.04.2020 00:00:00;Horn;311;31090;1;32;14;45,03056;1;2;0;14
09.04.2020 00:00:00;Korneuburg;312;90889;1;143;29;31,90705;0;3;4;85
09.04.2020 00:00:00;Krems(Land);313;56596;0;134;22;38,87201;1;6;9;71
09.04.2020 00:00:00;Lilienfeld;314;25812;0;40;4;15,49667;0;3;2;13
09.04.2020 00:00:00;Melk;315;77962;3;141;34;43,61099;1;3;4;49
09.04.2020 00:00:00;Mistelbach;316;75483;1;114;23;30,47044;1;2;6;55
09.04.2020 00:00:00;Mödling;317;118998;0;158;38;31,93331;0;4;8;80
09.04.2020 00:00:00;Neunkirchen;318;86291;0;174;26;30,1306;0;3;4;65
09.04.2020 00:00:00;Sankt Pölten(Land);319;131044;4;242;40;30,5241;0;9;5;83
09.04.2020 00:00:00;Scheibbs;320;41403;0;102;9;21,73755;0;0;8;40
09.04.2020 00:00:00;Tulln;321;103771;1;137;16;15,41857;0;4;16;72
09.04.2020 00:00:00;Waidhofen an der Thaya;322;25888;1;21;6;23,17676;0;0;3;4
09.04.2020 00:00:00;Wiener Neustadt(Land);323;77991;4;49;22;28,20838;0;1;1;9
09.04.2020 00:00:00;Zwettl;325;42222;2;41;11;26,05277;1;1;5;12
09.04.2020 00:00:00;Linz(Stadt);401;205726;5;288;57;27,70675;0;8;12;117
09.04.2020 00:00:00;Steyr(Stadt);402;38193;3;47;13;34,03765;0;1;2;10
09.04.2020 00:00:00;Wels(Stadt);403;61727;0;56;2;3,240073;0;0;2;32
09.04.2020 00:00:00;Braunau am Inn;404;104408;3;111;46;44,05793;0;2;0;13
09.04.2020 00:00:00;Eferding;405;33156;2;46;12;36,19254;0;2;2;13
09.04.2020 00:00:00;Freistadt;406;66621;2;103;11;16,51131;0;0;15;63
09.04.2020 00:00:00;Gmunden;407;101631;0;60;5;4,919759;0;1;6;32
09.04.2020 00:00:00;Grieskirchen;408;64721;1;65;14;21,63131;0;1;2;18
09.04.2020 00:00:00;Kirchdorf an der Krems;409;56866;0;39;4;7,03408;0;1;1;15
09.04.2020 00:00:00;Linz-Land;410;150273;6;195;27;17,9673;0;6;14;84
09.04.2020 00:00:00;Perg;411;68459;3;243;11;16,06801;0;0;10;129
09.04.2020 00:00:00;Ried im Innkreis;412;61204;1;42;16;26,14208;0;0;0;21
09.04.2020 00:00:00;Rohrbach;413;56524;0;135;18;31,84488;0;0;4;75
09.04.2020 00:00:00;Schärding;414;57307;0;53;6;10,46992;0;0;3;25
09.04.2020 00:00:00;Steyr-Land;415;60427;5;158;43;71,16024;0;2;4;53
09.04.2020 00:00:00;Urfahr-Umgebung;416;85505;5;273;38;44,44184;0;3;18;117
09.04.2020 00:00:00;Vöcklabruck;417;136253;0;106;12;8,807145;0;4;11;49
09.04.2020 00:00:00;Wels-Land;418;73094;1;75;7;9,57671;0;0;2;55
09.04.2020 00:00:00;Salzburg(Stadt);501;154211;1;124;13;8,430008;0;1;7;76
09.04.2020 00:00:00;Hallein;502;60374;2;65;9;14,90708;0;1;5;29
09.04.2020 00:00:00;Salzburg-Umgebung;503;152281;1;181;28;18,38706;1;5;13;99
09.04.2020 00:00:00;Sankt Johann im Pongau;504;80573;8;415;51;63,29664;1;10;39;172
09.04.2020 00:00:00;Tamsweg;505;20320;0;22;6;29,52756;0;0;0;11
09.04.2020 00:00:00;Zell am See;506;87462;3;335;41;46,8775;0;4;12;236
09.04.2020 00:00:00;Graz(Stadt);601;288806;8;358;99;34,27907;1;16;14;117
09.04.2020 00:00:00;Deutschlandsberg;603;60821;1;38;11;18,08586;0;1;0;10
09.04.2020 00:00:00;Graz-Umgebung;606;154260;1;177;53;34,35758;1;14;5;38
09.04.2020 00:00:00;Leibnitz;610;82484;3;165;23;27,8842;0;4;7;99
09.04.2020 00:00:00;Leoben;611;60060;0;24;4;6,660007;0;2;0;10
09.04.2020 00:00:00;Liezen;612;79901;2;80;16;20,02478;0;1;0;20
09.04.2020 00:00:00;Murau;614;27659;0;5;0;0;0;0;0;1
09.04.2020 00:00:00;Voitsberg;616;51161;5;93;18;35,18305;0;4;5;21
09.04.2020 00:00:00;Weiz;617;90343;7;122;35;38,74124;1;4;5;45
09.04.2020 00:00:00;Murtal;620;72004;0;31;2;2,777623;0;1;1;10
09.04.2020 00:00:00;Bruck-Mürzzuschlag;621;98984;0;46;6;6,061586;0;2;1;14
09.04.2020 00:00:00;Hartberg-Fürstenfeld;622;90622;6;279;69;76,14045;0;27;4;45
09.04.2020 00:00:00;Südoststeiermark;623;85947;1;46;9;10,47157;0;0;2;17
09.04.2020 00:00:00;Innsbruck-Stadt;701;132110;3;379;24;18,16668;0;3;10;306
09.04.2020 00:00:00;Imst;702;60056;14;253;40;66,6045;0;4;12;92
09.04.2020 00:00:00;Innsbruck-Land;703;179318;2;370;59;32,90244;0;10;32;201
09.04.2020 00:00:00;Kitzbühel;704;63881;5;336;53;82,96677;0;8;18;146
09.04.2020 00:00:00;Kufstein;705;109682;4;470;115;104,8486;4;20;15;224
09.04.2020 00:00:00;Landeck;706;44362;78;813;140;315,5854;0;14;25;565
09.04.2020 00:00:00;Lienz;707;48753;2;137;22;45,12543;0;2;4;70
09.04.2020 00:00:00;Reutte;708;32670;0;48;6;18,36547;0;0;3;17
09.04.2020 00:00:00;Schwaz;709;83873;1;316;68;81,07496;1;8;17;150
09.04.2020 00:00:00;Bludenz;801;63714;3;240;33;51,79395;0;2;10;162
09.04.2020 00:00:00;Bregenz;802;134383;3;241;67;49,8575;0;2;8;157
09.04.2020 00:00:00;Dornbirn;803;89041;0;133;13;14,60002;0;3;4;84
09.04.2020 00:00:00;Feldkirch;804;107159;0;198;20;18,66385;0;1;4;145
09.04.2020 00:00:00;Wien;900;1897491;33;1933;366;19,28863;5;90;73;950
10.04.2020 00:00:00;Eisenstadt(Stadt);101;14637;0;14;2;13,664;0;0;0;11
10.04.2020 00:00:00;Rust(Stadt);102;1940;0;0;0;0;0;0;0;0
10.04.2020 00:00:00;Eisenstadt-Umgebung;103;42927;1;22;8;18,63629;0;0;0;10
10.04.2020 00:00:00;Güssing;104;25797;0;21;10;38,7642;0;0;0;5
10.04.2020 00:00:00;Jennersdorf;105;17066;0;8;0;0;0;0;4;7
10.04.2020 00:00:00;Mattersburg;106;39925;1;37;4;10,01879;0;0;4;23
10.04.2020 00:00:00;Neusiedl am See;107;59552;0;51;7;11,75443;0;2;1;29
10.04.2020 00:00:00;Oberpullendorf;108;37513;0;19;2;5,331485;0;1;0;11
10.04.2020 00:00:00;Oberwart;109;54076;4;89;18;33,28649;0;1;3;49
10.04.2020 00:00:00;Klagenfurt Stadt;201;100817;5;83;25;24,79741;0;1;1;39
10.04.2020 00:00:00;Villach Stadt;202;62243;0;19;1;1,606606;0;0;1;15
10.04.2020 00:00:00;Hermagor;203;18224;0;5;1;5,487269;0;0;0;4
10.04.2020 00:00:00;Klagenfurt Land;204;59800;0;41;3;5,016722;0;1;4;25
10.04.2020 00:00:00;Sankt Veit an der Glan;205;54555;1;46;9;16,49711;0;0;2;20
10.04.2020 00:00:00;Spittal an der Drau;206;76091;0;38;4;5,256864;0;1;0;15
10.04.2020 00:00:00;Villach Land;207;64668;2;47;5;7,731799;0;1;4;27
10.04.2020 00:00:00;Völkermarkt;208;41878;1;53;7;16,71522;0;2;2;32
10.04.2020 00:00:00;Wolfsberg;209;52726;0;41;10;18,96597;1;1;2;23
10.04.2020 00:00:00;Feldkirchen;210;29937;0;15;5;16,70174;0;0;1;3
10.04.2020 00:00:00;Krems an der Donau(Stadt);301;24876;0;33;6;24,11963;0;2;2;16
10.04.2020 00:00:00;Sankt Pölten(Stadt);302;55044;1;80;23;41,78476;0;1;5;33
10.04.2020 00:00:00;Waidhofen an der Ybbs(Stadt);303;11261;0;23;0;0;0;3;0;11
10.04.2020 00:00:00;Wiener Neustadt(Stadt);304;45277;1;36;8;17,66902;0;0;2;18
10.04.2020 00:00:00;Amstetten;305;116114;8;264;50;43,06113;0;8;8;109
10.04.2020 00:00:00;Baden;306;146203;0;126;24;16,41553;0;1;6;59
10.04.2020 00:00:00;Bruck an der Leitha;307;102010;0;72;12;11,76355;0;3;0;19
10.04.2020 00:00:00;Gänserndorf;308;103686;1;78;17;16,39566;1;1;5;38
10.04.2020 00:00:00;Gmünd;309;36773;3;11;4;10,87755;0;0;0;4
10.04.2020 00:00:00;Hollabrunn;310;50858;0;28;12;23,59511;0;0;3;10
10.04.2020 00:00:00;Horn;311;31090;2;34;10;32,16468;0;2;1;15
10.04.2020 00:00:00;Korneuburg;312;90889;3;146;26;28,60632;1;4;4;89
10.04.2020 00:00:00;Krems(Land);313;56596;0;134;17;30,03746;0;6;2;73
10.04.2020 00:00:00;Lilienfeld;314;25812;0;40;3;11,6225;1;4;0;13
10.04.2020 00:00:00;Melk;315;77962;12;153;41;52,58972;0;3;13;62
10.04.2020 00:00:00;Mistelbach;316;75483;3;117;22;29,14564;0;2;6;61
10.04.2020 00:00:00;Mödling;317;118998;2;160;35;29,41226;0;4;4;84
10.04.2020 00:00:00;Neunkirchen;318;86291;1;175;26;30,1306;0;3;15;80
10.04.2020 00:00:00;Sankt Pölten(Land);319;131044;3;245;35;26,70859;0;9;10;93
10.04.2020 00:00:00;Scheibbs;320;41403;0;102;6;14,4917;0;0;4;44
10.04.2020 00:00:00;Tulln;321;103771;3;140;15;14,45491;0;4;6;78
10.04.2020 00:00:00;Waidhofen an der Thaya;322;25888;13;34;19;73,39308;0;0;4;8
10.04.2020 00:00:00;Wiener Neustadt(Land);323;77991;5;54;21;26,92618;0;1;2;11
10.04.2020 00:00:00;Zwettl;325;42222;21;62;30;71,05301;0;1;4;16
10.04.2020 00:00:00;Linz(Stadt);401;205726;3;291;50;24,30417;0;8;9;126
10.04.2020 00:00:00;Steyr(Stadt);402;38193;4;51;15;39,27421;0;1;1;11
10.04.2020 00:00:00;Wels(Stadt);403;61727;0;56;2;3,240073;0;0;4;36
10.04.2020 00:00:00;Braunau am Inn;404;104408;2;113;38;36,39568;0;2;8;21
10.04.2020 00:00:00;Eferding;405;33156;2;48;12;36,19254;0;2;3;16
10.04.2020 00:00:00;Freistadt;406;66621;0;103;7;10,5072;0;0;6;69
10.04.2020 00:00:00;Gmunden;407;101631;1;61;5;4,919759;0;1;8;40
10.04.2020 00:00:00;Grieskirchen;408;64721;0;65;7;10,81565;0;1;8;26
10.04.2020 00:00:00;Kirchdorf an der Krems;409;56866;0;39;4;7,03408;0;1;5;20
10.04.2020 00:00:00;Linz-Land;410;150273;1;196;21;13,97457;0;6;8;92
10.04.2020 00:00:00;Perg;411;68459;1;244;11;16,06801;0;0;19;148
10.04.2020 00:00:00;Ried im Innkreis;412;61204;0;42;14;22,87432;0;0;0;21
10.04.2020 00:00:00;Rohrbach;413;56524;3;138;17;30,07572;0;0;8;83
10.04.2020 00:00:00;Schärding;414;57307;0;53;4;6,97995;0;0;7;32
10.04.2020 00:00:00;Steyr-Land;415;60427;5;163;43;71,16024;0;2;10;63
10.04.2020 00:00:00;Urfahr-Umgebung;416;85505;1;274;31;36,25519;0;3;13;130
10.04.2020 00:00:00;Vöcklabruck;417;136253;0;106;10;7,339288;0;4;12;61
10.04.2020 00:00:00;Wels-Land;418;73094;0;75;6;8,208608;0;0;6;61
10.04.2020 00:00:00;Salzburg(Stadt);501;154211;2;126;13;8,430008;0;1;13;89
10.04.2020 00:00:00;Hallein;502;60374;1;66;8;13,25074;0;1;5;34
10.04.2020 00:00:00;Salzburg-Umgebung;503;152281;3;184;26;17,0737;0;5;9;108
10.04.2020 00:00:00;Sankt Johann im Pongau;504;80573;3;418;44;54,60886;1;11;40;212
10.04.2020 00:00:00;Tamsweg;505;20320;0;22;5;24,6063;0;0;0;11
10.04.2020 00:00:00;Zell am See;506;87462;0;335;23;26,29713;1;5;11;247
10.04.2020 00:00:00;Graz(Stadt);601;288806;12;370;103;35,66408;0;16;6;123
10.04.2020 00:00:00;Deutschlandsberg;603;60821;1;39;11;18,08586;0;1;1;11
10.04.2020 00:00:00;Graz-Umgebung;606;154260;12;189;59;38,24712;2;16;6;44
10.04.2020 00:00:00;Leibnitz;610;82484;1;166;19;23,03477;0;4;11;110
10.04.2020 00:00:00;Leoben;611;60060;0;24;1;1,665002;0;2;0;10
10.04.2020 00:00:00;Liezen;612;79901;0;80;13;16,27013;0;1;1;21
10.04.2020 00:00:00;Murau;614;27659;0;5;0;0;0;0;0;1
10.04.2020 00:00:00;Voitsberg;616;51161;1;94;19;37,13766;0;4;3;24
10.04.2020 00:00:00;Weiz;617;90343;1;123;33;36,52746;0;4;3;48
10.04.2020 00:00:00;Murtal;620;72004;0;31;0;0;0;1;1;11
10.04.2020 00:00:00;Bruck-Mürzzuschlag;621;98984;1;47;6;6,061586;1;3;4;18
10.04.2020 00:00:00;Hartberg-Fürstenfeld;622;90622;2;281;61;67,31258;1;28;6;51
10.04.2020 00:00:00;Südoststeiermark;623;85947;0;46;7;8,144554;0;0;2;19
10.04.2020 00:00:00;Innsbruck-Stadt;701;132110;2;381;21;15,89584;1;4;14;320
10.04.2020 00:00:00;Imst;702;60056;11;264;47;78,26029;0;4;11;103
10.04.2020 00:00:00;Innsbruck-Land;703;179318;2;372;52;28,99876;0;10;23;224
10.04.2020 00:00:00;Kitzbühel;704;63881;6;342;47;73,5743;0;8;13;159
10.04.2020 00:00:00;Kufstein;705;109682;4;474;73;66,55605;1;21;26;250
10.04.2020 00:00:00;Landeck;706;44362;100;913;232;522,9701;1;15;28;593
10.04.2020 00:00:00;Lienz;707;48753;0;137;16;32,81849;0;2;4;74
10.04.2020 00:00:00;Reutte;708;32670;0;48;6;18,36547;0;0;3;20
10.04.2020 00:00:00;Schwaz;709;83873;6;322;59;70,34445;0;8;11;161
10.04.2020 00:00:00;Bludenz;801;63714;4;244;31;48,65493;0;2;12;174
10.04.2020 00:00:00;Bregenz;802;134383;12;253;67;49,8575;0;2;10;167
10.04.2020 00:00:00;Dornbirn;803;89041;3;136;13;14,60002;0;3;5;89
10.04.2020 00:00:00;Feldkirch;804;107159;3;201;20;18,66385;0;1;9;154
10.04.2020 00:00:00;Wien;900;1897491;44;1977;358;18,86702;10;100;80;1030
11.04.2020 00:00:00;Eisenstadt(Stadt);101;14637;1;15;3;20,496;0;0;0;11
11.04.2020 00:00:00;Rust(Stadt);102;1940;0;0;0;0;0;0;0;0
11.04.2020 00:00:00;Eisenstadt-Umgebung;103;42927;0;22;7;16,30675;0;0;0;10
11.04.2020 00:00:00;Güssing;104;25797;0;21;9;34,88778;0;0;0;5
11.04.2020 00:00:00;Jennersdorf;105;17066;0;8;0;0;0;0;0;7
11.04.2020 00:00:00;Mattersburg;106;39925;0;37;4;10,01879;0;0;0;23
11.04.2020 00:00:00;Neusiedl am See;107;59552;0;51;2;3,358409;0;2;2;31
11.04.2020 00:00:00;Oberpullendorf;108;37513;1;20;3;7,997228;0;1;0;11
11.04.2020 00:00:00;Oberwart;109;54076;3;92;21;38,83423;0;1;1;50
11.04.2020 00:00:00;Klagenfurt Stadt;201;100817;1;84;25;24,79741;0;1;2;41
11.04.2020 00:00:00;Villach Stadt;202;62243;0;19;1;1,606606;0;0;0;15
11.04.2020 00:00:00;Hermagor;203;18224;0;5;0;0;0;0;0;4
11.04.2020 00:00:00;Klagenfurt Land;204;59800;0;41;2;3,344482;0;1;2;27
11.04.2020 00:00:00;Sankt Veit an der Glan;205;54555;4;50;11;20,16314;0;0;2;22
11.04.2020 00:00:00;Spittal an der Drau;206;76091;1;39;5;6,571079;0;1;3;18
11.04.2020 00:00:00;Villach Land;207;64668;0;47;5;7,731799;0;1;0;27
11.04.2020 00:00:00;Völkermarkt;208;41878;0;53;7;16,71522;1;3;0;32
11.04.2020 00:00:00;Wolfsberg;209;52726;2;43;11;20,86257;0;1;1;24
11.04.2020 00:00:00;Feldkirchen;210;29937;0;15;3;10,02104;0;0;1;4
11.04.2020 00:00:00;Krems an der Donau(Stadt);301;24876;0;33;4;16,07976;0;2;2;18
11.04.2020 00:00:00;Sankt Pölten(Stadt);302;55044;0;80;17;30,88438;0;1;1;34
11.04.2020 00:00:00;Waidhofen an der Ybbs(Stadt);303;11261;0;23;0;0;0;3;2;13
11.04.2020 00:00:00;Wiener Neustadt(Stadt);304;45277;0;36;8;17,66902;0;0;1;19
11.04.2020 00:00:00;Amstetten;305;116114;10;274;49;42,19991;2;10;8;117
11.04.2020 00:00:00;Baden;306;146203;1;127;24;16,41553;0;1;7;66
11.04.2020 00:00:00;Bruck an der Leitha;307;102010;0;72;9;8,822664;1;4;0;19
11.04.2020 00:00:00;Gänserndorf;308;103686;0;78;13;12,53786;0;1;1;39
11.04.2020 00:00:00;Gmünd;309;36773;0;11;4;10,87755;0;0;0;4
11.04.2020 00:00:00;Hollabrunn;310;50858;0;28;11;21,62885;0;0;0;10
11.04.2020 00:00:00;Horn;311;31090;6;40;15;48,24702;1;3;3;18
11.04.2020 00:00:00;Korneuburg;312;90889;0;146;19;20,90462;0;4;1;90
11.04.2020 00:00:00;Krems(Land);313;56596;3;137;14;24,73673;0;6;7;80
11.04.2020 00:00:00;Lilienfeld;314;25812;0;40;3;11,6225;0;4;2;15
11.04.2020 00:00:00;Melk;315;77962;3;156;39;50,02437;0;3;3;65
11.04.2020 00:00:00;Mistelbach;316;75483;1;118;20;26,49603;1;3;4;65
11.04.2020 00:00:00;Mödling;317;118998;1;161;29;24,37016;0;4;8;92
11.04.2020 00:00:00;Neunkirchen;318;86291;0;175;22;25,49513;0;3;1;81
11.04.2020 00:00:00;Sankt Pölten(Land);319;131044;0;245;29;22,12997;0;9;14;107
11.04.2020 00:00:00;Scheibbs;320;41403;0;102;6;14,4917;0;0;9;53
11.04.2020 00:00:00;Tulln;321;103771;1;141;15;14,45491;0;4;2;80
11.04.2020 00:00:00;Waidhofen an der Thaya;322;25888;22;56;41;158,3745;0;0;2;10
11.04.2020 00:00:00;Wiener Neustadt(Land);323;77991;3;57;23;29,49058;1;2;5;16
11.04.2020 00:00:00;Zwettl;325;42222;2;64;28;66,31614;0;1;0;16
11.04.2020 00:00:00;Linz(Stadt);401;205726;1;292;41;19,92942;1;9;16;142
11.04.2020 00:00:00;Steyr(Stadt);402;38193;0;51;12;31,41937;0;1;7;18
11.04.2020 00:00:00;Wels(Stadt);403;61727;0;56;1;1,620037;0;0;0;36
11.04.2020 00:00:00;Braunau am Inn;404;104408;0;113;30;28,73343;0;2;2;23
11.04.2020 00:00:00;Eferding;405;33156;1;49;12;36,19254;0;2;1;17
11.04.2020 00:00:00;Freistadt;406;66621;0;103;5;7,505141;0;0;1;70
11.04.2020 00:00:00;Gmunden;407;101631;0;61;4;3,935807;0;1;5;45
11.04.2020 00:00:00;Grieskirchen;408;64721;1;66;6;9,270561;0;1;0;26
11.04.2020 00:00:00;Kirchdorf an der Krems;409;56866;0;39;3;5,27556;0;1;1;21
11.04.2020 00:00:00;Linz-Land;410;150273;0;196;14;9,316378;0;6;2;94
11.04.2020 00:00:00;Perg;411;68459;2;246;10;14,60728;0;0;19;167
11.04.2020 00:00:00;Ried im Innkreis;412;61204;0;42;13;21,24044;0;0;0;21
11.04.2020 00:00:00;Rohrbach;413;56524;1;139;15;26,5374;0;0;0;83
11.04.2020 00:00:00;Schärding;414;57307;2;55;5;8,724937;0;0;1;33
11.04.2020 00:00:00;Steyr-Land;415;60427;1;164;38;62,8858;0;2;16;79
11.04.2020 00:00:00;Urfahr-Umgebung;416;85505;0;274;22;25,72949;0;3;14;144
11.04.2020 00:00:00;Vöcklabruck;417;136253;0;106;7;5,137502;0;4;7;68
11.04.2020 00:00:00;Wels-Land;418;73094;1;76;4;5,472405;0;0;0;61
11.04.2020 00:00:00;Salzburg(Stadt);501;154211;0;126;11;7,133084;0;1;0;89
11.04.2020 00:00:00;Hallein;502;60374;0;66;8;13,25074;0;1;0;34
11.04.2020 00:00:00;Salzburg-Umgebung;503;152281;1;185;17;11,16357;0;5;7;115
11.04.2020 00:00:00;Sankt Johann im Pongau;504;80573;6;424;45;55,84998;0;11;19;231
11.04.2020 00:00:00;Tamsweg;505;20320;0;22;4;19,68504;0;0;1;12
11.04.2020 00:00:00;Zell am See;506;87462;0;335;17;19,43701;0;5;4;251
11.04.2020 00:00:00;Graz(Stadt);601;288806;4;374;84;29,08527;0;16;9;132
11.04.2020 00:00:00;Deutschlandsberg;603;60821;1;40;10;16,44169;0;1;2;13
11.04.2020 00:00:00;Graz-Umgebung;606;154260;9;198;53;34,35758;1;17;4;48
11.04.2020 00:00:00;Leibnitz;610;82484;1;167;16;19,3977;0;4;1;111
11.04.2020 00:00:00;Leoben;611;60060;0;24;0;0;0;2;0;10
11.04.2020 00:00:00;Liezen;612;79901;1;81;11;13,76704;0;1;4;25
11.04.2020 00:00:00;Murau;614;27659;0;5;0;0;0;0;0;1
11.04.2020 00:00:00;Voitsberg;616;51161;0;94;16;31,27382;0;4;5;29
11.04.2020 00:00:00;Weiz;617;90343;2;125;33;36,52746;0;4;1;49
11.04.2020 00:00:00;Murtal;620;72004;0;31;0;0;0;1;0;11
11.04.2020 00:00:00;Bruck-Mürzzuschlag;621;98984;2;49;7;7,07185;0;3;1;19
11.04.2020 00:00:00;Hartberg-Fürstenfeld;622;90622;5;286;59;65,10561;3;31;5;56
11.04.2020 00:00:00;Südoststeiermark;623;85947;0;46;7;8,144554;0;0;0;19
11.04.2020 00:00:00;Innsbruck-Stadt;701;132110;0;381;14;10,59723;0;4;3;323
11.04.2020 00:00:00;Imst;702;60056;9;273;52;86,58585;0;4;11;114
11.04.2020 00:00:00;Innsbruck-Land;703;179318;0;372;48;26,76809;0;10;15;239
11.04.2020 00:00:00;Kitzbühel;704;63881;3;345;42;65,74725;0;8;13;172
11.04.2020 00:00:00;Kufstein;705;109682;5;479;61;55,61533;2;23;16;266
11.04.2020 00:00:00;Landeck;706;44362;36;949;250;563,5453;0;15;11;604
11.04.2020 00:00:00;Lienz;707;48753;3;140;15;30,76734;0;2;5;79
11.04.2020 00:00:00;Reutte;708;32670;4;52;7;21,42639;1;1;2;22
11.04.2020 00:00:00;Schwaz;709;83873;0;322;51;60,80622;0;8;11;172
11.04.2020 00:00:00;Bludenz;801;63714;0;244;30;47,08541;0;2;6;180
11.04.2020 00:00:00;Bregenz;802;134383;2;255;61;45,39265;0;2;6;173
11.04.2020 00:00:00;Dornbirn;803;89041;2;138;14;15,72309;0;3;6;95
11.04.2020 00:00:00;Feldkirch;804;107159;2;203;14;13,0647;0;1;4;158
11.04.2020 00:00:00;Wien;900;1897491;27;2004;317;16,70627;2;102;46;1076
12.04.2020 00:00:00;Eisenstadt(Stadt);101;14637;0;15;3;20,496;0;0;0;11
12.04.2020 00:00:00;Rust(Stadt);102;1940;0;0;0;0;0;0;0;0
12.04.2020 00:00:00;Eisenstadt-Umgebung;103;42927;0;22;5;11,64768;0;0;0;10
12.04.2020 00:00:00;Güssing;104;25797;0;21;3;11,62926;0;0;1;6
12.04.2020 00:00:00;Jennersdorf;105;17066;0;8;0;0;0;0;0;7
12.04.2020 00:00:00;Mattersburg;106;39925;0;37;3;7,514089;0;0;0;23
12.04.2020 00:00:00;Neusiedl am See;107;59552;0;51;2;3,358409;0;2;1;32
12.04.2020 00:00:00;Oberpullendorf;108;37513;0;20;2;5,331485;0;1;1;12
12.04.2020 00:00:00;Oberwart;109;54076;7;99;24;44,38198;1;2;3;53
12.04.2020 00:00:00;Klagenfurt Stadt;201;100817;2;86;26;25,7893;0;1;0;41
12.04.2020 00:00:00;Villach Stadt;202;62243;1;20;2;3,213213;0;0;0;15
12.04.2020 00:00:00;Hermagor;203;18224;0;5;0;0;0;0;0;4
12.04.2020 00:00:00;Klagenfurt Land;204;59800;0;41;2;3,344482;0;1;0;27
12.04.2020 00:00:00;Sankt Veit an der Glan;205;54555;0;50;11;20,16314;0;0;2;24
12.04.2020 00:00:00;Spittal an der Drau;206;76091;0;39;3;3,942648;0;1;1;19
12.04.2020 00:00:00;Villach Land;207;64668;0;47;5;7,731799;0;1;1;28
12.04.2020 00:00:00;Völkermarkt;208;41878;0;53;6;14,32733;0;3;0;32
12.04.2020 00:00:00;Wolfsberg;209;52726;0;43;9;17,06938;0;1;2;26
12.04.2020 00:00:00;Feldkirchen;210;29937;0;15;3;10,02104;0;0;0;4
12.04.2020 00:00:00;Krems an der Donau(Stadt);301;24876;0;33;4;16,07976;0;2;0;18
12.04.2020 00:00:00;Sankt Pölten(Stadt);302;55044;0;80;12;21,80074;0;1;2;36
12.04.2020 00:00:00;Waidhofen an der Ybbs(Stadt);303;11261;0;23;0;0;0;3;0;13
12.04.2020 00:00:00;Wiener Neustadt(Stadt);304;45277;1;37;9;19,87764;0;0;0;19
12.04.2020 00:00:00;Amstetten;305;116114;2;276;48;41,33868;0;10;9;126
12.04.2020 00:00:00;Baden;306;146203;0;127;23;15,73155;0;1;5;71
12.04.2020 00:00:00;Bruck an der Leitha;307;102010;0;72;9;8,822664;0;4;1;20
12.04.2020 00:00:00;Gänserndorf;308;103686;0;78;13;12,53786;0;1;2;41
12.04.2020 00:00:00;Gmünd;309;36773;1;12;5;13,59693;0;0;3;7
12.04.2020 00:00:00;Hollabrunn;310;50858;0;28;11;21,62885;0;0;0;10
12.04.2020 00:00:00;Horn;311;31090;1;41;13;41,81409;0;3;0;18
12.04.2020 00:00:00;Korneuburg;312;90889;1;147;17;18,70413;0;4;1;91
12.04.2020 00:00:00;Krems(Land);313;56596;1;138;13;22,96982;0;6;3;83
12.04.2020 00:00:00;Lilienfeld;314;25812;1;41;3;11,6225;0;4;1;16
12.04.2020 00:00:00;Melk;315;77962;2;158;37;47,45902;0;3;11;76
12.04.2020 00:00:00;Mistelbach;316;75483;0;118;19;25,17123;0;3;2;67
12.04.2020 00:00:00;Mödling;317;118998;1;162;29;24,37016;0;4;3;95
12.04.2020 00:00:00;Neunkirchen;318;86291;0;175;21;24,33626;0;3;6;87
12.04.2020 00:00:00;Sankt Pölten(Land);319;131044;0;245;26;19,84066;0;9;11;118
12.04.2020 00:00:00;Scheibbs;320;41403;0;102;5;12,07642;0;0;4;57
12.04.2020 00:00:00;Tulln;321;103771;2;143;16;15,41857;0;4;2;82
12.04.2020 00:00:00;Waidhofen an der Thaya;322;25888;6;62;47;181,5513;0;0;0;10
12.04.2020 00:00:00;Wiener Neustadt(Land);323;77991;0;57;23;29,49058;0;2;2;18
12.04.2020 00:00:00;Zwettl;325;42222;0;64;28;66,31614;0;1;4;20
12.04.2020 00:00:00;Linz(Stadt);401;205726;2;294;28;13,61034;0;9;9;151
12.04.2020 00:00:00;Steyr(Stadt);402;38193;0;51;12;31,41937;0;1;1;19
12.04.2020 00:00:00;Wels(Stadt);403;61727;0;56;0;0;0;0;0;36
12.04.2020 00:00:00;Braunau am Inn;404;104408;2;115;22;21,07118;0;2;0;23
12.04.2020 00:00:00;Eferding;405;33156;1;50;12;36,19254;0;2;1;18
12.04.2020 00:00:00;Freistadt;406;66621;0;103;4;6,004113;0;0;1;71
12.04.2020 00:00:00;Gmunden;407;101631;0;61;2;1,967903;0;1;1;46
12.04.2020 00:00:00;Grieskirchen;408;64721;0;66;6;9,270561;0;1;0;26
12.04.2020 00:00:00;Kirchdorf an der Krems;409;56866;0;39;3;5,27556;0;1;1;22
12.04.2020 00:00:00;Linz-Land;410;150273;0;196;12;7,985466;0;6;0;94
12.04.2020 00:00:00;Perg;411;68459;0;246;10;14,60728;1;1;1;168
12.04.2020 00:00:00;Ried im Innkreis;412;61204;0;42;13;21,24044;0;0;0;21
12.04.2020 00:00:00;Rohrbach;413;56524;0;139;14;24,76824;0;0;0;83
12.04.2020 00:00:00;Schärding;414;57307;0;55;5;8,724937;1;1;0;33
12.04.2020 00:00:00;Steyr-Land;415;60427;0;164;35;57,92113;0;2;3;82
12.04.2020 00:00:00;Urfahr-Umgebung;416;85505;0;274;16;18,71236;0;3;7;151
12.04.2020 00:00:00;Vöcklabruck;417;136253;0;106;5;3,669644;0;4;1;69
12.04.2020 00:00:00;Wels-Land;418;73094;0;76;2;2,736203;0;0;0;61
12.04.2020 00:00:00;Salzburg(Stadt);501;154211;5;131;15;9,726933;0;1;0;89
12.04.2020 00:00:00;Hallein;502;60374;0;66;6;9,938053;0;1;1;35
12.04.2020 00:00:00;Salzburg-Umgebung;503;152281;0;185;14;9,19353;0;5;3;118
12.04.2020 00:00:00;Sankt Johann im Pongau;504;80573;3;427;44;54,60886;0;11;16;247
12.04.2020 00:00:00;Tamsweg;505;20320;0;22;4;19,68504;0;0;2;14
12.04.2020 00:00:00;Zell am See;506;87462;3;338;20;22,86707;0;5;0;251
12.04.2020 00:00:00;Graz(Stadt);601;288806;3;377;66;22,85271;2;18;2;134
12.04.2020 00:00:00;Deutschlandsberg;603;60821;0;40;10;16,44169;0;1;1;14
12.04.2020 00:00:00;Graz-Umgebung;606;154260;3;201;54;35,00583;1;18;0;48
12.04.2020 00:00:00;Leibnitz;610;82484;0;167;9;10,91121;0;4;0;111
12.04.2020 00:00:00;Leoben;611;60060;0;24;0;0;0;2;1;11
12.04.2020 00:00:00;Liezen;612;79901;0;81;11;13,76704;0;1;3;28
12.04.2020 00:00:00;Murau;614;27659;0;5;0;0;0;0;0;1
12.04.2020 00:00:00;Voitsberg;616;51161;1;95;16;31,27382;0;4;0;29
12.04.2020 00:00:00;Weiz;617;90343;19;144;44;48,70327;1;5;1;50
12.04.2020 00:00:00;Murtal;620;72004;0;31;0;0;0;1;0;11
12.04.2020 00:00:00;Bruck-Mürzzuschlag;621;98984;0;49;6;6,061586;0;3;3;22
12.04.2020 00:00:00;Hartberg-Fürstenfeld;622;90622;2;288;42;46,34636;0;31;0;56
12.04.2020 00:00:00;Südoststeiermark;623;85947;0;46;7;8,144554;0;0;2;21
12.04.2020 00:00:00;Innsbruck-Stadt;701;132110;1;382;10;7,56945;0;4;5;328
12.04.2020 00:00:00;Imst;702;60056;1;274;47;78,26029;0;4;26;140
12.04.2020 00:00:00;Innsbruck-Land;703;179318;0;372;33;18,40306;0;10;9;248
12.04.2020 00:00:00;Kitzbühel;704;63881;0;345;33;51,65855;0;8;21;193
12.04.2020 00:00:00;Kufstein;705;109682;8;487;53;48,32151;3;26;12;278
12.04.2020 00:00:00;Landeck;706;44362;3;952;251;565,7996;0;15;6;610
12.04.2020 00:00:00;Lienz;707;48753;0;140;14;28,71618;0;2;0;79
12.04.2020 00:00:00;Reutte;708;32670;2;54;9;27,54821;0;1;3;25
12.04.2020 00:00:00;Schwaz;709;83873;5;327;33;39,3452;0;8;9;181
12.04.2020 00:00:00;Bludenz;801;63714;1;245;30;47,08541;0;2;6;186
12.04.2020 00:00:00;Bregenz;802;134383;2;257;57;42,41608;0;2;8;181
12.04.2020 00:00:00;Dornbirn;803;89041;1;139;15;16,84617;0;3;5;100
12.04.2020 00:00:00;Feldkirch;804;107159;1;204;15;13,99789;0;1;3;161
12.04.2020 00:00:00;Wien;900;1897491;17;2021;326;17,18058;2;104;60;1136
13.04.2020 00:00:00;Eisenstadt(Stadt);101;14637;0;15;3;20,496;0;0;0;11
13.04.2020 00:00:00;Rust(Stadt);102;1940;0;0;0;0;0;0;0;0
13.04.2020 00:00:00;Eisenstadt-Umgebung;103;42927;0;22;4;9,318145;0;0;0;10
13.04.2020 00:00:00;Güssing;104;25797;0;21;3;11,62926;0;0;0;6
13.04.2020 00:00:00;Jennersdorf;105;17066;0;8;0;0;0;0;0;7
13.04.2020 00:00:00;Mattersburg;106;39925;0;37;2;5,009393;0;0;0;23
13.04.2020 00:00:00;Neusiedl am See;107;59552;0;51;2;3,358409;0;2;1;33
13.04.2020 00:00:00;Oberpullendorf;108;37513;1;21;3;7,997228;0;1;1;13
13.04.2020 00:00:00;Oberwart;109;54076;2;101;24;44,38198;0;2;0;53
13.04.2020 00:00:00;Klagenfurt Stadt;201;100817;1;87;26;25,7893;0;1;1;42
13.04.2020 00:00:00;Villach Stadt;202;62243;0;20;1;1,606606;0;0;0;15
13.04.2020 00:00:00;Hermagor;203;18224;0;5;0;0;0;0;0;4
13.04.2020 00:00:00;Klagenfurt Land;204;59800;0;41;2;3,344482;0;1;0;27
13.04.2020 00:00:00;Sankt Veit an der Glan;205;54555;0;50;11;20,16314;0;0;0;24
13.04.2020 00:00:00;Spittal an der Drau;206;76091;0;39;3;3,942648;0;1;1;20
13.04.2020 00:00:00;Villach Land;207;64668;0;47;4;6,18544;1;2;0;28
13.04.2020 00:00:00;Völkermarkt;208;41878;0;53;5;11,93944;1;4;0;32
13.04.2020 00:00:00;Wolfsberg;209;52726;0;43;8;15,17278;0;1;3;29
13.04.2020 00:00:00;Feldkirchen;210;29937;0;15;2;6,680696;0;0;0;4
13.04.2020 00:00:00;Krems an der Donau(Stadt);301;24876;1;34;2;8,039878;0;2;0;18
13.04.2020 00:00:00;Sankt Pölten(Stadt);302;55044;1;81;12;21,80074;0;1;1;37
13.04.2020 00:00:00;Waidhofen an der Ybbs(Stadt);303;11261;0;23;0;0;0;3;1;14
13.04.2020 00:00:00;Wiener Neustadt(Stadt);304;45277;0;37;9;19,87764;0;0;0;19
13.04.2020 00:00:00;Amstetten;305;116114;0;276;45;38,75502;2;12;7;133
13.04.2020 00:00:00;Baden;306;146203;0;127;23;15,73155;1;2;2;73
13.04.2020 00:00:00;Bruck an der Leitha;307;102010;0;72;9;8,822664;0;4;6;26
13.04.2020 00:00:00;Gänserndorf;308;103686;1;79;14;13,50231;0;1;1;42
13.04.2020 00:00:00;Gmünd;309;36773;1;13;6;16,31632;0;0;0;7
13.04.2020 00:00:00;Hollabrunn;310;50858;0;28;9;17,69633;0;0;1;11
13.04.2020 00:00:00;Horn;311;31090;0;41;13;41,81409;0;3;0;18
13.04.2020 00:00:00;Korneuburg;312;90889;1;148;18;19,80438;1;5;4;95
13.04.2020 00:00:00;Krems(Land);313;56596;0;138;11;19,436;0;6;0;83
13.04.2020 00:00:00;Lilienfeld;314;25812;0;41;3;11,6225;0;4;4;20
13.04.2020 00:00:00;Melk;315;77962;1;159;33;42,32831;1;4;3;79
13.04.2020 00:00:00;Mistelbach;316;75483;0;118;19;25,17123;0;3;1;68
13.04.2020 00:00:00;Mödling;317;118998;0;162;26;21,84911;0;4;8;103
13.04.2020 00:00:00;Neunkirchen;318;86291;0;175;20;23,17739;0;3;14;101
13.04.2020 00:00:00;Sankt Pölten(Land);319;131044;0;245;23;17,55136;0;9;16;134
13.04.2020 00:00:00;Scheibbs;320;41403;0;102;3;7,245852;0;0;5;62
13.04.2020 00:00:00;Tulln;321;103771;3;146;19;18,30955;0;4;1;83
13.04.2020 00:00:00;Waidhofen an der Thaya;322;25888;1;63;47;181,5513;0;0;0;10
13.04.2020 00:00:00;Wiener Neustadt(Land);323;77991;1;58;23;29,49058;0;2;2;20
13.04.2020 00:00:00;Zwettl;325;42222;2;66;30;71,05301;0;1;2;22
13.04.2020 00:00:00;Linz(Stadt);401;205726;1;295;22;10,69384;0;9;9;160
13.04.2020 00:00:00;Steyr(Stadt);402;38193;0;51;10;26,18281;0;1;2;21
13.04.2020 00:00:00;Wels(Stadt);403;61727;0;56;0;0;0;0;0;36
13.04.2020 00:00:00;Braunau am Inn;404;104408;1;116;22;21,07118;0;2;1;24
13.04.2020 00:00:00;Eferding;405;33156;0;50;10;30,16045;0;2;0;18
13.04.2020 00:00:00;Freistadt;406;66621;1;104;5;7,505141;0;0;0;71
13.04.2020 00:00:00;Gmunden;407;101631;1;62;3;2,951855;0;1;1;47
13.04.2020 00:00:00;Grieskirchen;408;64721;3;69;6;9,270561;0;1;1;27
13.04.2020 00:00:00;Kirchdorf an der Krems;409;56866;0;39;3;5,27556;0;1;2;24
13.04.2020 00:00:00;Linz-Land;410;150273;0;196;12;7,985466;0;6;2;96
13.04.2020 00:00:00;Perg;411;68459;1;247;10;14,60728;0;1;1;169
13.04.2020 00:00:00;Ried im Innkreis;412;61204;1;43;12;19,60656;0;0;0;21
13.04.2020 00:00:00;Rohrbach;413;56524;1;140;10;17,6916;0;0;0;83
13.04.2020 00:00:00;Schärding;414;57307;1;56;6;10,46992;0;1;0;33
13.04.2020 00:00:00;Steyr-Land;415;60427;1;165;29;47,99179;0;2;0;82
13.04.2020 00:00:00;Urfahr-Umgebung;416;85505;0;274;9;10,5257;0;3;6;157
13.04.2020 00:00:00;Vöcklabruck;417;136253;0;106;4;2,935715;0;4;0;69
13.04.2020 00:00:00;Wels-Land;418;73094;0;76;2;2,736203;0;0;1;62
13.04.2020 00:00:00;Salzburg(Stadt);501;154211;2;133;15;9,726933;0;1;0;89
13.04.2020 00:00:00;Hallein;502;60374;0;66;6;9,938053;0;1;2;37
13.04.2020 00:00:00;Salzburg-Umgebung;503;152281;0;185;12;7,880169;0;5;3;121
13.04.2020 00:00:00;Sankt Johann im Pongau;504;80573;0;427;43;53,36775;0;11;14;261
13.04.2020 00:00:00;Tamsweg;505;20320;0;22;3;14,76378;0;0;0;14
13.04.2020 00:00:00;Zell am See;506;87462;1;339;16;18,29366;1;6;10;261
13.04.2020 00:00:00;Graz(Stadt);601;288806;12;389;76;26,31524;2;20;4;138
13.04.2020 00:00:00;Deutschlandsberg;603;60821;0;40;8;13,15335;0;1;1;15
13.04.2020 00:00:00;Graz-Umgebung;606;154260;3;204;52;33,70932;3;21;3;51
13.04.2020 00:00:00;Leibnitz;610;82484;1;168;9;10,91121;0;4;6;117
13.04.2020 00:00:00;Leoben;611;60060;0;24;0;0;1;3;1;12
13.04.2020 00:00:00;Liezen;612;79901;0;81;11;13,76704;0;1;0;28
13.04.2020 00:00:00;Murau;614;27659;0;5;0;0;0;0;0;1
13.04.2020 00:00:00;Voitsberg;616;51161;0;95;10;19,54614;0;4;3;32
13.04.2020 00:00:00;Weiz;617;90343;3;147;43;47,59638;1;6;0;50
13.04.2020 00:00:00;Murtal;620;72004;0;31;0;0;0;1;0;11
13.04.2020 00:00:00;Bruck-Mürzzuschlag;621;98984;0;49;6;6,061586;0;3;0;22
13.04.2020 00:00:00;Hartberg-Fürstenfeld;622;90622;0;288;38;41,93242;0;31;2;58
13.04.2020 00:00:00;Südoststeiermark;623;85947;0;46;7;8,144554;0;0;2;23
13.04.2020 00:00:00;Innsbruck-Stadt;701;132110;0;382;8;6,05556;0;4;3;331
13.04.2020 00:00:00;Imst;702;60056;0;274;42;69,93473;0;4;5;145
13.04.2020 00:00:00;Innsbruck-Land;703;179318;0;372;19;10,5957;0;10;12;260
13.04.2020 00:00:00;Kitzbühel;704;63881;3;348;27;42,26609;0;8;12;205
13.04.2020 00:00:00;Kufstein;705;109682;2;489;48;43,76288;2;28;8;286
13.04.2020 00:00:00;Landeck;706;44362;3;955;252;568,0537;0;15;14;624
13.04.2020 00:00:00;Lienz;707;48753;2;142;16;32,81849;0;2;2;81
13.04.2020 00:00:00;Reutte;708;32670;1;55;10;30,60912;0;1;0;25
13.04.2020 00:00:00;Schwaz;709;83873;4;331;34;40,53748;0;8;10;191
13.04.2020 00:00:00;Bludenz;801;63714;0;245;14;21,97319;0;2;3;189
13.04.2020 00:00:00;Bregenz;802;134383;0;257;51;37,95123;0;2;4;185
13.04.2020 00:00:00;Dornbirn;803;89041;1;140;16;17,96925;0;3;2;102
13.04.2020 00:00:00;Feldkirch;804;107159;0;204;13;12,13151;0;1;6;167
13.04.2020 00:00:00;Wien;900;1897491;19;2040;324;17,07518;4;108;70;1206
14.04.2020 00:00:00;Eisenstadt(Stadt);101;14637;0;15;2;13,664;0;0;0;11
14.04.2020 00:00:00;Rust(Stadt);102;1940;0;0;0;0;0;0;0;0
14.04.2020 00:00:00;Eisenstadt-Umgebung;103;42927;0;22;1;2,329536;0;0;0;10
14.04.2020 00:00:00;Güssing;104;25797;1;22;4;15,50568;0;0;2;8
14.04.2020 00:00:00;Jennersdorf;105;17066;1;9;1;5,859604;0;0;0;7
14.04.2020 00:00:00;Mattersburg;106;39925;0;37;2;5,009393;0;0;2;25
14.04.2020 00:00:00;Neusiedl am See;107;59552;0;51;1;1,679205;0;2;1;34
14.04.2020 00:00:00;Oberpullendorf;108;37513;0;21;3;7,997228;0;1;1;14
14.04.2020 00:00:00;Oberwart;109;54076;3;104;27;49,92973;0;2;4;57
14.04.2020 00:00:00;Klagenfurt Stadt;201;100817;0;87;23;22,81361;0;1;3;45
14.04.2020 00:00:00;Villach Stadt;202;62243;0;20;1;1,606606;0;0;0;15
14.04.2020 00:00:00;Hermagor;203;18224;0;5;0;0;0;0;0;4
14.04.2020 00:00:00;Klagenfurt Land;204;59800;1;42;3;5,016722;0;1;2;29
14.04.2020 00:00:00;Sankt Veit an der Glan;205;54555;1;51;10;18,33013;0;0;0;24
14.04.2020 00:00:00;Spittal an der Drau;206;76091;0;39;3;3,942648;0;1;3;23
14.04.2020 00:00:00;Villach Land;207;64668;0;47;3;4,63908;0;2;4;32
14.04.2020 00:00:00;Völkermarkt;208;41878;0;53;4;9,551555;0;4;1;33
14.04.2020 00:00:00;Wolfsberg;209;52726;0;43;7;13,27618;0;1;0;29
14.04.2020 00:00:00;Feldkirchen;210;29937;0;15;2;6,680696;0;0;0;4
14.04.2020 00:00:00;Krems an der Donau(Stadt);301;24876;0;34;1;4,019939;0;2;2;20
14.04.2020 00:00:00;Sankt Pölten(Stadt);302;55044;1;82;8;14,53383;0;1;6;43
14.04.2020 00:00:00;Waidhofen an der Ybbs(Stadt);303;11261;0;23;0;0;0;3;0;14
14.04.2020 00:00:00;Wiener Neustadt(Stadt);304;45277;2;39;8;17,66902;0;0;4;23
14.04.2020 00:00:00;Amstetten;305;116114;3;279;41;35,31013;0;12;23;156
14.04.2020 00:00:00;Baden;306;146203;4;131;16;10,94369;0;2;5;78
14.04.2020 00:00:00;Bruck an der Leitha;307;102010;5;77;7;6,862072;0;4;5;31
14.04.2020 00:00:00;Gänserndorf;308;103686;0;79;7;6,751153;0;1;4;46
14.04.2020 00:00:00;Gmünd;309;36773;0;13;6;16,31632;0;0;0;7
14.04.2020 00:00:00;Hollabrunn;310;50858;0;28;6;11,79755;0;0;3;14
14.04.2020 00:00:00;Horn;311;31090;1;42;14;45,03056;0;3;0;18
14.04.2020 00:00:00;Korneuburg;312;90889;1;149;16;17,60389;0;5;4;99
14.04.2020 00:00:00;Krems(Land);313;56596;0;138;6;10,60146;0;6;3;86
14.04.2020 00:00:00;Lilienfeld;314;25812;0;41;3;11,6225;0;4;0;20
14.04.2020 00:00:00;Melk;315;77962;2;161;30;38,48029;0;4;4;83
14.04.2020 00:00:00;Mistelbach;316;75483;0;118;13;17,22242;1;4;6;74
14.04.2020 00:00:00;Mödling;317;118998;4;166;19;15,96665;0;4;5;108
14.04.2020 00:00:00;Neunkirchen;318;86291;3;178;12;13,90643;0;3;12;113
14.04.2020 00:00:00;Sankt Pölten(Land);319;131044;2;247;16;12,20964;0;9;17;151
14.04.2020 00:00:00;Scheibbs;320;41403;0;102;2;4,830568;0;0;10;72
14.04.2020 00:00:00;Tulln;321;103771;0;146;18;17,34589;0;4;8;91
14.04.2020 00:00:00;Waidhofen an der Thaya;322;25888;2;65;49;189,2769;0;0;3;13
14.04.2020 00:00:00;Wiener Neustadt(Land);323;77991;4;62;24;30,77278;2;4;4;24
14.04.2020 00:00:00;Zwettl;325;42222;1;67;30;71,05301;0;1;1;23
14.04.2020 00:00:00;Linz(Stadt);401;205726;0;295;21;10,20775;0;9;8;168
14.04.2020 00:00:00;Steyr(Stadt);402;38193;0;51;9;23,56453;0;1;2;23
14.04.2020 00:00:00;Wels(Stadt);403;61727;0;56;0;0;0;0;8;44
14.04.2020 00:00:00;Braunau am Inn;404;104408;2;118;24;22,98674;0;2;6;30
14.04.2020 00:00:00;Eferding;405;33156;0;50;8;24,12836;0;2;4;22
14.04.2020 00:00:00;Freistadt;406;66621;2;106;5;7,505141;0;0;1;72
14.04.2020 00:00:00;Gmunden;407;101631;0;62;2;1,967903;0;1;1;48
14.04.2020 00:00:00;Grieskirchen;408;64721;0;69;6;9,270561;0;1;5;32
14.04.2020 00:00:00;Kirchdorf an der Krems;409;56866;0;39;3;5,27556;0;1;1;25
14.04.2020 00:00:00;Linz-Land;410;150273;0;196;12;7,985466;1;7;12;108
14.04.2020 00:00:00;Perg;411;68459;1;248;10;14,60728;0;1;6;175
14.04.2020 00:00:00;Ried im Innkreis;412;61204;0;43;12;19,60656;0;0;0;21
14.04.2020 00:00:00;Rohrbach;413;56524;2;142;12;21,22992;0;0;10;93
14.04.2020 00:00:00;Schärding;414;57307;0;56;5;8,724937;0;1;6;39
14.04.2020 00:00:00;Steyr-Land;415;60427;3;168;25;41,37223;0;2;0;82
14.04.2020 00:00:00;Urfahr-Umgebung;416;85505;4;278;13;15,20379;0;3;13;170
14.04.2020 00:00:00;Vöcklabruck;417;136253;0;106;4;2,935715;0;4;10;79
14.04.2020 00:00:00;Wels-Land;418;73094;0;76;2;2,736203;0;0;1;63
14.04.2020 00:00:00;Salzburg(Stadt);501;154211;1;134;16;10,37539;0;1;6;95
14.04.2020 00:00:00;Hallein;502;60374;0;66;6;9,938053;0;1;5;42
14.04.2020 00:00:00;Salzburg-Umgebung;503;152281;0;185;12;7,880169;0;5;7;128
14.04.2020 00:00:00;Sankt Johann im Pongau;504;80573;0;427;34;42,19776;0;11;24;285
14.04.2020 00:00:00;Tamsweg;505;20320;0;22;3;14,76378;0;0;1;15
14.04.2020 00:00:00;Zell am See;506;87462;2;341;15;17,1503;0;6;18;279
14.04.2020 00:00:00;Graz(Stadt);601;288806;3;392;66;22,85271;2;22;19;157
14.04.2020 00:00:00;Deutschlandsberg;603;60821;4;44;12;19,73003;0;1;5;20
14.04.2020 00:00:00;Graz-Umgebung;606;154260;6;210;47;30,46804;0;21;8;59
14.04.2020 00:00:00;Leibnitz;610;82484;1;169;9;10,91121;0;4;7;124
14.04.2020 00:00:00;Leoben;611;60060;0;24;0;0;0;3;0;12
14.04.2020 00:00:00;Liezen;612;79901;1;82;11;13,76704;0;1;0;28
14.04.2020 00:00:00;Murau;614;27659;0;5;0;0;0;0;0;1
14.04.2020 00:00:00;Voitsberg;616;51161;0;95;10;19,54614;0;4;6;38
14.04.2020 00:00:00;Weiz;617;90343;2;149;37;40,95503;0;6;11;61
14.04.2020 00:00:00;Murtal;620;72004;0;31;0;0;0;1;3;14
14.04.2020 00:00:00;Bruck-Mürzzuschlag;621;98984;1;50;5;5,051322;0;3;0;22
14.04.2020 00:00:00;Hartberg-Fürstenfeld;622;90622;2;290;37;40,82894;0;31;16;74
14.04.2020 00:00:00;Südoststeiermark;623;85947;0;46;5;5,817539;0;0;0;23
14.04.2020 00:00:00;Innsbruck-Stadt;701;132110;1;383;7;5,298615;2;6;8;339
14.04.2020 00:00:00;Imst;702;60056;1;275;43;71,59984;1;5;9;154
14.04.2020 00:00:00;Innsbruck-Land;703;179318;2;374;17;9,480365;0;10;4;264
14.04.2020 00:00:00;Kitzbühel;704;63881;4;352;29;45,39691;0;8;11;216
14.04.2020 00:00:00;Kufstein;705;109682;0;489;42;38,29252;0;28;10;296
14.04.2020 00:00:00;Landeck;706;44362;1;956;248;559,037;0;15;15;639
14.04.2020 00:00:00;Lienz;707;48753;1;143;11;22,56271;0;2;7;88
14.04.2020 00:00:00;Reutte;708;32670;0;55;8;24,4873;0;1;6;31
14.04.2020 00:00:00;Schwaz;709;83873;3;334;31;36,96064;0;8;7;198
14.04.2020 00:00:00;Bludenz;801;63714;4;249;16;25,11222;0;2;6;195
14.04.2020 00:00:00;Bregenz;802;134383;0;257;41;30,50981;2;4;7;192
14.04.2020 00:00:00;Dornbirn;803;89041;2;142;14;15,72309;0;3;4;106
14.04.2020 00:00:00;Feldkirch;804;107159;3;207;12;11,19831;0;1;2;169
14.04.2020 00:00:00;Wien;900;1897491;49;2089;303;15,96846;2;110;85;1291
15.04.2020 00:00:00;Eisenstadt(Stadt);101;14637;0;15;2;13,664;0;0;0;11
15.04.2020 00:00:00;Rust(Stadt);102;1940;0;0;0;0;0;0;0;0
15.04.2020 00:00:00;Eisenstadt-Umgebung;103;42927;0;22;1;2,329536;0;0;0;10
15.04.2020 00:00:00;Güssing;104;25797;0;22;2;7,75284;0;0;5;13
15.04.2020 00:00:00;Jennersdorf;105;17066;0;9;1;5,859604;0;0;1;8
15.04.2020 00:00:00;Mattersburg;106;39925;0;37;1;2,504696;0;0;2;27
15.04.2020 00:00:00;Neusiedl am See;107;59552;0;51;1;1,679205;0;2;0;34
15.04.2020 00:00:00;Oberpullendorf;108;37513;0;21;3;7,997228;0;1;1;15
15.04.2020 00:00:00;Oberwart;109;54076;1;105;28;51,77898;0;2;2;59
15.04.2020 00:00:00;Klagenfurt Stadt;201;100817;0;87;19;18,84603;0;1;1;46
15.04.2020 00:00:00;Villach Stadt;202;62243;0;20;1;1,606606;0;0;0;15
15.04.2020 00:00:00;Hermagor;203;18224;0;5;0;0;0;0;0;4
15.04.2020 00:00:00;Klagenfurt Land;204;59800;0;42;2;3,344482;0;1;2;31
15.04.2020 00:00:00;Sankt Veit an der Glan;205;54555;0;51;7;12,83109;0;0;1;25
15.04.2020 00:00:00;Spittal an der Drau;206;76091;0;39;3;3,942648;0;1;2;25
15.04.2020 00:00:00;Villach Land;207;64668;1;48;4;6,18544;0;2;1;33
15.04.2020 00:00:00;Völkermarkt;208;41878;0;53;3;7,163666;0;4;2;35
15.04.2020 00:00:00;Wolfsberg;209;52726;0;43;7;13,27618;0;1;0;29
15.04.2020 00:00:00;Feldkirchen;210;29937;0;15;2;6,680696;0;0;0;4
15.04.2020 00:00:00;Krems an der Donau(Stadt);301;24876;0;34;1;4,019939;0;2;2;22
15.04.2020 00:00:00;Sankt Pölten(Stadt);302;55044;0;82;5;9,083642;0;1;1;44
15.04.2020 00:00:00;Waidhofen an der Ybbs(Stadt);303;11261;0;23;0;0;0;3;0;14
15.04.2020 00:00:00;Wiener Neustadt(Stadt);304;45277;0;39;4;8,834508;0;0;1;24
15.04.2020 00:00:00;Amstetten;305;116114;3;282;40;34,4489;1;13;10;166
15.04.2020 00:00:00;Baden;306;146203;2;133;13;8,891747;0;2;5;83
15.04.2020 00:00:00;Bruck an der Leitha;307;102010;0;77;7;6,862072;0;4;7;38
15.04.2020 00:00:00;Gänserndorf;308;103686;3;82;8;7,715603;0;1;3;49
15.04.2020 00:00:00;Gmünd;309;36773;0;13;6;16,31632;0;0;0;7
15.04.2020 00:00:00;Hollabrunn;310;50858;1;29;4;7,865036;0;0;0;14
15.04.2020 00:00:00;Horn;311;31090;1;43;12;38,59762;0;3;0;18
15.04.2020 00:00:00;Korneuburg;312;90889;3;152;12;13,20292;0;5;3;102
15.04.2020 00:00:00;Krems(Land);313;56596;0;138;4;7,067637;0;6;0;86
15.04.2020 00:00:00;Lilienfeld;314;25812;0;41;1;3,874167;0;4;2;22
15.04.2020 00:00:00;Melk;315;77962;5;166;32;41,04564;0;4;5;88
15.04.2020 00:00:00;Mistelbach;316;75483;2;120;11;14,57282;0;4;5;79
15.04.2020 00:00:00;Mödling;317;118998;1;167;12;10,0842;0;4;4;112
15.04.2020 00:00:00;Neunkirchen;318;86291;2;180;9;10,42982;0;3;10;123
15.04.2020 00:00:00;Sankt Pölten(Land);319;131044;4;251;14;10,68343;0;9;11;162
15.04.2020 00:00:00;Scheibbs;320;41403;0;102;0;0;0;0;1;73
15.04.2020 00:00:00;Tulln;321;103771;0;146;17;16,38223;1;5;7;98
15.04.2020 00:00:00;Waidhofen an der Thaya;322;25888;0;65;48;185,4141;0;0;1;14
15.04.2020 00:00:00;Wiener Neustadt(Land);323;77991;1;63;22;28,20838;0;4;0;24
15.04.2020 00:00:00;Zwettl;325;42222;0;67;29;68,68457;0;1;1;24
15.04.2020 00:00:00;Linz(Stadt);401;205726;1;296;15;7,291252;0;9;21;189
15.04.2020 00:00:00;Steyr(Stadt);402;38193;3;54;12;31,41937;0;1;6;29
15.04.2020 00:00:00;Wels(Stadt);403;61727;0;56;0;0;0;0;2;46
15.04.2020 00:00:00;Braunau am Inn;404;104408;7;125;26;24,90231;0;2;5;35
15.04.2020 00:00:00;Eferding;405;33156;2;52;10;30,16045;1;3;0;22
15.04.2020 00:00:00;Freistadt;406;66621;0;106;5;7,505141;0;0;9;81
15.04.2020 00:00:00;Gmunden;407;101631;0;62;2;1,967903;0;1;3;51
15.04.2020 00:00:00;Grieskirchen;408;64721;2;71;7;10,81565;0;1;1;33
15.04.2020 00:00:00;Kirchdorf an der Krems;409;56866;1;40;3;5,27556;0;1;3;28
15.04.2020 00:00:00;Linz-Land;410;150273;1;197;9;5,9891;0;7;9;117
15.04.2020 00:00:00;Perg;411;68459;0;248;8;11,68583;0;1;17;192
15.04.2020 00:00:00;Ried im Innkreis;412;61204;0;43;10;16,3388;0;0;3;24
15.04.2020 00:00:00;Rohrbach;413;56524;1;143;9;15,92244;0;0;4;97
15.04.2020 00:00:00;Schärding;414;57307;0;56;5;8,724937;0;1;2;41
15.04.2020 00:00:00;Steyr-Land;415;60427;3;171;28;46,3369;1;3;5;87
15.04.2020 00:00:00;Urfahr-Umgebung;416;85505;0;278;10;11,69522;0;3;11;181
15.04.2020 00:00:00;Vöcklabruck;417;136253;1;107;2;1,467858;0;4;2;81
15.04.2020 00:00:00;Wels-Land;418;73094;0;76;2;2,736203;0;0;1;64
15.04.2020 00:00:00;Salzburg(Stadt);501;154211;0;134;11;7,133084;0;1;3;98
15.04.2020 00:00:00;Hallein;502;60374;1;67;6;9,938053;0;1;6;48
15.04.2020 00:00:00;Salzburg-Umgebung;503;152281;2;187;11;7,223488;0;5;3;131
15.04.2020 00:00:00;Sankt Johann im Pongau;504;80573;1;428;24;29,78665;0;11;11;296
15.04.2020 00:00:00;Tamsweg;505;20320;0;22;1;4,92126;0;0;0;15
15.04.2020 00:00:00;Zell am See;506;87462;2;343;12;13,72024;1;7;11;290
15.04.2020 00:00:00;Graz(Stadt);601;288806;4;396;57;19,73643;2;24;11;168
15.04.2020 00:00:00;Deutschlandsberg;603;60821;0;44;8;13,15335;0;1;0;20
15.04.2020 00:00:00;Graz-Umgebung;606;154260;9;219;54;35,00583;0;21;5;64
15.04.2020 00:00:00;Leibnitz;610;82484;3;172;10;12,12356;0;4;5;129
15.04.2020 00:00:00;Leoben;611;60060;0;24;0;0;0;3;1;13
15.04.2020 00:00:00;Liezen;612;79901;0;82;6;7,509293;0;1;0;28
15.04.2020 00:00:00;Murau;614;27659;0;5;0;0;0;0;2;3
15.04.2020 00:00:00;Voitsberg;616;51161;0;95;8;15,63691;0;4;8;46
15.04.2020 00:00:00;Weiz;617;90343;0;149;36;39,84813;1;7;0;61
15.04.2020 00:00:00;Murtal;620;72004;0;31;0;0;0;1;3;17
15.04.2020 00:00:00;Bruck-Mürzzuschlag;621;98984;0;50;5;5,051322;0;3;0;22
15.04.2020 00:00:00;Hartberg-Fürstenfeld;622;90622;1;291;24;26,48363;1;32;4;78
15.04.2020 00:00:00;Südoststeiermark;623;85947;2;48;6;6,981047;0;0;0;23
15.04.2020 00:00:00;Innsbruck-Stadt;701;132110;1;384;8;6,05556;0;6;5;344
15.04.2020 00:00:00;Imst;702;60056;2;277;43;71,59984;0;5;5;159
15.04.2020 00:00:00;Innsbruck-Land;703;179318;0;374;10;5,576685;0;10;14;278
15.04.2020 00:00:00;Kitzbühel;704;63881;1;353;27;42,26609;1;9;27;243
15.04.2020 00:00:00;Kufstein;705;109682;9;498;44;40,11597;2;30;34;330
15.04.2020 00:00:00;Landeck;706;44362;7;963;251;565,7996;0;15;20;659
15.04.2020 00:00:00;Lienz;707;48753;1;144;10;20,51156;0;2;5;93
15.04.2020 00:00:00;Reutte;708;32670;1;56;8;24,4873;0;1;1;32
15.04.2020 00:00:00;Schwaz;709;83873;0;334;20;23,84558;1;9;13;211
15.04.2020 00:00:00;Bludenz;801;63714;0;249;14;21,97319;0;2;5;200
15.04.2020 00:00:00;Bregenz;802;134383;1;258;24;17,8594;0;4;6;198
15.04.2020 00:00:00;Dornbirn;803;89041;2;144;14;15,72309;0;3;3;109
15.04.2020 00:00:00;Feldkirch;804;107159;2;209;12;11,19831;0;1;3;172
15.04.2020 00:00:00;Wien;900;1897491;25;2114;280;14,75633;2;112;75;1366
16.04.2020 00:00:00;Eisenstadt(Stadt);101;14637;0;15;1;6,832001;0;0;0;11
16.04.2020 00:00:00;Rust(Stadt);102;1940;0;0;0;0;0;0;0;0
16.04.2020 00:00:00;Eisenstadt-Umgebung;103;42927;1;23;2;4,659072;1;1;2;12
16.04.2020 00:00:00;Güssing;104;25797;0;22;1;3,87642;0;0;0;13
16.04.2020 00:00:00;Jennersdorf;105;17066;0;9;1;5,859604;0;0;0;8
16.04.2020 00:00:00;Mattersburg;106;39925;2;39;3;7,514089;0;0;0;27
16.04.2020 00:00:00;Neusiedl am See;107;59552;0;51;0;0;0;2;1;35
16.04.2020 00:00:00;Oberpullendorf;108;37513;1;22;3;7,997228;0;1;0;15
16.04.2020 00:00:00;Oberwart;109;54076;4;109;27;49,92973;0;2;5;64
16.04.2020 00:00:00;Klagenfurt Stadt;201;100817;0;87;10;9,918962;0;1;3;49
16.04.2020 00:00:00;Villach Stadt;202;62243;0;20;1;1,606606;0;0;2;17
16.04.2020 00:00:00;Hermagor;203;18224;0;5;0;0;0;0;0;4
16.04.2020 00:00:00;Klagenfurt Land;204;59800;0;42;1;1,672241;0;1;1;32
16.04.2020 00:00:00;Sankt Veit an der Glan;205;54555;0;51;7;12,83109;0;0;3;28
16.04.2020 00:00:00;Spittal an der Drau;206;76091;0;39;2;2,628432;0;1;2;27
16.04.2020 00:00:00;Villach Land;207;64668;0;48;3;4,63908;0;2;0;33
16.04.2020 00:00:00;Völkermarkt;208;41878;0;53;1;2,387889;0;4;0;35
16.04.2020 00:00:00;Wolfsberg;209;52726;0;43;7;13,27618;0;1;0;29
16.04.2020 00:00:00;Feldkirchen;210;29937;0;15;1;3,340348;0;0;5;9
16.04.2020 00:00:00;Krems an der Donau(Stadt);301;24876;0;34;1;4,019939;0;2;0;22
16.04.2020 00:00:00;Sankt Pölten(Stadt);302;55044;2;84;7;12,7171;0;1;1;45
16.04.2020 00:00:00;Waidhofen an der Ybbs(Stadt);303;11261;0;23;0;0;0;3;0;14
16.04.2020 00:00:00;Wiener Neustadt(Stadt);304;45277;0;39;4;8,834508;0;0;1;25
16.04.2020 00:00:00;Amstetten;305;116114;1;283;35;30,14279;1;14;9;175
16.04.2020 00:00:00;Baden;306;146203;1;134;9;6,155825;1;3;3;86
16.04.2020 00:00:00;Bruck an der Leitha;307;102010;0;77;6;5,881776;0;4;3;41
16.04.2020 00:00:00;Gänserndorf;308;103686;1;83;6;5,786702;0;1;3;52
16.04.2020 00:00:00;Gmünd;309;36773;1;14;6;16,31632;0;0;0;7
16.04.2020 00:00:00;Hollabrunn;310;50858;0;29;2;3,932518;0;0;0;14
16.04.2020 00:00:00;Horn;311;31090;0;43;12;38,59762;1;4;0;18
16.04.2020 00:00:00;Korneuburg;312;90889;0;152;10;11,00243;0;5;4;106
16.04.2020 00:00:00;Krems(Land);313;56596;1;139;5;8,834547;2;8;12;98
16.04.2020 00:00:00;Lilienfeld;314;25812;0;41;1;3,874167;0;4;2;24
16.04.2020 00:00:00;Melk;315;77962;1;167;29;37,19761;0;4;4;92
16.04.2020 00:00:00;Mistelbach;316;75483;2;122;9;11,92321;0;4;3;82
16.04.2020 00:00:00;Mödling;317;118998;0;167;9;7,563152;0;4;7;119
16.04.2020 00:00:00;Neunkirchen;318;86291;1;181;7;8,112086;0;3;14;137
16.04.2020 00:00:00;Sankt Pölten(Land);319;131044;3;254;16;12,20964;0;9;3;165
16.04.2020 00:00:00;Scheibbs;320;41403;0;102;0;0;0;0;6;79
16.04.2020 00:00:00;Tulln;321;103771;2;148;12;11,56392;0;5;3;101
16.04.2020 00:00:00;Waidhofen an der Thaya;322;25888;0;65;45;173,8257;0;0;0;14
16.04.2020 00:00:00;Wiener Neustadt(Land);323;77991;0;63;18;23,07959;0;4;7;31
16.04.2020 00:00:00;Zwettl;325;42222;0;67;28;66,31614;0;1;3;27
16.04.2020 00:00:00;Linz(Stadt);401;205726;0;296;13;6,319085;0;9;9;198
16.04.2020 00:00:00;Steyr(Stadt);402;38193;1;55;11;28,80109;0;1;2;31
16.04.2020 00:00:00;Wels(Stadt);403;61727;0;56;0;0;0;0;2;48
16.04.2020 00:00:00;Braunau am Inn;404;104408;1;126;18;17,24006;0;2;11;46
16.04.2020 00:00:00;Eferding;405;33156;0;52;8;24,12836;0;3;3;25
16.04.2020 00:00:00;Freistadt;406;66621;2;108;7;10,5072;1;1;1;82
16.04.2020 00:00:00;Gmunden;407;101631;0;62;2;1,967903;0;1;0;51
16.04.2020 00:00:00;Grieskirchen;408;64721;0;71;7;10,81565;0;1;2;35
16.04.2020 00:00:00;Kirchdorf an der Krems;409;56866;0;40;1;1,75852;0;1;0;28
16.04.2020 00:00:00;Linz-Land;410;150273;0;197;8;5,323644;0;7;2;119
16.04.2020 00:00:00;Perg;411;68459;0;248;8;11,68583;0;1;10;202
16.04.2020 00:00:00;Ried im Innkreis;412;61204;1;44;3;4,90164;0;0;1;25
16.04.2020 00:00:00;Rohrbach;413;56524;0;143;8;14,15328;0;0;3;100
16.04.2020 00:00:00;Schärding;414;57307;0;56;3;5,234962;0;1;1;42
16.04.2020 00:00:00;Steyr-Land;415;60427;1;172;19;31,4429;0;3;18;105
16.04.2020 00:00:00;Urfahr-Umgebung;416;85505;0;278;10;11,69522;0;3;6;187
16.04.2020 00:00:00;Vöcklabruck;417;136253;0;107;1;0,7339288;0;4;4;85
16.04.2020 00:00:00;Wels-Land;418;73094;0;76;2;2,736203;0;0;0;64
16.04.2020 00:00:00;Salzburg(Stadt);501;154211;0;134;11;7,133084;0;1;3;101
16.04.2020 00:00:00;Hallein;502;60374;0;67;4;6,625369;0;1;2;50
16.04.2020 00:00:00;Salzburg-Umgebung;503;152281;2;189;9;5,910127;2;7;6;137
16.04.2020 00:00:00;Sankt Johann im Pongau;504;80573;0;428;21;26,06332;0;11;15;311
16.04.2020 00:00:00;Tamsweg;505;20320;0;22;0;0;0;0;0;15
16.04.2020 00:00:00;Zell am See;506;87462;4;347;15;17,1503;0;7;5;295
16.04.2020 00:00:00;Graz(Stadt);601;288806;10;406;56;19,39018;1;25;9;177
16.04.2020 00:00:00;Deutschlandsberg;603;60821;0;44;7;11,50918;0;1;1;21
16.04.2020 00:00:00;Graz-Umgebung;606;154260;0;219;43;27,87502;2;23;15;79
16.04.2020 00:00:00;Leibnitz;610;82484;2;174;12;14,54828;0;4;8;137
16.04.2020 00:00:00;Leoben;611;60060;0;24;0;0;0;3;2;15
16.04.2020 00:00:00;Liezen;612;79901;1;83;5;6,257744;0;1;6;34
16.04.2020 00:00:00;Murau;614;27659;0;5;0;0;0;0;2;5
16.04.2020 00:00:00;Voitsberg;616;51161;1;96;8;15,63691;0;4;7;53
16.04.2020 00:00:00;Weiz;617;90343;4;153;38;42,06192;0;7;7;68
16.04.2020 00:00:00;Murtal;620;72004;0;31;0;0;0;1;1;18
16.04.2020 00:00:00;Bruck-Mürzzuschlag;621;98984;0;50;4;4,041057;0;3;4;26
16.04.2020 00:00:00;Hartberg-Fürstenfeld;622;90622;2;293;20;22,0697;0;32;5;83
16.04.2020 00:00:00;Südoststeiermark;623;85947;0;48;3;3,490523;0;0;3;26
16.04.2020 00:00:00;Innsbruck-Stadt;701;132110;0;384;8;6,05556;0;6;1;345
16.04.2020 00:00:00;Imst;702;60056;5;282;43;71,59984;0;5;24;183
16.04.2020 00:00:00;Innsbruck-Land;703;179318;4;378;10;5,576685;0;10;16;294
16.04.2020 00:00:00;Kitzbühel;704;63881;1;354;23;36,00444;0;9;17;260
16.04.2020 00:00:00;Kufstein;705;109682;4;502;36;32,82216;0;30;22;352
16.04.2020 00:00:00;Landeck;706;44362;3;966;231;520,7159;0;15;7;666
16.04.2020 00:00:00;Lienz;707;48753;3;147;12;24,61387;1;3;7;100
16.04.2020 00:00:00;Reutte;708;32670;0;56;8;24,4873;0;1;4;36
16.04.2020 00:00:00;Schwaz;709;83873;2;336;21;25,03786;1;10;7;218
16.04.2020 00:00:00;Bludenz;801;63714;1;250;13;20,40368;1;3;2;202
16.04.2020 00:00:00;Bregenz;802;134383;1;259;21;15,62698;0;4;5;203
16.04.2020 00:00:00;Dornbirn;803;89041;0;144;11;12,35386;0;3;1;110
16.04.2020 00:00:00;Feldkirch;804;107159;0;209;11;10,26512;0;1;2;174
16.04.2020 00:00:00;Wien;900;1897491;32;2146;246;12,96449;7;119;53;1419
17.04.2020 00:00:00;Eisenstadt(Stadt);101;14637;0;15;1;6,832001;0;0;0;11
17.04.2020 00:00:00;Rust(Stadt);102;1940;0;0;0;0;0;0;0;0
17.04.2020 00:00:00;Eisenstadt-Umgebung;103;42927;0;23;2;4,659072;0;1;1;13
17.04.2020 00:00:00;Güssing;104;25797;0;22;1;3,87642;0;0;0;13
17.04.2020 00:00:00;Jennersdorf;105;17066;0;9;1;5,859604;0;0;0;8
17.04.2020 00:00:00;Mattersburg;106;39925;3;42;6;15,02818;0;0;0;27
17.04.2020 00:00:00;Neusiedl am See;107;59552;2;53;2;3,358409;0;2;0;35
17.04.2020 00:00:00;Oberpullendorf;108;37513;0;22;3;7,997228;0;1;0;15
17.04.2020 00:00:00;Oberwart;109;54076;3;112;27;49,92973;0;2;1;65
17.04.2020 00:00:00;Klagenfurt Stadt;201;100817;0;87;9;8,927066;0;1;0;49
17.04.2020 00:00:00;Villach Stadt;202;62243;0;20;1;1,606606;0;0;2;19
17.04.2020 00:00:00;Hermagor;203;18224;0;5;0;0;0;0;0;4
17.04.2020 00:00:00;Klagenfurt Land;204;59800;0;42;1;1,672241;1;2;2;34
17.04.2020 00:00:00;Sankt Veit an der Glan;205;54555;1;52;7;12,83109;0;0;0;28
17.04.2020 00:00:00;Spittal an der Drau;206;76091;0;39;1;1,314216;0;1;2;29
17.04.2020 00:00:00;Villach Land;207;64668;0;48;3;4,63908;0;2;0;33
17.04.2020 00:00:00;Völkermarkt;208;41878;0;53;1;2,387889;0;4;0;35
17.04.2020 00:00:00;Wolfsberg;209;52726;0;43;2;3,793195;0;1;1;30
17.04.2020 00:00:00;Feldkirchen;210;29937;0;15;0;0;0;0;2;11
17.04.2020 00:00:00;Krems an der Donau(Stadt);301;24876;1;35;2;8,039878;0;2;2;24
17.04.2020 00:00:00;Sankt Pölten(Stadt);302;55044;0;84;5;9,083642;0;1;4;49
17.04.2020 00:00:00;Waidhofen an der Ybbs(Stadt);303;11261;0;23;0;0;0;3;0;14
17.04.2020 00:00:00;Wiener Neustadt(Stadt);304;45277;1;40;5;11,04313;0;0;2;27
17.04.2020 00:00:00;Amstetten;305;116114;3;286;30;25,83668;0;14;15;190
17.04.2020 00:00:00;Baden;306;146203;2;136;10;6,839805;0;3;9;95
17.04.2020 00:00:00;Bruck an der Leitha;307;102010;1;78;6;5,881776;0;4;0;41
17.04.2020 00:00:00;Gänserndorf;308;103686;0;83;6;5,786702;0;1;3;55
17.04.2020 00:00:00;Gmünd;309;36773;0;14;6;16,31632;0;0;0;7
17.04.2020 00:00:00;Hollabrunn;310;50858;1;30;2;3,932518;0;0;1;15
17.04.2020 00:00:00;Horn;311;31090;0;43;11;35,38115;0;4;2;20
17.04.2020 00:00:00;Korneuburg;312;90889;1;153;10;11,00243;0;5;3;109
17.04.2020 00:00:00;Krems(Land);313;56596;0;139;5;8,834547;0;8;4;102
17.04.2020 00:00:00;Lilienfeld;314;25812;0;41;1;3,874167;0;4;2;26
17.04.2020 00:00:00;Melk;315;77962;1;168;27;34,63226;0;4;2;94
17.04.2020 00:00:00;Mistelbach;316;75483;2;124;10;13,24802;0;4;0;82
17.04.2020 00:00:00;Mödling;317;118998;1;168;10;8,403502;1;5;7;126
17.04.2020 00:00:00;Neunkirchen;318;86291;0;181;7;8,112086;0;3;7;144
17.04.2020 00:00:00;Sankt Pölten(Land);319;131044;0;254;12;9,157229;0;9;8;173
17.04.2020 00:00:00;Scheibbs;320;41403;0;102;0;0;0;0;4;83
17.04.2020 00:00:00;Tulln;321;103771;2;150;13;12,52759;0;5;1;102
17.04.2020 00:00:00;Waidhofen an der Thaya;322;25888;3;68;47;181,5513;0;0;2;16
17.04.2020 00:00:00;Wiener Neustadt(Land);323;77991;2;65;16;20,51519;0;4;1;32
17.04.2020 00:00:00;Zwettl;325;42222;0;67;26;61,57927;0;1;2;29
17.04.2020 00:00:00;Linz(Stadt);401;205726;1;297;9;4,374751;0;9;12;210
17.04.2020 00:00:00;Steyr(Stadt);402;38193;2;57;10;26,18281;0;1;0;31
17.04.2020 00:00:00;Wels(Stadt);403;61727;1;57;1;1,620037;0;0;3;51
17.04.2020 00:00:00;Braunau am Inn;404;104408;1;127;16;15,3245;0;2;9;55
17.04.2020 00:00:00;Eferding;405;33156;1;53;7;21,11232;0;3;5;30
17.04.2020 00:00:00;Freistadt;406;66621;4;112;9;13,50925;0;1;2;84
17.04.2020 00:00:00;Gmunden;407;101631;1;63;3;2,951855;0;1;4;55
17.04.2020 00:00:00;Grieskirchen;408;64721;3;74;9;13,90584;0;1;9;44
17.04.2020 00:00:00;Kirchdorf an der Krems;409;56866;0;40;1;1,75852;0;1;2;30
17.04.2020 00:00:00;Linz-Land;410;150273;2;199;4;2,661822;0;7;26;145
17.04.2020 00:00:00;Perg;411;68459;1;249;6;8,76437;0;1;3;205
17.04.2020 00:00:00;Ried im Innkreis;412;61204;0;44;2;3,26776;0;0;2;27
17.04.2020 00:00:00;Rohrbach;413;56524;2;145;10;17,6916;0;0;7;107
17.04.2020 00:00:00;Schärding;414;57307;0;56;3;5,234962;0;1;4;46
17.04.2020 00:00:00;Steyr-Land;415;60427;0;172;14;23,16845;0;3;4;109
17.04.2020 00:00:00;Urfahr-Umgebung;416;85505;0;278;5;5,847611;0;3;10;197
17.04.2020 00:00:00;Vöcklabruck;417;136253;0;107;1;0,7339288;0;4;4;89
17.04.2020 00:00:00;Wels-Land;418;73094;0;76;1;1,368101;0;0;2;66
17.04.2020 00:00:00;Salzburg(Stadt);501;154211;0;134;10;6,484622;0;1;4;105
17.04.2020 00:00:00;Hallein;502;60374;0;67;2;3,312684;0;1;0;50
17.04.2020 00:00:00;Salzburg-Umgebung;503;152281;2;191;10;6,566807;0;7;3;140
17.04.2020 00:00:00;Sankt Johann im Pongau;504;80573;2;430;15;18,61666;0;11;10;321
17.04.2020 00:00:00;Tamsweg;505;20320;0;22;0;0;0;0;1;16
17.04.2020 00:00:00;Zell am See;506;87462;0;347;12;13,72024;0;7;8;303
17.04.2020 00:00:00;Graz(Stadt);601;288806;4;410;52;18,00517;1;26;11;188
17.04.2020 00:00:00;Deutschlandsberg;603;60821;0;44;6;9,865014;0;1;3;24
17.04.2020 00:00:00;Graz-Umgebung;606;154260;2;221;44;28,52327;1;24;5;84
17.04.2020 00:00:00;Leibnitz;610;82484;0;174;9;10,91121;0;4;4;141
17.04.2020 00:00:00;Leoben;611;60060;0;24;0;0;0;3;2;17
17.04.2020 00:00:00;Liezen;612;79901;1;84;4;5,006195;0;1;1;35
17.04.2020 00:00:00;Murau;614;27659;0;5;0;0;0;0;0;5
17.04.2020 00:00:00;Voitsberg;616;51161;0;96;3;5,863842;0;4;1;54
17.04.2020 00:00:00;Weiz;617;90343;1;154;32;35,42056;1;8;3;71
17.04.2020 00:00:00;Murtal;620;72004;0;31;0;0;0;1;1;19
17.04.2020 00:00:00;Bruck-Mürzzuschlag;621;98984;1;51;5;5,051322;0;3;3;29
17.04.2020 00:00:00;Hartberg-Fürstenfeld;622;90622;3;296;17;18,75924;0;32;11;94
17.04.2020 00:00:00;Südoststeiermark;623;85947;2;50;4;4,654031;0;0;2;28
17.04.2020 00:00:00;Innsbruck-Stadt;701;132110;0;384;5;3,784725;0;6;4;349
17.04.2020 00:00:00;Imst;702;60056;0;282;29;48,28827;0;5;8;191
17.04.2020 00:00:00;Innsbruck-Land;703;179318;0;378;8;4,461348;0;10;15;309
17.04.2020 00:00:00;Kitzbühel;704;63881;1;355;19;29,7428;0;9;13;273
17.04.2020 00:00:00;Kufstein;705;109682;1;503;33;30,08698;1;31;19;371
17.04.2020 00:00:00;Landeck;706;44362;2;968;155;349,3981;0;15;10;676
17.04.2020 00:00:00;Lienz;707;48753;0;147;10;20,51156;1;4;9;109
17.04.2020 00:00:00;Reutte;708;32670;0;56;8;24,4873;0;1;0;36
17.04.2020 00:00:00;Schwaz;709;83873;0;336;20;23,84558;1;11;13;231
17.04.2020 00:00:00;Bludenz;801;63714;0;250;10;15,69514;0;3;10;212
17.04.2020 00:00:00;Bregenz;802;134383;0;259;18;13,39455;2;6;10;213
17.04.2020 00:00:00;Dornbirn;803;89041;1;145;12;13,47694;0;3;2;112
17.04.2020 00:00:00;Feldkirch;804;107159;1;210;12;11,19831;0;1;3;177
17.04.2020 00:00:00;Wien;900;1897491;28;2174;241;12,70098;3;122;40;1459
18.04.2020 00:00:00;Eisenstadt(Stadt);101;14637;1;16;2;13,664;0;0;1;12
18.04.2020 00:00:00;Rust(Stadt);102;1940;0;0;0;0;0;0;0;0
18.04.2020 00:00:00;Eisenstadt-Umgebung;103;42927;0;23;1;2,329536;0;1;0;13
18.04.2020 00:00:00;Güssing;104;25797;1;23;2;7,75284;0;0;0;13
18.04.2020 00:00:00;Jennersdorf;105;17066;0;9;1;5,859604;0;0;0;8
18.04.2020 00:00:00;Mattersburg;106;39925;0;42;5;12,52348;1;1;0;27
18.04.2020 00:00:00;Neusiedl am See;107;59552;0;53;2;3,358409;0;2;0;35
18.04.2020 00:00:00;Oberpullendorf;108;37513;1;23;4;10,66297;0;1;0;15
18.04.2020 00:00:00;Oberwart;109;54076;1;113;24;44,38198;0;2;0;65
18.04.2020 00:00:00;Klagenfurt Stadt;201;100817;0;87;4;3,967585;1;2;2;51
18.04.2020 00:00:00;Villach Stadt;202;62243;0;20;1;1,606606;0;0;0;19
18.04.2020 00:00:00;Hermagor;203;18224;0;5;0;0;0;0;0;4
18.04.2020 00:00:00;Klagenfurt Land;204;59800;0;42;1;1,672241;0;2;1;35
18.04.2020 00:00:00;Sankt Veit an der Glan;205;54555;0;52;6;10,99808;0;0;0;28
18.04.2020 00:00:00;Spittal an der Drau;206;76091;0;39;1;1,314216;0;1;2;31
18.04.2020 00:00:00;Villach Land;207;64668;0;48;1;1,54636;0;2;1;34
18.04.2020 00:00:00;Völkermarkt;208;41878;0;53;0;0;0;4;0;35
18.04.2020 00:00:00;Wolfsberg;209;52726;0;43;2;3,793195;0;1;3;33
18.04.2020 00:00:00;Feldkirchen;210;29937;0;15;0;0;0;0;2;13
18.04.2020 00:00:00;Krems an der Donau(Stadt);301;24876;1;36;3;12,05982;0;2;0;24
18.04.2020 00:00:00;Sankt Pölten(Stadt);302;55044;0;84;4;7,266914;0;1;6;55
18.04.2020 00:00:00;Waidhofen an der Ybbs(Stadt);303;11261;0;23;0;0;0;3;1;15
18.04.2020 00:00:00;Wiener Neustadt(Stadt);304;45277;0;40;4;8,834508;0;0;0;27
18.04.2020 00:00:00;Amstetten;305;116114;2;288;24;20,66934;0;14;2;192
18.04.2020 00:00:00;Baden;306;146203;1;137;11;7,523786;0;3;5;100
18.04.2020 00:00:00;Bruck an der Leitha;307;102010;0;78;6;5,881776;0;4;4;45
18.04.2020 00:00:00;Gänserndorf;308;103686;0;83;5;4,822252;0;1;0;55
18.04.2020 00:00:00;Gmünd;309;36773;0;14;3;8,158159;0;0;0;7
18.04.2020 00:00:00;Hollabrunn;310;50858;0;30;2;3,932518;0;0;3;18
18.04.2020 00:00:00;Horn;311;31090;0;43;9;28,94822;0;4;0;20
18.04.2020 00:00:00;Korneuburg;312;90889;1;154;8;8,801946;0;5;5;114
18.04.2020 00:00:00;Krems(Land);313;56596;0;139;5;8,834547;0;8;0;102
18.04.2020 00:00:00;Lilienfeld;314;25812;0;41;1;3,874167;0;4;0;26
18.04.2020 00:00:00;Melk;315;77962;0;168;15;19,24014;0;4;4;98
18.04.2020 00:00:00;Mistelbach;316;75483;0;124;7;9,273611;0;4;0;82
18.04.2020 00:00:00;Mödling;317;118998;0;168;8;6,722802;0;5;0;126
18.04.2020 00:00:00;Neunkirchen;318;86291;0;181;6;6,953217;0;3;5;149
18.04.2020 00:00:00;Sankt Pölten(Land);319;131044;0;254;9;6,867922;0;9;7;180
18.04.2020 00:00:00;Scheibbs;320;41403;0;102;0;0;0;0;0;83
18.04.2020 00:00:00;Tulln;321;103771;0;150;10;9,636603;0;5;1;103
18.04.2020 00:00:00;Waidhofen an der Thaya;322;25888;0;68;34;131,335;0;0;1;17
18.04.2020 00:00:00;Wiener Neustadt(Land);323;77991;1;66;12;15,38639;0;4;2;34
18.04.2020 00:00:00;Zwettl;325;42222;1;68;6;14,2106;0;1;0;29
18.04.2020 00:00:00;Linz(Stadt);401;205726;1;298;7;3,402584;0;9;14;224
18.04.2020 00:00:00;Steyr(Stadt);402;38193;1;58;7;18,32797;0;1;1;32
18.04.2020 00:00:00;Wels(Stadt);403;61727;0;57;1;1,620037;0;0;0;51
18.04.2020 00:00:00;Braunau am Inn;404;104408;1;128;15;14,36672;0;2;2;57
18.04.2020 00:00:00;Eferding;405;33156;0;53;5;15,08023;1;4;0;30
18.04.2020 00:00:00;Freistadt;406;66621;0;112;9;13,50925;1;2;3;87
18.04.2020 00:00:00;Gmunden;407;101631;0;63;2;1,967903;0;1;0;55
18.04.2020 00:00:00;Grieskirchen;408;64721;0;74;9;13,90584;0;1;1;45
18.04.2020 00:00:00;Kirchdorf an der Krems;409;56866;0;40;1;1,75852;0;1;0;30
18.04.2020 00:00:00;Linz-Land;410;150273;0;199;3;1,996367;0;7;3;148
18.04.2020 00:00:00;Perg;411;68459;0;249;5;7,303642;0;1;6;211
18.04.2020 00:00:00;Ried im Innkreis;412;61204;0;44;2;3,26776;0;0;0;27
18.04.2020 00:00:00;Rohrbach;413;56524;0;145;7;12,38412;0;0;1;108
18.04.2020 00:00:00;Schärding;414;57307;0;56;3;5,234962;0;1;1;47
18.04.2020 00:00:00;Steyr-Land;415;60427;2;174;11;18,20378;2;5;0;109
18.04.2020 00:00:00;Urfahr-Umgebung;416;85505;0;278;4;4,678089;0;3;9;206
18.04.2020 00:00:00;Vöcklabruck;417;136253;0;107;1;0,7339288;0;4;0;89
18.04.2020 00:00:00;Wels-Land;418;73094;0;76;1;1,368101;0;0;0;66
18.04.2020 00:00:00;Salzburg(Stadt);501;154211;0;134;8;5,187697;0;1;2;107
18.04.2020 00:00:00;Hallein;502;60374;0;67;1;1,656342;0;1;3;53
18.04.2020 00:00:00;Salzburg-Umgebung;503;152281;1;192;8;5,253446;0;7;2;142
18.04.2020 00:00:00;Sankt Johann im Pongau;504;80573;0;430;12;14,89333;0;11;13;334
18.04.2020 00:00:00;Tamsweg;505;20320;0;22;0;0;0;0;1;17
18.04.2020 00:00:00;Zell am See;506;87462;3;350;15;17,1503;0;7;0;303
18.04.2020 00:00:00;Graz(Stadt);601;288806;2;412;42;14,54263;1;27;8;196
18.04.2020 00:00:00;Deutschlandsberg;603;60821;0;44;5;8,220845;1;2;3;27
18.04.2020 00:00:00;Graz-Umgebung;606;154260;2;223;34;22,04071;2;26;1;85
18.04.2020 00:00:00;Leibnitz;610;82484;0;174;8;9,698851;0;4;4;145
18.04.2020 00:00:00;Leoben;611;60060;0;24;0;0;0;3;2;19
18.04.2020 00:00:00;Liezen;612;79901;0;84;4;5,006195;0;1;10;45
18.04.2020 00:00:00;Murau;614;27659;0;5;0;0;0;0;0;5
18.04.2020 00:00:00;Voitsberg;616;51161;0;96;2;3,909228;0;4;5;59
18.04.2020 00:00:00;Weiz;617;90343;0;154;31;34,31367;0;8;0;71
18.04.2020 00:00:00;Murtal;620;72004;0;31;0;0;0;1;0;19
18.04.2020 00:00:00;Bruck-Mürzzuschlag;621;98984;0;51;4;4,041057;0;3;0;29
18.04.2020 00:00:00;Hartberg-Fürstenfeld;622;90622;4;300;19;20,96621;0;32;6;100
18.04.2020 00:00:00;Südoststeiermark;623;85947;0;50;4;4,654031;0;0;3;31
18.04.2020 00:00:00;Innsbruck-Stadt;701;132110;0;384;3;2,270835;0;6;0;349
18.04.2020 00:00:00;Imst;702;60056;1;283;19;31,63714;0;5;3;194
18.04.2020 00:00:00;Innsbruck-Land;703;179318;0;378;6;3,346011;0;10;5;314
18.04.2020 00:00:00;Kitzbühel;704;63881;2;357;15;23,48116;0;9;6;279
18.04.2020 00:00:00;Kufstein;705;109682;3;506;32;29,17525;1;32;10;381
18.04.2020 00:00:00;Landeck;706;44362;0;968;55;123,98;0;15;8;684
18.04.2020 00:00:00;Lienz;707;48753;0;147;10;20,51156;0;4;2;111
18.04.2020 00:00:00;Reutte;708;32670;0;56;8;24,4873;0;1;0;36
18.04.2020 00:00:00;Schwaz;709;83873;1;337;15;17,88418;0;11;21;252
18.04.2020 00:00:00;Bludenz;801;63714;0;250;6;9,417083;0;3;3;215
18.04.2020 00:00:00;Bregenz;802;134383;0;259;6;4,46485;1;7;0;213
18.04.2020 00:00:00;Dornbirn;803;89041;3;148;12;13,47694;0;3;1;113
18.04.2020 00:00:00;Feldkirch;804;107159;0;210;9;8,398735;0;1;3;180
18.04.2020 00:00:00;Wien;900;1897491;22;2196;219;11,54156;5;127;28;1487
19.04.2020 00:00:00;Eisenstadt(Stadt);101;14637;0;16;1;6,832001;0;0;2;14
19.04.2020 00:00:00;Rust(Stadt);102;1940;0;0;0;0;0;0;0;0
19.04.2020 00:00:00;Eisenstadt-Umgebung;103;42927;0;23;1;2,329536;0;1;2;15
19.04.2020 00:00:00;Güssing;104;25797;0;23;2;7,75284;0;0;2;15
19.04.2020 00:00:00;Jennersdorf;105;17066;0;9;1;5,859604;0;0;0;8
19.04.2020 00:00:00;Mattersburg;106;39925;0;42;5;12,52348;0;1;0;27
19.04.2020 00:00:00;Neusiedl am See;107;59552;0;53;2;3,358409;0;2;2;37
19.04.2020 00:00:00;Oberpullendorf;108;37513;0;23;3;7,997228;0;1;0;15
19.04.2020 00:00:00;Oberwart;109;54076;3;116;24;44,38198;0;2;0;65
19.04.2020 00:00:00;Klagenfurt Stadt;201;100817;0;87;3;2,975689;0;2;1;52
19.04.2020 00:00:00;Villach Stadt;202;62243;0;20;1;1,606606;0;0;0;19
19.04.2020 00:00:00;Hermagor;203;18224;0;5;0;0;0;0;0;4
19.04.2020 00:00:00;Klagenfurt Land;204;59800;0;42;1;1,672241;0;2;0;35
19.04.2020 00:00:00;Sankt Veit an der Glan;205;54555;0;52;2;3,666025;0;0;0;28
19.04.2020 00:00:00;Spittal an der Drau;206;76091;0;39;0;0;0;1;0;31
19.04.2020 00:00:00;Villach Land;207;64668;0;48;1;1,54636;0;2;1;35
19.04.2020 00:00:00;Völkermarkt;208;41878;0;53;0;0;0;4;2;37
19.04.2020 00:00:00;Wolfsberg;209;52726;0;43;0;0;0;1;0;33
19.04.2020 00:00:00;Feldkirchen;210;29937;0;15;0;0;0;0;0;13
19.04.2020 00:00:00;Krems an der Donau(Stadt);301;24876;0;36;3;12,05982;1;3;4;28
19.04.2020 00:00:00;Sankt Pölten(Stadt);302;55044;0;84;4;7,266914;0;1;1;56
19.04.2020 00:00:00;Waidhofen an der Ybbs(Stadt);303;11261;0;23;0;0;0;3;0;15
19.04.2020 00:00:00;Wiener Neustadt(Stadt);304;45277;0;40;4;8,834508;0;0;0;27
19.04.2020 00:00:00;Amstetten;305;116114;0;288;14;12,05712;1;15;0;192
19.04.2020 00:00:00;Baden;306;146203;0;137;10;6,839805;0;3;0;100
19.04.2020 00:00:00;Bruck an der Leitha;307;102010;0;78;6;5,881776;0;4;1;46
19.04.2020 00:00:00;Gänserndorf;308;103686;0;83;5;4,822252;0;1;3;58
19.04.2020 00:00:00;Gmünd;309;36773;0;14;3;8,158159;0;0;0;7
19.04.2020 00:00:00;Hollabrunn;310;50858;0;30;2;3,932518;0;0;1;19
19.04.2020 00:00:00;Horn;311;31090;1;44;4;12,86587;0;4;2;22
19.04.2020 00:00:00;Korneuburg;312;90889;0;154;8;8,801946;0;5;0;114
19.04.2020 00:00:00;Krems(Land);313;56596;0;139;2;3,533819;0;8;2;104
19.04.2020 00:00:00;Lilienfeld;314;25812;0;41;1;3,874167;0;4;0;26
19.04.2020 00:00:00;Melk;315;77962;1;169;13;16,67479;0;4;1;99
19.04.2020 00:00:00;Mistelbach;316;75483;0;124;6;7,94881;0;4;5;87
19.04.2020 00:00:00;Mödling;317;118998;0;168;7;5,882452;1;6;4;130
19.04.2020 00:00:00;Neunkirchen;318;86291;0;181;6;6,953217;0;3;4;153
19.04.2020 00:00:00;Sankt Pölten(Land);319;131044;1;255;10;7,631025;0;9;6;186
19.04.2020 00:00:00;Scheibbs;320;41403;0;102;0;0;0;0;2;85
19.04.2020 00:00:00;Tulln;321;103771;0;150;9;8,672943;0;5;0;103
19.04.2020 00:00:00;Waidhofen an der Thaya;322;25888;0;68;12;46,35352;0;0;0;17
19.04.2020 00:00:00;Wiener Neustadt(Land);323;77991;2;68;11;14,10419;0;4;0;34
19.04.2020 00:00:00;Zwettl;325;42222;0;68;4;9,473734;0;1;1;30
19.04.2020 00:00:00;Linz(Stadt);401;205726;0;298;6;2,916501;0;9;8;232
19.04.2020 00:00:00;Steyr(Stadt);402;38193;0;58;7;18,32797;0;1;1;33
19.04.2020 00:00:00;Wels(Stadt);403;61727;0;57;1;1,620037;0;0;0;51
19.04.2020 00:00:00;Braunau am Inn;404;104408;0;128;15;14,36672;0;2;0;57
19.04.2020 00:00:00;Eferding;405;33156;0;53;4;12,06418;0;4;0;30
19.04.2020 00:00:00;Freistadt;406;66621;1;113;10;15,01028;1;3;0;87
19.04.2020 00:00:00;Gmunden;407;101631;2;65;4;3,935807;0;1;1;56
19.04.2020 00:00:00;Grieskirchen;408;64721;0;74;8;12,36075;0;1;2;47
19.04.2020 00:00:00;Kirchdorf an der Krems;409;56866;0;40;1;1,75852;0;1;0;30
19.04.2020 00:00:00;Linz-Land;410;150273;0;199;3;1,996367;0;7;1;149
19.04.2020 00:00:00;Perg;411;68459;0;249;3;4,382185;0;1;5;216
19.04.2020 00:00:00;Ried im Innkreis;412;61204;0;44;2;3,26776;0;0;0;27
19.04.2020 00:00:00;Rohrbach;413;56524;0;145;6;10,61496;0;0;1;109
19.04.2020 00:00:00;Schärding;414;57307;0;56;1;1,744987;0;1;0;47
19.04.2020 00:00:00;Steyr-Land;415;60427;1;175;11;18,20378;0;5;0;109
19.04.2020 00:00:00;Urfahr-Umgebung;416;85505;0;278;4;4,678089;1;4;0;206
19.04.2020 00:00:00;Vöcklabruck;417;136253;0;107;1;0,7339288;0;4;0;89
19.04.2020 00:00:00;Wels-Land;418;73094;0;76;0;0;0;0;1;67
19.04.2020 00:00:00;Salzburg(Stadt);501;154211;0;134;8;5,187697;0;1;0;107
19.04.2020 00:00:00;Hallein;502;60374;0;67;1;1,656342;0;1;0;53
19.04.2020 00:00:00;Salzburg-Umgebung;503;152281;4;196;11;7,223488;0;7;0;142
19.04.2020 00:00:00;Sankt Johann im Pongau;504;80573;0;430;6;7,446663;1;12;2;336
19.04.2020 00:00:00;Tamsweg;505;20320;0;22;0;0;0;0;0;17
19.04.2020 00:00:00;Zell am See;506;87462;1;351;16;18,29366;0;7;5;308
19.04.2020 00:00:00;Graz(Stadt);601;288806;2;414;40;13,85013;2;29;7;203
19.04.2020 00:00:00;Deutschlandsberg;603;60821;0;44;4;6,576676;0;2;0;27
19.04.2020 00:00:00;Graz-Umgebung;606;154260;1;224;26;16,85466;0;26;5;90
19.04.2020 00:00:00;Leibnitz;610;82484;0;174;7;8,486494;0;4;0;145
19.04.2020 00:00:00;Leoben;611;60060;0;24;0;0;0;3;0;19
19.04.2020 00:00:00;Liezen;612;79901;1;85;4;5,006195;0;1;3;48
19.04.2020 00:00:00;Murau;614;27659;0;5;0;0;0;0;0;5
19.04.2020 00:00:00;Voitsberg;616;51161;0;96;2;3,909228;0;4;0;59
19.04.2020 00:00:00;Weiz;617;90343;0;154;29;32,09989;0;8;0;71
19.04.2020 00:00:00;Murtal;620;72004;0;31;0;0;0;1;0;19
19.04.2020 00:00:00;Bruck-Mürzzuschlag;621;98984;0;51;2;2,020529;0;3;1;30
19.04.2020 00:00:00;Hartberg-Fürstenfeld;622;90622;1;301;15;16,55227;1;33;0;100
19.04.2020 00:00:00;Südoststeiermark;623;85947;2;52;6;6,981047;1;1;0;31
19.04.2020 00:00:00;Innsbruck-Stadt;701;132110;3;387;6;4,54167;0;6;0;349
19.04.2020 00:00:00;Imst;702;60056;0;283;10;16,65112;0;5;2;196
19.04.2020 00:00:00;Innsbruck-Land;703;179318;0;378;6;3,346011;0;10;3;317
19.04.2020 00:00:00;Kitzbühel;704;63881;0;357;12;18,78493;0;9;5;284
19.04.2020 00:00:00;Kufstein;705;109682;0;506;27;24,61662;0;32;3;384
19.04.2020 00:00:00;Landeck;706;44362;1;969;20;45,08363;0;15;8;692
19.04.2020 00:00:00;Lienz;707;48753;0;147;7;14,35809;1;5;2;113
19.04.2020 00:00:00;Reutte;708;32670;0;56;4;12,24365;0;1;0;36
19.04.2020 00:00:00;Schwaz;709;83873;2;339;17;20,26874;0;11;13;265
19.04.2020 00:00:00;Bludenz;801;63714;0;250;6;9,417083;0;3;4;219
19.04.2020 00:00:00;Bregenz;802;134383;1;260;5;3,720709;0;7;4;217
19.04.2020 00:00:00;Dornbirn;803;89041;0;148;10;11,23078;0;3;2;115
19.04.2020 00:00:00;Feldkirch;804;107159;0;210;7;6,532349;0;1;2;182
19.04.2020 00:00:00;Wien;900;1897491;16;2212;208;10,96184;5;132;26;1513
20.04.2020 00:00:00;Eisenstadt(Stadt);101;14637;0;16;1;6,832001;0;0;0;14
20.04.2020 00:00:00;Rust(Stadt);102;1940;0;0;0;0;0;0;0;0
20.04.2020 00:00:00;Eisenstadt-Umgebung;103;42927;0;23;1;2,329536;0;1;4;19
20.04.2020 00:00:00;Güssing;104;25797;0;23;2;7,75284;0;0;2;17
20.04.2020 00:00:00;Jennersdorf;105;17066;0;9;1;5,859604;0;0;0;8
20.04.2020 00:00:00;Mattersburg;106;39925;0;42;5;12,52348;0;1;2;29
20.04.2020 00:00:00;Neusiedl am See;107;59552;2;55;4;6,716819;0;2;1;38
20.04.2020 00:00:00;Oberpullendorf;108;37513;0;23;3;7,997228;0;1;0;15
20.04.2020 00:00:00;Oberwart;109;54076;4;120;21;38,83423;0;2;2;67
20.04.2020 00:00:00;Klagenfurt Stadt;201;100817;0;87;1;0,9918962;0;2;1;53
20.04.2020 00:00:00;Villach Stadt;202;62243;0;20;0;0;0;0;0;19
20.04.2020 00:00:00;Hermagor;203;18224;0;5;0;0;0;0;0;4
20.04.2020 00:00:00;Klagenfurt Land;204;59800;0;42;1;1,672241;0;2;0;35
20.04.2020 00:00:00;Sankt Veit an der Glan;205;54555;0;52;2;3,666025;0;0;1;29
20.04.2020 00:00:00;Spittal an der Drau;206;76091;2;41;2;2,628432;0;1;0;31
20.04.2020 00:00:00;Villach Land;207;64668;0;48;1;1,54636;0;2;0;35
20.04.2020 00:00:00;Völkermarkt;208;41878;0;53;0;0;0;4;1;38
20.04.2020 00:00:00;Wolfsberg;209;52726;0;43;0;0;0;1;0;33
20.04.2020 00:00:00;Feldkirchen;210;29937;0;15;0;0;0;0;1;14
20.04.2020 00:00:00;Krems an der Donau(Stadt);301;24876;0;36;3;12,05982;0;3;0;28
20.04.2020 00:00:00;Sankt Pölten(Stadt);302;55044;0;84;4;7,266914;0;1;11;67
20.04.2020 00:00:00;Waidhofen an der Ybbs(Stadt);303;11261;0;23;0;0;0;3;0;15
20.04.2020 00:00:00;Wiener Neustadt(Stadt);304;45277;0;40;3;6,625881;0;0;2;29
20.04.2020 00:00:00;Amstetten;305;116114;2;290;14;12,05712;0;15;4;196
20.04.2020 00:00:00;Baden;306;146203;2;139;12;8,207766;0;3;3;103
20.04.2020 00:00:00;Bruck an der Leitha;307;102010;1;79;7;6,862072;0;4;3;49
20.04.2020 00:00:00;Gänserndorf;308;103686;2;85;7;6,751153;0;1;6;64
20.04.2020 00:00:00;Gmünd;309;36773;0;14;2;5,438773;0;0;0;7
20.04.2020 00:00:00;Hollabrunn;310;50858;0;30;2;3,932518;0;0;3;22
20.04.2020 00:00:00;Horn;311;31090;0;44;3;9,649405;0;4;1;23
20.04.2020 00:00:00;Korneuburg;312;90889;2;156;9;9,902188;0;5;4;118
20.04.2020 00:00:00;Krems(Land);313;56596;1;140;2;3,533819;0;8;1;105
20.04.2020 00:00:00;Lilienfeld;314;25812;0;41;0;0;0;4;3;29
20.04.2020 00:00:00;Melk;315;77962;0;169;11;14,10944;0;4;7;106
20.04.2020 00:00:00;Mistelbach;316;75483;0;124;6;7,94881;0;4;4;91
20.04.2020 00:00:00;Mödling;317;118998;2;170;8;6,722802;0;6;0;130
20.04.2020 00:00:00;Neunkirchen;318;86291;1;182;7;8,112086;0;3;1;154
20.04.2020 00:00:00;Sankt Pölten(Land);319;131044;1;256;11;8,394127;0;9;7;193
20.04.2020 00:00:00;Scheibbs;320;41403;1;103;1;2,415284;0;0;3;88
20.04.2020 00:00:00;Tulln;321;103771;0;150;7;6,745623;0;5;2;105
20.04.2020 00:00:00;Waidhofen an der Thaya;322;25888;1;69;7;27,03955;0;0;1;18
20.04.2020 00:00:00;Wiener Neustadt(Land);323;77991;1;69;12;15,38639;0;4;1;35
20.04.2020 00:00:00;Zwettl;325;42222;1;69;5;11,84217;0;1;4;34
20.04.2020 00:00:00;Linz(Stadt);401;205726;0;298;4;1,944334;0;9;8;240
20.04.2020 00:00:00;Steyr(Stadt);402;38193;0;58;7;18,32797;0;1;3;36
20.04.2020 00:00:00;Wels(Stadt);403;61727;0;57;1;1,620037;0;0;1;52
20.04.2020 00:00:00;Braunau am Inn;404;104408;0;128;13;12,45115;0;2;7;64
20.04.2020 00:00:00;Eferding;405;33156;0;53;3;9,048136;0;4;2;32
20.04.2020 00:00:00;Freistadt;406;66621;2;115;12;18,01234;0;3;3;90
20.04.2020 00:00:00;Gmunden;407;101631;1;66;5;4,919759;0;1;0;56
20.04.2020 00:00:00;Grieskirchen;408;64721;0;74;8;12,36075;0;1;2;49
20.04.2020 00:00:00;Kirchdorf an der Krems;409;56866;2;42;3;5,27556;0;1;2;32
20.04.2020 00:00:00;Linz-Land;410;150273;1;200;4;2,661822;0;7;4;153
20.04.2020 00:00:00;Perg;411;68459;0;249;3;4,382185;0;1;0;216
20.04.2020 00:00:00;Ried im Innkreis;412;61204;0;44;2;3,26776;0;0;2;29
20.04.2020 00:00:00;Rohrbach;413;56524;0;145;6;10,61496;0;0;3;112
20.04.2020 00:00:00;Schärding;414;57307;0;56;1;1,744987;0;1;1;48
20.04.2020 00:00:00;Steyr-Land;415;60427;1;176;12;19,85867;0;5;1;110
20.04.2020 00:00:00;Urfahr-Umgebung;416;85505;1;279;5;5,847611;0;4;4;210
20.04.2020 00:00:00;Vöcklabruck;417;136253;0;107;1;0,7339288;0;4;3;92
20.04.2020 00:00:00;Wels-Land;418;73094;0;76;0;0;0;0;1;68
20.04.2020 00:00:00;Salzburg(Stadt);501;154211;0;134;3;1,945387;0;1;5;112
20.04.2020 00:00:00;Hallein;502;60374;0;67;1;1,656342;0;1;5;58
20.04.2020 00:00:00;Salzburg-Umgebung;503;152281;0;196;11;7,223488;0;7;2;144
20.04.2020 00:00:00;Sankt Johann im Pongau;504;80573;0;430;3;3,723332;0;12;0;336
20.04.2020 00:00:00;Tamsweg;505;20320;0;22;0;0;0;0;0;17
20.04.2020 00:00:00;Zell am See;506;87462;1;352;14;16,00695;0;7;7;315
20.04.2020 00:00:00;Graz(Stadt);601;288806;0;414;37;12,81137;1;30;9;212
20.04.2020 00:00:00;Deutschlandsberg;603;60821;1;45;5;8,220845;0;2;2;29
20.04.2020 00:00:00;Graz-Umgebung;606;154260;3;227;26;16,85466;2;28;2;92
20.04.2020 00:00:00;Leibnitz;610;82484;1;175;8;9,698851;0;4;8;153
20.04.2020 00:00:00;Leoben;611;60060;0;24;0;0;0;3;0;19
20.04.2020 00:00:00;Liezen;612;79901;0;85;4;5,006195;0;1;0;48
20.04.2020 00:00:00;Murau;614;27659;0;5;0;0;0;0;0;5
20.04.2020 00:00:00;Voitsberg;616;51161;0;96;1;1,954614;0;4;7;66
20.04.2020 00:00:00;Weiz;617;90343;0;154;10;11,06893;0;8;3;74
20.04.2020 00:00:00;Murtal;620;72004;0;31;0;0;0;1;3;22
20.04.2020 00:00:00;Bruck-Mürzzuschlag;621;98984;0;51;2;2,020529;0;3;0;30
20.04.2020 00:00:00;Hartberg-Fürstenfeld;622;90622;2;303;15;16,55227;0;33;6;106
20.04.2020 00:00:00;Südoststeiermark;623;85947;3;55;9;10,47157;0;1;0;31
20.04.2020 00:00:00;Innsbruck-Stadt;701;132110;1;388;6;4,54167;0;6;4;353
20.04.2020 00:00:00;Imst;702;60056;0;283;9;14,98601;1;6;1;197
20.04.2020 00:00:00;Innsbruck-Land;703;179318;0;378;6;3,346011;1;11;7;324
20.04.2020 00:00:00;Kitzbühel;704;63881;0;357;12;18,78493;0;9;15;299
20.04.2020 00:00:00;Kufstein;705;109682;1;507;20;18,23453;1;33;10;394
20.04.2020 00:00:00;Landeck;706;44362;1;970;18;40,57527;0;15;94;786
20.04.2020 00:00:00;Lienz;707;48753;0;147;7;14,35809;1;6;4;117
20.04.2020 00:00:00;Reutte;708;32670;0;56;2;6,121824;0;1;1;37
20.04.2020 00:00:00;Schwaz;709;83873;1;340;13;15,49962;0;11;2;267
20.04.2020 00:00:00;Bludenz;801;63714;1;251;6;9,417083;0;3;3;222
20.04.2020 00:00:00;Bregenz;802;134383;0;260;3;2,232425;0;7;3;220
20.04.2020 00:00:00;Dornbirn;803;89041;3;151;12;13,47694;0;3;1;116
20.04.2020 00:00:00;Feldkirch;804;107159;1;211;7;6,532349;0;1;3;185
20.04.2020 00:00:00;Wien;900;1897491;14;2226;205;10,80374;2;134;47;1560
21.04.2020 00:00:00;Eisenstadt(Stadt);101;14637;0;16;1;6,832001;0;0;0;14
21.04.2020 00:00:00;Rust(Stadt);102;1940;0;0;0;0;0;0;0;0
21.04.2020 00:00:00;Eisenstadt-Umgebung;103;42927;0;23;1;2,329536;0;1;2;21
21.04.2020 00:00:00;Güssing;104;25797;0;23;2;7,75284;0;0;1;18
21.04.2020 00:00:00;Jennersdorf;105;17066;0;9;1;5,859604;0;0;0;8
21.04.2020 00:00:00;Mattersburg;106;39925;2;44;7;17,53288;0;1;0;29
21.04.2020 00:00:00;Neusiedl am See;107;59552;0;55;4;6,716819;0;2;1;39
21.04.2020 00:00:00;Oberpullendorf;108;37513;0;23;2;5,331485;0;1;0;15
21.04.2020 00:00:00;Oberwart;109;54076;1;121;20;36,98499;0;2;4;71
21.04.2020 00:00:00;Klagenfurt Stadt;201;100817;0;87;0;0;0;2;5;58
21.04.2020 00:00:00;Villach Stadt;202;62243;0;20;0;0;0;0;0;19
21.04.2020 00:00:00;Hermagor;203;18224;0;5;0;0;0;0;0;4
21.04.2020 00:00:00;Klagenfurt Land;204;59800;0;42;1;1,672241;0;2;1;36
21.04.2020 00:00:00;Sankt Veit an der Glan;205;54555;0;52;2;3,666025;0;0;2;31
21.04.2020 00:00:00;Spittal an der Drau;206;76091;0;41;2;2,628432;0;1;0;31
21.04.2020 00:00:00;Villach Land;207;64668;0;48;1;1,54636;0;2;1;36
21.04.2020 00:00:00;Völkermarkt;208;41878;0;53;0;0;0;4;2;40
21.04.2020 00:00:00;Wolfsberg;209;52726;0;43;0;0;0;1;0;33
21.04.2020 00:00:00;Feldkirchen;210;29937;0;15;0;0;0;0;1;15
21.04.2020 00:00:00;Krems an der Donau(Stadt);301;24876;0;36;2;8,039878;0;3;0;28
21.04.2020 00:00:00;Sankt Pölten(Stadt);302;55044;0;84;3;5,450185;0;1;2;69
21.04.2020 00:00:00;Waidhofen an der Ybbs(Stadt);303;11261;0;23;0;0;0;3;1;16
21.04.2020 00:00:00;Wiener Neustadt(Stadt);304;45277;0;40;3;6,625881;0;0;1;30
21.04.2020 00:00:00;Amstetten;305;116114;0;290;14;12,05712;0;15;10;206
21.04.2020 00:00:00;Baden;306;146203;1;140;13;8,891747;0;3;3;106
21.04.2020 00:00:00;Bruck an der Leitha;307;102010;0;79;7;6,862072;0;4;3;52
21.04.2020 00:00:00;Gänserndorf;308;103686;0;85;6;5,786702;0;1;4;68
21.04.2020 00:00:00;Gmünd;309;36773;0;14;1;2,719387;0;0;0;7
21.04.2020 00:00:00;Hollabrunn;310;50858;0;30;2;3,932518;0;0;2;24
21.04.2020 00:00:00;Horn;311;31090;1;45;4;12,86587;0;4;3;26
21.04.2020 00:00:00;Korneuburg;312;90889;0;156;8;8,801946;0;5;2;120
21.04.2020 00:00:00;Krems(Land);313;56596;5;145;7;12,36837;0;8;5;110
21.04.2020 00:00:00;Lilienfeld;314;25812;0;41;0;0;0;4;2;31
21.04.2020 00:00:00;Melk;315;77962;1;170;11;14,10944;0;4;1;107
21.04.2020 00:00:00;Mistelbach;316;75483;0;124;6;7,94881;0;4;2;93
21.04.2020 00:00:00;Mödling;317;118998;0;170;8;6,722802;0;6;6;136
21.04.2020 00:00:00;Neunkirchen;318;86291;1;183;8;9,270955;0;3;4;158
21.04.2020 00:00:00;Sankt Pölten(Land);319;131044;3;259;14;10,68343;1;10;7;200
21.04.2020 00:00:00;Scheibbs;320;41403;0;103;1;2,415284;0;0;2;90
21.04.2020 00:00:00;Tulln;321;103771;0;150;4;3,854641;0;5;1;106
21.04.2020 00:00:00;Waidhofen an der Thaya;322;25888;1;70;7;27,03955;0;0;0;18
21.04.2020 00:00:00;Wiener Neustadt(Land);323;77991;1;70;12;15,38639;0;4;2;37
21.04.2020 00:00:00;Zwettl;325;42222;0;69;3;7,1053;0;1;1;35
21.04.2020 00:00:00;Linz(Stadt);401;205726;0;298;3;1,45825;0;9;7;247
21.04.2020 00:00:00;Steyr(Stadt);402;38193;1;59;8;20,94625;0;1;0;36
21.04.2020 00:00:00;Wels(Stadt);403;61727;0;57;1;1,620037;0;0;2;54
21.04.2020 00:00:00;Braunau am Inn;404;104408;0;128;12;11,49337;0;2;2;66
21.04.2020 00:00:00;Eferding;405;33156;0;53;3;9,048136;0;4;3;35
21.04.2020 00:00:00;Freistadt;406;66621;1;116;12;18,01234;0;3;0;90
21.04.2020 00:00:00;Gmunden;407;101631;0;66;4;3,935807;0;1;0;56
21.04.2020 00:00:00;Grieskirchen;408;64721;0;74;5;7,725468;0;1;3;52
21.04.2020 00:00:00;Kirchdorf an der Krems;409;56866;0;42;3;5,27556;0;1;0;32
21.04.2020 00:00:00;Linz-Land;410;150273;1;201;5;3,327278;2;9;5;158
21.04.2020 00:00:00;Perg;411;68459;0;249;2;2,921457;0;1;4;220
21.04.2020 00:00:00;Ried im Innkreis;412;61204;0;44;1;1,63388;0;0;2;31
21.04.2020 00:00:00;Rohrbach;413;56524;0;145;5;8,8458;0;0;4;116
21.04.2020 00:00:00;Schärding;414;57307;0;56;0;0;0;1;3;51
21.04.2020 00:00:00;Steyr-Land;415;60427;1;177;12;19,85867;1;6;13;123
21.04.2020 00:00:00;Urfahr-Umgebung;416;85505;0;279;5;5,847611;0;4;6;216
21.04.2020 00:00:00;Vöcklabruck;417;136253;0;107;1;0,7339288;0;4;2;94
21.04.2020 00:00:00;Wels-Land;418;73094;0;76;0;0;0;0;1;69
21.04.2020 00:00:00;Salzburg(Stadt);501;154211;0;134;1;0,6484622;0;1;3;115
21.04.2020 00:00:00;Hallein;502;60374;0;67;1;1,656342;0;1;0;58
21.04.2020 00:00:00;Salzburg-Umgebung;503;152281;0;196;11;7,223488;1;8;4;148
21.04.2020 00:00:00;Sankt Johann im Pongau;504;80573;0;430;3;3,723332;2;14;9;345
21.04.2020 00:00:00;Tamsweg;505;20320;0;22;0;0;0;0;3;20
21.04.2020 00:00:00;Zell am See;506;87462;2;354;15;17,1503;0;7;1;316
21.04.2020 00:00:00;Graz(Stadt);601;288806;1;415;26;9,002584;1;31;10;222
21.04.2020 00:00:00;Deutschlandsberg;603;60821;0;45;5;8,220845;0;2;0;29
21.04.2020 00:00:00;Graz-Umgebung;606;154260;1;228;24;15,55815;0;28;6;98
21.04.2020 00:00:00;Leibnitz;610;82484;0;175;7;8,486494;0;4;1;154
21.04.2020 00:00:00;Leoben;611;60060;0;24;0;0;0;3;0;19
21.04.2020 00:00:00;Liezen;612;79901;1;86;5;6,257744;0;1;6;54
21.04.2020 00:00:00;Murau;614;27659;0;5;0;0;0;0;0;5
21.04.2020 00:00:00;Voitsberg;616;51161;1;97;2;3,909228;0;4;0;66
21.04.2020 00:00:00;Weiz;617;90343;0;154;7;7,748249;0;8;7;81
21.04.2020 00:00:00;Murtal;620;72004;0;31;0;0;0;1;0;22
21.04.2020 00:00:00;Bruck-Mürzzuschlag;621;98984;0;51;2;2,020529;0;3;0;30
21.04.2020 00:00:00;Hartberg-Fürstenfeld;622;90622;2;305;17;18,75924;0;33;9;115
21.04.2020 00:00:00;Südoststeiermark;623;85947;0;55;9;10,47157;0;1;1;32
21.04.2020 00:00:00;Innsbruck-Stadt;701;132110;3;391;9;6,812505;0;6;2;355
21.04.2020 00:00:00;Imst;702;60056;0;283;9;14,98601;0;6;10;207
21.04.2020 00:00:00;Innsbruck-Land;703;179318;2;380;8;4,461348;0;11;6;330
21.04.2020 00:00:00;Kitzbühel;704;63881;0;357;9;14,0887;1;10;11;310
21.04.2020 00:00:00;Kufstein;705;109682;1;508;19;17,32281;0;33;4;398
21.04.2020 00:00:00;Landeck;706;44362;3;973;18;40,57527;0;15;126;912
21.04.2020 00:00:00;Lienz;707;48753;0;147;5;10,25578;0;6;0;117
21.04.2020 00:00:00;Reutte;708;32670;0;56;1;3,060912;0;1;2;39
21.04.2020 00:00:00;Schwaz;709;83873;1;341;10;11,92279;0;11;9;276
21.04.2020 00:00:00;Bludenz;801;63714;2;253;8;12,55611;0;3;3;225
21.04.2020 00:00:00;Bregenz;802;134383;0;260;3;2,232425;0;7;5;225
21.04.2020 00:00:00;Dornbirn;803;89041;0;151;11;12,35386;0;3;2;118
21.04.2020 00:00:00;Feldkirch;804;107159;0;211;7;6,532349;0;1;0;185
21.04.2020 00:00:00;Wien;900;1897491;30;2256;216;11,38345;9;143;47;1607
22.04.2020 00:00:00;Eisenstadt(Stadt);101;14637;0;16;1;6,832001;0;0;1;15
22.04.2020 00:00:00;Rust(Stadt);102;1940;0;0;0;0;0;0;0;0
22.04.2020 00:00:00;Eisenstadt-Umgebung;103;42927;0;23;1;2,329536;0;1;1;22
22.04.2020 00:00:00;Güssing;104;25797;0;23;1;3,87642;0;0;2;20
22.04.2020 00:00:00;Jennersdorf;105;17066;0;9;0;0;0;0;0;8
22.04.2020 00:00:00;Mattersburg;106;39925;1;45;8;20,03757;0;1;1;30
22.04.2020 00:00:00;Neusiedl am See;107;59552;0;55;4;6,716819;0;2;1;40
22.04.2020 00:00:00;Oberpullendorf;108;37513;0;23;2;5,331485;0;1;0;15
22.04.2020 00:00:00;Oberwart;109;54076;2;123;19;35,13573;1;3;0;71
22.04.2020 00:00:00;Klagenfurt Stadt;201;100817;0;87;0;0;0;2;3;61
22.04.2020 00:00:00;Villach Stadt;202;62243;0;20;0;0;0;0;0;19
22.04.2020 00:00:00;Hermagor;203;18224;0;5;0;0;0;0;1;5
22.04.2020 00:00:00;Klagenfurt Land;204;59800;0;42;0;0;0;2;1;37
22.04.2020 00:00:00;Sankt Veit an der Glan;205;54555;0;52;1;1,833013;0;0;1;32
22.04.2020 00:00:00;Spittal an der Drau;206;76091;0;41;2;2,628432;0;1;2;33
22.04.2020 00:00:00;Villach Land;207;64668;0;48;1;1,54636;0;2;5;41
22.04.2020 00:00:00;Völkermarkt;208;41878;0;53;0;0;0;4;4;44
22.04.2020 00:00:00;Wolfsberg;209;52726;0;43;0;0;0;1;1;34
22.04.2020 00:00:00;Feldkirchen;210;29937;0;15;0;0;0;0;0;15
22.04.2020 00:00:00;Krems an der Donau(Stadt);301;24876;1;37;3;12,05982;0;3;0;28
22.04.2020 00:00:00;Sankt Pölten(Stadt);302;55044;1;85;3;5,450185;1;2;0;69
22.04.2020 00:00:00;Waidhofen an der Ybbs(Stadt);303;11261;0;23;0;0;0;3;0;16
22.04.2020 00:00:00;Wiener Neustadt(Stadt);304;45277;0;40;1;2,208627;0;0;1;31
22.04.2020 00:00:00;Amstetten;305;116114;1;291;12;10,33467;0;15;2;208
22.04.2020 00:00:00;Baden;306;146203;1;141;10;6,839805;0;3;4;110
22.04.2020 00:00:00;Bruck an der Leitha;307;102010;1;80;3;2,940888;0;4;4;56
22.04.2020 00:00:00;Gänserndorf;308;103686;2;87;8;7,715603;0;1;1;69
22.04.2020 00:00:00;Gmünd;309;36773;0;14;1;2,719387;0;0;1;8
22.04.2020 00:00:00;Hollabrunn;310;50858;0;30;2;3,932518;0;0;0;24
22.04.2020 00:00:00;Horn;311;31090;1;46;4;12,86587;0;4;1;27
22.04.2020 00:00:00;Korneuburg;312;90889;0;156;7;7,701702;0;5;1;121
22.04.2020 00:00:00;Krems(Land);313;56596;2;147;9;15,90218;0;8;2;112
22.04.2020 00:00:00;Lilienfeld;314;25812;0;41;0;0;0;4;3;34
22.04.2020 00:00:00;Melk;315;77962;0;170;9;11,54409;0;4;7;114
22.04.2020 00:00:00;Mistelbach;316;75483;3;127;9;11,92321;0;4;2;95
22.04.2020 00:00:00;Mödling;317;118998;1;171;5;4,201751;0;6;2;138
22.04.2020 00:00:00;Neunkirchen;318;86291;0;183;5;5,794347;0;3;1;159
22.04.2020 00:00:00;Sankt Pölten(Land);319;131044;1;260;13;9,920332;0;10;6;206
22.04.2020 00:00:00;Scheibbs;320;41403;0;103;1;2,415284;0;0;2;92
22.04.2020 00:00:00;Tulln;321;103771;2;152;6;5,781962;0;5;1;107
22.04.2020 00:00:00;Waidhofen an der Thaya;322;25888;1;71;6;23,17676;0;0;3;21
22.04.2020 00:00:00;Wiener Neustadt(Land);323;77991;0;70;8;10,25759;1;5;3;40
22.04.2020 00:00:00;Zwettl;325;42222;1;70;3;7,1053;0;1;2;37
22.04.2020 00:00:00;Linz(Stadt);401;205726;0;298;3;1,45825;0;9;2;249
22.04.2020 00:00:00;Steyr(Stadt);402;38193;1;60;9;23,56453;0;1;3;39
22.04.2020 00:00:00;Wels(Stadt);403;61727;0;57;1;1,620037;0;0;0;54
22.04.2020 00:00:00;Braunau am Inn;404;104408;1;129;11;10,53559;1;3;3;69
22.04.2020 00:00:00;Eferding;405;33156;0;53;3;9,048136;0;4;2;37
22.04.2020 00:00:00;Freistadt;406;66621;0;116;10;15,01028;0;3;4;94
22.04.2020 00:00:00;Gmunden;407;101631;1;67;5;4,919759;0;1;2;58
22.04.2020 00:00:00;Grieskirchen;408;64721;0;74;5;7,725468;0;1;1;53
22.04.2020 00:00:00;Kirchdorf an der Krems;409;56866;0;42;3;5,27556;0;1;0;32
22.04.2020 00:00:00;Linz-Land;410;150273;0;201;5;3,327278;0;9;1;159
22.04.2020 00:00:00;Perg;411;68459;0;249;1;1,460728;0;1;4;224
22.04.2020 00:00:00;Ried im Innkreis;412;61204;0;44;1;1,63388;0;0;1;32
22.04.2020 00:00:00;Rohrbach;413;56524;0;145;3;5,30748;0;0;3;119
22.04.2020 00:00:00;Schärding;414;57307;1;57;1;1,744987;0;1;0;51
22.04.2020 00:00:00;Steyr-Land;415;60427;0;177;9;14,894;1;7;2;125
22.04.2020 00:00:00;Urfahr-Umgebung;416;85505;0;279;1;1,169522;0;4;6;222
22.04.2020 00:00:00;Vöcklabruck;417;136253;0;107;1;0,7339288;0;4;2;96
22.04.2020 00:00:00;Wels-Land;418;73094;0;76;0;0;0;0;4;73
22.04.2020 00:00:00;Salzburg(Stadt);501;154211;0;134;0;0;0;1;2;117
22.04.2020 00:00:00;Hallein;502;60374;0;67;1;1,656342;0;1;0;58
22.04.2020 00:00:00;Salzburg-Umgebung;503;152281;0;196;11;7,223488;0;8;2;150
22.04.2020 00:00:00;Sankt Johann im Pongau;504;80573;0;430;3;3,723332;0;14;14;359
22.04.2020 00:00:00;Tamsweg;505;20320;0;22;0;0;0;0;0;20
22.04.2020 00:00:00;Zell am See;506;87462;0;354;13;14,8636;0;7;4;320
22.04.2020 00:00:00;Graz(Stadt);601;288806;7;422;30;10,3876;0;31;6;228
22.04.2020 00:00:00;Deutschlandsberg;603;60821;1;46;2;3,288338;0;2;0;29
22.04.2020 00:00:00;Graz-Umgebung;606;154260;3;231;21;13,61338;1;29;1;99
22.04.2020 00:00:00;Leibnitz;610;82484;3;178;9;10,91121;0;4;1;155
22.04.2020 00:00:00;Leoben;611;60060;0;24;0;0;0;3;1;20
22.04.2020 00:00:00;Liezen;612;79901;0;86;4;5,006195;0;1;0;54
22.04.2020 00:00:00;Murau;614;27659;0;5;0;0;0;0;0;5
22.04.2020 00:00:00;Voitsberg;616;51161;1;98;3;5,863842;0;4;2;68
22.04.2020 00:00:00;Weiz;617;90343;0;154;5;5,534463;0;8;0;81
22.04.2020 00:00:00;Murtal;620;72004;0;31;0;0;0;1;3;25
22.04.2020 00:00:00;Bruck-Mürzzuschlag;621;98984;0;51;1;1,010264;0;3;1;31
22.04.2020 00:00:00;Hartberg-Fürstenfeld;622;90622;0;305;15;16,55227;1;34;10;125
22.04.2020 00:00:00;Südoststeiermark;623;85947;1;56;10;11,63508;0;1;6;38
22.04.2020 00:00:00;Innsbruck-Stadt;701;132110;1;392;9;6,812505;0;6;0;355
22.04.2020 00:00:00;Imst;702;60056;0;283;8;13,3209;0;6;5;212
22.04.2020 00:00:00;Innsbruck-Land;703;179318;3;383;9;5,019016;2;13;8;338
22.04.2020 00:00:00;Kitzbühel;704;63881;0;357;5;7,827054;1;11;3;313
22.04.2020 00:00:00;Kufstein;705;109682;1;509;20;18,23453;0;33;14;412
22.04.2020 00:00:00;Landeck;706;44362;4;977;21;47,33781;0;15;5;917
22.04.2020 00:00:00;Lienz;707;48753;0;147;4;8,204623;0;6;0;117
22.04.2020 00:00:00;Reutte;708;32670;0;56;1;3,060912;0;1;1;40
22.04.2020 00:00:00;Schwaz;709;83873;0;341;7;8,345952;0;11;4;280
22.04.2020 00:00:00;Bludenz;801;63714;0;253;4;6,278055;0;3;1;226
22.04.2020 00:00:00;Bregenz;802;134383;0;260;3;2,232425;0;7;2;227
22.04.2020 00:00:00;Dornbirn;803;89041;0;151;9;10,1077;0;3;0;118
22.04.2020 00:00:00;Feldkirch;804;107159;0;211;4;3,732771;0;1;1;186
22.04.2020 00:00:00;Wien;900;1897491;24;2280;191;10,06592;2;145;45;1652
23.04.2020 00:00:00;Eisenstadt(Stadt);101;14637;0;16;1;6,832001;0;0;0;15
23.04.2020 00:00:00;Rust(Stadt);102;1940;0;0;0;0;0;0;0;0
23.04.2020 00:00:00;Eisenstadt-Umgebung;103;42927;0;23;1;2,329536;0;1;0;22
23.04.2020 00:00:00;Güssing;104;25797;0;23;1;3,87642;0;0;0;20
23.04.2020 00:00:00;Jennersdorf;105;17066;0;9;0;0;0;0;0;8
23.04.2020 00:00:00;Mattersburg;106;39925;0;45;8;20,03757;0;1;0;30
23.04.2020 00:00:00;Neusiedl am See;107;59552;0;55;4;6,716819;1;3;1;41
23.04.2020 00:00:00;Oberpullendorf;108;37513;0;23;2;5,331485;0;1;0;15
23.04.2020 00:00:00;Oberwart;109;54076;1;124;19;35,13573;0;3;3;74
23.04.2020 00:00:00;Klagenfurt Stadt;201;100817;0;87;0;0;0;2;8;69
23.04.2020 00:00:00;Villach Stadt;202;62243;0;20;0;0;0;0;0;19
23.04.2020 00:00:00;Hermagor;203;18224;0;5;0;0;0;0;0;5
23.04.2020 00:00:00;Klagenfurt Land;204;59800;0;42;0;0;0;2;0;37
23.04.2020 00:00:00;Sankt Veit an der Glan;205;54555;0;52;1;1,833013;0;0;1;33
23.04.2020 00:00:00;Spittal an der Drau;206;76091;0;41;2;2,628432;0;1;1;34
23.04.2020 00:00:00;Villach Land;207;64668;0;48;0;0;0;2;2;43
23.04.2020 00:00:00;Völkermarkt;208;41878;0;53;0;0;0;4;0;44
23.04.2020 00:00:00;Wolfsberg;209;52726;0;43;0;0;0;1;3;37
23.04.2020 00:00:00;Feldkirchen;210;29937;0;15;0;0;0;0;0;15
23.04.2020 00:00:00;Krems an der Donau(Stadt);301;24876;1;38;4;16,07976;0;3;0;28
23.04.2020 00:00:00;Sankt Pölten(Stadt);302;55044;0;85;3;5,450185;0;2;2;71
23.04.2020 00:00:00;Waidhofen an der Ybbs(Stadt);303;11261;0;23;0;0;0;3;0;16
23.04.2020 00:00:00;Wiener Neustadt(Stadt);304;45277;0;40;1;2,208627;0;0;0;31
23.04.2020 00:00:00;Amstetten;305;116114;1;292;10;8,612226;0;15;4;212
23.04.2020 00:00:00;Baden;306;146203;0;141;8;5,471844;0;3;6;116
23.04.2020 00:00:00;Bruck an der Leitha;307;102010;0;80;3;2,940888;0;4;2;58
23.04.2020 00:00:00;Gänserndorf;308;103686;2;89;7;6,751153;0;1;0;69
23.04.2020 00:00:00;Gmünd;309;36773;0;14;1;2,719387;0;0;0;8
23.04.2020 00:00:00;Hollabrunn;310;50858;0;30;1;1,966259;0;0;1;25
23.04.2020 00:00:00;Horn;311;31090;0;46;3;9,649405;0;4;1;28
23.04.2020 00:00:00;Korneuburg;312;90889;0;156;4;4,400973;0;5;1;122
23.04.2020 00:00:00;Krems(Land);313;56596;0;147;9;15,90218;0;8;2;114
23.04.2020 00:00:00;Lilienfeld;314;25812;0;41;0;0;0;4;1;35
23.04.2020 00:00:00;Melk;315;77962;0;170;4;5,130705;0;4;8;122
23.04.2020 00:00:00;Mistelbach;316;75483;1;128;8;10,59841;0;4;4;99
23.04.2020 00:00:00;Mödling;317;118998;0;171;4;3,361401;0;6;4;142
23.04.2020 00:00:00;Neunkirchen;318;86291;0;183;3;3,476608;0;3;2;161
23.04.2020 00:00:00;Sankt Pölten(Land);319;131044;1;261;10;7,631025;1;11;6;212
23.04.2020 00:00:00;Scheibbs;320;41403;0;103;1;2,415284;0;0;0;92
23.04.2020 00:00:00;Tulln;321;103771;1;153;7;6,745623;0;5;1;108
23.04.2020 00:00:00;Waidhofen an der Thaya;322;25888;0;71;6;23,17676;0;0;3;24
23.04.2020 00:00:00;Wiener Neustadt(Land);323;77991;0;70;7;8,975394;0;5;0;40
23.04.2020 00:00:00;Zwettl;325;42222;0;70;3;7,1053;0;1;1;38
23.04.2020 00:00:00;Linz(Stadt);401;205726;1;299;3;1,45825;0;9;3;252
23.04.2020 00:00:00;Steyr(Stadt);402;38193;0;60;6;15,70969;0;1;2;41
23.04.2020 00:00:00;Wels(Stadt);403;61727;0;57;1;1,620037;0;0;1;55
23.04.2020 00:00:00;Braunau am Inn;404;104408;2;131;6;5,746686;0;3;4;73
23.04.2020 00:00:00;Eferding;405;33156;0;53;1;3,016045;0;4;0;37
23.04.2020 00:00:00;Freistadt;406;66621;1;117;11;16,51131;0;3;1;95
23.04.2020 00:00:00;Gmunden;407;101631;0;67;5;4,919759;0;1;1;59
23.04.2020 00:00:00;Grieskirchen;408;64721;0;74;3;4,635281;0;1;1;54
23.04.2020 00:00:00;Kirchdorf an der Krems;409;56866;0;42;2;3,51704;0;1;2;34
23.04.2020 00:00:00;Linz-Land;410;150273;0;201;4;2,661822;0;9;3;162
23.04.2020 00:00:00;Perg;411;68459;0;249;1;1,460728;1;2;1;225
23.04.2020 00:00:00;Ried im Innkreis;412;61204;1;45;2;3,26776;0;0;3;35
23.04.2020 00:00:00;Rohrbach;413;56524;3;148;5;8,8458;0;0;4;123
23.04.2020 00:00:00;Schärding;414;57307;0;57;1;1,744987;0;1;0;51
23.04.2020 00:00:00;Steyr-Land;415;60427;2;179;8;13,23911;0;7;5;130
23.04.2020 00:00:00;Urfahr-Umgebung;416;85505;0;279;1;1,169522;0;4;9;231
23.04.2020 00:00:00;Vöcklabruck;417;136253;1;108;1;0,7339288;0;4;0;96
23.04.2020 00:00:00;Wels-Land;418;73094;0;76;0;0;0;0;0;73
23.04.2020 00:00:00;Salzburg(Stadt);501;154211;0;134;0;0;0;1;4;121
23.04.2020 00:00:00;Hallein;502;60374;0;67;0;0;0;1;3;61
23.04.2020 00:00:00;Salzburg-Umgebung;503;152281;0;196;9;5,910127;0;8;3;153
23.04.2020 00:00:00;Sankt Johann im Pongau;504;80573;1;431;3;3,723332;0;14;10;369
23.04.2020 00:00:00;Tamsweg;505;20320;0;22;0;0;0;0;0;20
23.04.2020 00:00:00;Zell am See;506;87462;1;355;12;13,72024;0;7;2;322
23.04.2020 00:00:00;Graz(Stadt);601;288806;4;426;30;10,3876;0;31;4;232
23.04.2020 00:00:00;Deutschlandsberg;603;60821;0;46;2;3,288338;0;2;0;29
23.04.2020 00:00:00;Graz-Umgebung;606;154260;3;234;15;9,723843;1;30;8;107
23.04.2020 00:00:00;Leibnitz;610;82484;0;178;6;7,274138;0;4;3;158
23.04.2020 00:00:00;Leoben;611;60060;0;24;0;0;0;3;0;20
23.04.2020 00:00:00;Liezen;612;79901;1;87;5;6,257744;0;1;4;58
23.04.2020 00:00:00;Murau;614;27659;0;5;0;0;0;0;0;5
23.04.2020 00:00:00;Voitsberg;616;51161;0;98;3;5,863842;0;4;0;68
23.04.2020 00:00:00;Weiz;617;90343;0;154;5;5,534463;1;9;2;83
23.04.2020 00:00:00;Murtal;620;72004;0;31;0;0;0;1;1;26
23.04.2020 00:00:00;Bruck-Mürzzuschlag;621;98984;0;51;1;1,010264;0;3;2;33
23.04.2020 00:00:00;Hartberg-Fürstenfeld;622;90622;2;307;16;17,65576;0;34;3;128
23.04.2020 00:00:00;Südoststeiermark;623;85947;0;56;8;9,308062;0;1;0;38
23.04.2020 00:00:00;Innsbruck-Stadt;701;132110;0;392;8;6,05556;0;6;0;355
23.04.2020 00:00:00;Imst;702;60056;1;284;7;11,65579;0;6;6;218
23.04.2020 00:00:00;Innsbruck-Land;703;179318;0;383;9;5,019016;0;13;7;345
23.04.2020 00:00:00;Kitzbühel;704;63881;1;358;5;7,827054;0;11;4;317
23.04.2020 00:00:00;Kufstein;705;109682;0;509;11;10,02899;0;33;9;421
23.04.2020 00:00:00;Landeck;706;44362;3;980;17;38,32109;0;15;5;922
23.04.2020 00:00:00;Lienz;707;48753;0;147;3;6,153468;0;6;3;120
23.04.2020 00:00:00;Reutte;708;32670;0;56;0;0;0;1;2;42
23.04.2020 00:00:00;Schwaz;709;83873;0;341;7;8,345952;0;11;1;281
23.04.2020 00:00:00;Bludenz;801;63714;0;253;4;6,278055;0;3;2;228
23.04.2020 00:00:00;Bregenz;802;134383;0;260;2;1,488284;0;7;6;233
23.04.2020 00:00:00;Dornbirn;803;89041;1;152;8;8,984625;0;3;4;122
23.04.2020 00:00:00;Feldkirch;804;107159;0;211;2;1,866385;0;1;2;188
23.04.2020 00:00:00;Wien;900;1897491;23;2303;189;9,960522;1;146;42;1694
24.04.2020 00:00:00;Eisenstadt(Stadt);101;14637;0;16;1;6,832001;0;0;0;15
24.04.2020 00:00:00;Rust(Stadt);102;1940;0;0;0;0;0;0;0;0
24.04.2020 00:00:00;Eisenstadt-Umgebung;103;42927;0;23;0;0;0;1;0;22
24.04.2020 00:00:00;Güssing;104;25797;0;23;1;3,87642;0;0;0;20
24.04.2020 00:00:00;Jennersdorf;105;17066;0;9;0;0;0;0;0;8
24.04.2020 00:00:00;Mattersburg;106;39925;0;45;6;15,02818;0;1;0;30
24.04.2020 00:00:00;Neusiedl am See;107;59552;0;55;4;6,716819;0;3;0;41
24.04.2020 00:00:00;Oberpullendorf;108;37513;0;23;1;2,665743;0;1;0;15
24.04.2020 00:00:00;Oberwart;109;54076;1;125;16;29,58799;0;3;4;78
24.04.2020 00:00:00;Klagenfurt Stadt;201;100817;0;87;0;0;0;2;4;73
24.04.2020 00:00:00;Villach Stadt;202;62243;0;20;0;0;0;0;0;19
24.04.2020 00:00:00;Hermagor;203;18224;0;5;0;0;0;0;0;5
24.04.2020 00:00:00;Klagenfurt Land;204;59800;0;42;0;0;0;2;0;37
24.04.2020 00:00:00;Sankt Veit an der Glan;205;54555;0;52;1;1,833013;0;0;1;34
24.04.2020 00:00:00;Spittal an der Drau;206;76091;0;41;2;2,628432;0;1;1;35
24.04.2020 00:00:00;Villach Land;207;64668;0;48;0;0;0;2;0;43
24.04.2020 00:00:00;Völkermarkt;208;41878;0;53;0;0;0;4;0;44
24.04.2020 00:00:00;Wolfsberg;209;52726;0;43;0;0;0;1;0;37
24.04.2020 00:00:00;Feldkirchen;210;29937;0;15;0;0;0;0;0;15
24.04.2020 00:00:00;Krems an der Donau(Stadt);301;24876;0;38;4;16,07976;0;3;0;28
24.04.2020 00:00:00;Sankt Pölten(Stadt);302;55044;1;86;2;3,633457;0;2;0;71
24.04.2020 00:00:00;Waidhofen an der Ybbs(Stadt);303;11261;0;23;0;0;0;3;1;17
24.04.2020 00:00:00;Wiener Neustadt(Stadt);304;45277;0;40;1;2,208627;0;0;1;32
24.04.2020 00:00:00;Amstetten;305;116114;2;294;11;9,473449;0;15;13;225
24.04.2020 00:00:00;Baden;306;146203;0;141;7;4,787863;0;3;2;118
24.04.2020 00:00:00;Bruck an der Leitha;307;102010;0;80;3;2,940888;0;4;1;59
24.04.2020 00:00:00;Gänserndorf;308;103686;1;90;7;6,751153;0;1;0;69
24.04.2020 00:00:00;Gmünd;309;36773;0;14;0;0;0;0;1;9
24.04.2020 00:00:00;Hollabrunn;310;50858;0;30;1;1,966259;0;0;1;26
24.04.2020 00:00:00;Horn;311;31090;0;46;3;9,649405;0;4;2;30
24.04.2020 00:00:00;Korneuburg;312;90889;0;156;4;4,400973;0;5;2;124
24.04.2020 00:00:00;Krems(Land);313;56596;3;150;11;19,436;0;8;1;115
24.04.2020 00:00:00;Lilienfeld;314;25812;0;41;0;0;0;4;0;35
24.04.2020 00:00:00;Melk;315;77962;1;171;4;5,130705;0;4;7;129
24.04.2020 00:00:00;Mistelbach;316;75483;0;128;6;7,94881;1;5;5;104
24.04.2020 00:00:00;Mödling;317;118998;0;171;4;3,361401;1;7;0;142
24.04.2020 00:00:00;Neunkirchen;318;86291;0;183;2;2,317739;0;3;3;164
24.04.2020 00:00:00;Sankt Pölten(Land);319;131044;2;263;9;6,867922;0;11;5;217
24.04.2020 00:00:00;Scheibbs;320;41403;0;103;1;2,415284;0;0;1;93
24.04.2020 00:00:00;Tulln;321;103771;2;155;7;6,745623;0;5;1;109
24.04.2020 00:00:00;Waidhofen an der Thaya;322;25888;1;72;7;27,03955;0;0;15;39
24.04.2020 00:00:00;Wiener Neustadt(Land);323;77991;0;70;7;8,975394;0;5;2;42
24.04.2020 00:00:00;Zwettl;325;42222;1;71;4;9,473734;0;1;4;42
24.04.2020 00:00:00;Linz(Stadt);401;205726;1;300;4;1,944334;0;9;2;254
24.04.2020 00:00:00;Steyr(Stadt);402;38193;0;60;5;13,0914;1;2;1;42
24.04.2020 00:00:00;Wels(Stadt);403;61727;0;57;1;1,620037;0;0;1;56
24.04.2020 00:00:00;Braunau am Inn;404;104408;0;131;5;4,788905;0;3;7;80
24.04.2020 00:00:00;Eferding;405;33156;0;53;1;3,016045;0;4;2;39
24.04.2020 00:00:00;Freistadt;406;66621;1;118;10;15,01028;0;3;3;98
24.04.2020 00:00:00;Gmunden;407;101631;2;69;7;6,887662;0;1;0;59
24.04.2020 00:00:00;Grieskirchen;408;64721;0;74;3;4,635281;0;1;1;55
24.04.2020 00:00:00;Kirchdorf an der Krems;409;56866;0;42;2;3,51704;0;1;1;35
24.04.2020 00:00:00;Linz-Land;410;150273;1;202;5;3,327278;0;9;4;166
24.04.2020 00:00:00;Perg;411;68459;1;250;2;2,921457;0;2;1;226
24.04.2020 00:00:00;Ried im Innkreis;412;61204;0;45;1;1,63388;0;0;0;35
24.04.2020 00:00:00;Rohrbach;413;56524;0;148;5;8,8458;0;0;4;127
24.04.2020 00:00:00;Schärding;414;57307;0;57;1;1,744987;0;1;1;52
24.04.2020 00:00:00;Steyr-Land;415;60427;1;180;8;13,23911;0;7;2;132
24.04.2020 00:00:00;Urfahr-Umgebung;416;85505;0;279;1;1,169522;0;4;2;233
24.04.2020 00:00:00;Vöcklabruck;417;136253;0;108;1;0,7339288;0;4;2;98
24.04.2020 00:00:00;Wels-Land;418;73094;0;76;0;0;0;0;1;74
24.04.2020 00:00:00;Salzburg(Stadt);501;154211;1;135;1;0,6484622;0;1;0;121
24.04.2020 00:00:00;Hallein;502;60374;0;67;0;0;0;1;1;62
24.04.2020 00:00:00;Salzburg-Umgebung;503;152281;0;196;7;4,596765;0;8;1;154
24.04.2020 00:00:00;Sankt Johann im Pongau;504;80573;0;431;3;3,723332;0;14;3;372
24.04.2020 00:00:00;Tamsweg;505;20320;0;22;0;0;0;0;1;21
24.04.2020 00:00:00;Zell am See;506;87462;1;356;9;10,29018;0;7;3;325
24.04.2020 00:00:00;Graz(Stadt);601;288806;2;428;22;7,61757;2;33;18;250
24.04.2020 00:00:00;Deutschlandsberg;603;60821;0;46;2;3,288338;0;2;3;32
24.04.2020 00:00:00;Graz-Umgebung;606;154260;1;235;16;10,3721;0;30;1;108
24.04.2020 00:00:00;Leibnitz;610;82484;0;178;4;4,849425;0;4;2;160
24.04.2020 00:00:00;Leoben;611;60060;0;24;0;0;0;3;0;20
24.04.2020 00:00:00;Liezen;612;79901;1;88;5;6,257744;0;1;8;66
24.04.2020 00:00:00;Murau;614;27659;1;6;1;3,61546;0;0;0;5
24.04.2020 00:00:00;Voitsberg;616;51161;1;99;3;5,863842;0;4;1;69
24.04.2020 00:00:00;Weiz;617;90343;0;154;1;1,106893;0;9;2;85
24.04.2020 00:00:00;Murtal;620;72004;1;32;1;1,388812;0;1;0;26
24.04.2020 00:00:00;Bruck-Mürzzuschlag;621;98984;0;51;1;1,010264;0;3;3;36
24.04.2020 00:00:00;Hartberg-Fürstenfeld;622;90622;1;308;15;16,55227;0;34;31;159
24.04.2020 00:00:00;Südoststeiermark;623;85947;0;56;8;9,308062;0;1;2;40
24.04.2020 00:00:00;Innsbruck-Stadt;701;132110;5;397;13;9,840284;0;6;0;355
24.04.2020 00:00:00;Imst;702;60056;0;284;2;3,330225;0;6;4;222
24.04.2020 00:00:00;Innsbruck-Land;703;179318;0;383;5;2,788342;0;13;6;351
24.04.2020 00:00:00;Kitzbühel;704;63881;3;361;7;10,95788;0;11;12;329
24.04.2020 00:00:00;Kufstein;705;109682;3;512;10;9,117267;0;33;0;421
24.04.2020 00:00:00;Landeck;706;44362;3;983;17;38,32109;0;15;2;924
24.04.2020 00:00:00;Lienz;707;48753;1;148;1;2,051156;0;6;0;120
24.04.2020 00:00:00;Reutte;708;32670;0;56;0;0;0;1;0;42
24.04.2020 00:00:00;Schwaz;709;83873;1;342;6;7,153673;0;11;4;285
24.04.2020 00:00:00;Bludenz;801;63714;0;253;3;4,708541;0;3;1;229
24.04.2020 00:00:00;Bregenz;802;134383;0;260;1;0,7441418;0;7;1;234
24.04.2020 00:00:00;Dornbirn;803;89041;0;152;8;8,984625;0;3;3;125
24.04.2020 00:00:00;Feldkirch;804;107159;0;211;2;1,866385;0;1;1;189
24.04.2020 00:00:00;Wien;900;1897491;31;2334;188;9,907821;1;147;37;1731
25.04.2020 00:00:00;Eisenstadt(Stadt);101;14637;0;16;1;6,832001;0;0;0;15
25.04.2020 00:00:00;Rust(Stadt);102;1940;0;0;0;0;0;0;0;0
25.04.2020 00:00:00;Eisenstadt-Umgebung;103;42927;0;23;0;0;0;1;0;22
25.04.2020 00:00:00;Güssing;104;25797;0;23;1;3,87642;0;0;0;20
25.04.2020 00:00:00;Jennersdorf;105;17066;0;9;0;0;0;0;0;8
25.04.2020 00:00:00;Mattersburg;106;39925;0;45;3;7,514089;0;1;0;30
25.04.2020 00:00:00;Neusiedl am See;107;59552;0;55;2;3,358409;1;4;1;42
25.04.2020 00:00:00;Oberpullendorf;108;37513;0;23;1;2,665743;0;1;1;16
25.04.2020 00:00:00;Oberwart;109;54076;1;126;14;25,88949;0;3;0;78
25.04.2020 00:00:00;Klagenfurt Stadt;201;100817;2;89;2;1,983792;0;2;1;74
25.04.2020 00:00:00;Villach Stadt;202;62243;0;20;0;0;0;0;0;19
25.04.2020 00:00:00;Hermagor;203;18224;0;5;0;0;0;0;0;5
25.04.2020 00:00:00;Klagenfurt Land;204;59800;0;42;0;0;0;2;0;37
25.04.2020 00:00:00;Sankt Veit an der Glan;205;54555;0;52;0;0;0;0;7;41
25.04.2020 00:00:00;Spittal an der Drau;206;76091;0;41;2;2,628432;0;1;0;35
25.04.2020 00:00:00;Villach Land;207;64668;0;48;0;0;0;2;3;46
25.04.2020 00:00:00;Völkermarkt;208;41878;0;53;0;0;0;4;0;44
25.04.2020 00:00:00;Wolfsberg;209;52726;0;43;0;0;0;1;1;38
25.04.2020 00:00:00;Feldkirchen;210;29937;0;15;0;0;0;0;0;15
25.04.2020 00:00:00;Krems an der Donau(Stadt);301;24876;0;38;3;12,05982;0;3;0;28
25.04.2020 00:00:00;Sankt Pölten(Stadt);302;55044;1;87;3;5,450185;0;2;1;72
25.04.2020 00:00:00;Waidhofen an der Ybbs(Stadt);303;11261;0;23;0;0;0;3;0;17
25.04.2020 00:00:00;Wiener Neustadt(Stadt);304;45277;0;40;0;0;0;0;0;32
25.04.2020 00:00:00;Amstetten;305;116114;0;294;8;6,889781;0;15;2;227
25.04.2020 00:00:00;Baden;306;146203;0;141;5;3,419903;1;4;2;120
25.04.2020 00:00:00;Bruck an der Leitha;307;102010;0;80;2;1,960592;0;4;3;62
25.04.2020 00:00:00;Gänserndorf;308;103686;0;90;7;6,751153;1;2;2;71
25.04.2020 00:00:00;Gmünd;309;36773;0;14;0;0;0;0;1;10
25.04.2020 00:00:00;Hollabrunn;310;50858;0;30;0;0;0;0;0;26
25.04.2020 00:00:00;Horn;311;31090;1;47;4;12,86587;0;4;0;30
25.04.2020 00:00:00;Korneuburg;312;90889;0;156;3;3,30073;0;5;2;126
25.04.2020 00:00:00;Krems(Land);313;56596;0;150;11;19,436;0;8;3;118
25.04.2020 00:00:00;Lilienfeld;314;25812;0;41;0;0;0;4;0;35
25.04.2020 00:00:00;Melk;315;77962;0;171;3;3,848028;0;4;4;133
25.04.2020 00:00:00;Mistelbach;316;75483;2;130;6;7,94881;0;5;1;105
25.04.2020 00:00:00;Mödling;317;118998;0;171;3;2,521051;0;7;2;144
25.04.2020 00:00:00;Neunkirchen;318;86291;0;183;2;2,317739;0;3;3;167
25.04.2020 00:00:00;Sankt Pölten(Land);319;131044;1;264;10;7,631025;0;11;0;217
25.04.2020 00:00:00;Scheibbs;320;41403;0;103;1;2,415284;0;0;1;94
25.04.2020 00:00:00;Tulln;321;103771;0;155;5;4,818302;0;5;2;111
25.04.2020 00:00:00;Waidhofen an der Thaya;322;25888;0;72;4;15,45117;0;0;5;44
25.04.2020 00:00:00;Wiener Neustadt(Land);323;77991;0;70;5;6,410996;1;6;0;42
25.04.2020 00:00:00;Zwettl;325;42222;1;72;5;11,84217;0;1;0;42
25.04.2020 00:00:00;Linz(Stadt);401;205726;0;300;3;1,45825;0;9;5;259
25.04.2020 00:00:00;Steyr(Stadt);402;38193;0;60;3;7,854843;0;2;2;44
25.04.2020 00:00:00;Wels(Stadt);403;61727;0;57;0;0;0;0;0;56
25.04.2020 00:00:00;Braunau am Inn;404;104408;0;131;4;3,831124;0;3;2;82
25.04.2020 00:00:00;Eferding;405;33156;0;53;0;0;0;4;0;39
25.04.2020 00:00:00;Freistadt;406;66621;0;118;6;9,006169;0;3;0;98
25.04.2020 00:00:00;Gmunden;407;101631;0;69;6;5,90371;0;1;0;59
25.04.2020 00:00:00;Grieskirchen;408;64721;0;74;0;0;0;1;1;56
25.04.2020 00:00:00;Kirchdorf an der Krems;409;56866;0;42;2;3,51704;0;1;0;35
25.04.2020 00:00:00;Linz-Land;410;150273;0;202;3;1,996367;0;9;0;166
25.04.2020 00:00:00;Perg;411;68459;0;250;1;1,460728;0;2;1;227
25.04.2020 00:00:00;Ried im Innkreis;412;61204;0;45;1;1,63388;0;0;0;35
25.04.2020 00:00:00;Rohrbach;413;56524;1;149;4;7,07664;0;0;2;129
25.04.2020 00:00:00;Schärding;414;57307;0;57;1;1,744987;0;1;0;52
25.04.2020 00:00:00;Steyr-Land;415;60427;0;180;8;13,23911;0;7;2;134
25.04.2020 00:00:00;Urfahr-Umgebung;416;85505;0;279;1;1,169522;1;5;4;237
25.04.2020 00:00:00;Vöcklabruck;417;136253;0;108;1;0,7339288;0;4;0;98
25.04.2020 00:00:00;Wels-Land;418;73094;0;76;0;0;0;0;0;74
25.04.2020 00:00:00;Salzburg(Stadt);501;154211;0;135;1;0,6484622;0;1;3;124
25.04.2020 00:00:00;Hallein;502;60374;0;67;0;0;0;1;0;62
25.04.2020 00:00:00;Salzburg-Umgebung;503;152281;0;196;5;3,283404;0;8;2;156
25.04.2020 00:00:00;Sankt Johann im Pongau;504;80573;0;431;1;1,241111;0;14;7;379
25.04.2020 00:00:00;Tamsweg;505;20320;0;22;0;0;0;0;0;21
25.04.2020 00:00:00;Zell am See;506;87462;2;358;11;12,57689;0;7;3;328
25.04.2020 00:00:00;Graz(Stadt);601;288806;9;437;27;9,348836;1;34;5;255
25.04.2020 00:00:00;Deutschlandsberg;603;60821;0;46;2;3,288338;0;2;0;32
25.04.2020 00:00:00;Graz-Umgebung;606;154260;0;235;14;9,075586;1;31;2;110
25.04.2020 00:00:00;Leibnitz;610;82484;1;179;5;6,061782;0;4;1;161
25.04.2020 00:00:00;Leoben;611;60060;0;24;0;0;0;3;0;20
25.04.2020 00:00:00;Liezen;612;79901;0;88;4;5,006195;0;1;4;70
25.04.2020 00:00:00;Murau;614;27659;0;6;1;3,61546;0;0;0;5
25.04.2020 00:00:00;Voitsberg;616;51161;1;100;4;7,818456;0;4;1;70
25.04.2020 00:00:00;Weiz;617;90343;4;158;4;4,42757;0;9;0;85
25.04.2020 00:00:00;Murtal;620;72004;0;32;1;1,388812;0;1;0;26
25.04.2020 00:00:00;Bruck-Mürzzuschlag;621;98984;0;51;0;0;0;3;0;36
25.04.2020 00:00:00;Hartberg-Fürstenfeld;622;90622;1;309;13;14,3453;0;34;3;162
25.04.2020 00:00:00;Südoststeiermark;623;85947;2;58;8;9,308062;0;1;0;40
25.04.2020 00:00:00;Innsbruck-Stadt;701;132110;1;398;14;10,59723;0;6;0;355
25.04.2020 00:00:00;Imst;702;60056;2;286;4;6,66045;0;6;2;224
25.04.2020 00:00:00;Innsbruck-Land;703;179318;2;385;7;3,90368;0;13;0;351
25.04.2020 00:00:00;Kitzbühel;704;63881;1;362;7;10,95788;0;11;1;330
25.04.2020 00:00:00;Kufstein;705;109682;3;515;12;10,94072;0;33;5;426
25.04.2020 00:00:00;Landeck;706;44362;1;984;16;36,06691;0;15;2;926
25.04.2020 00:00:00;Lienz;707;48753;2;150;3;6,153468;0;6;2;122
25.04.2020 00:00:00;Reutte;708;32670;0;56;0;0;0;1;0;42
25.04.2020 00:00:00;Schwaz;709;83873;0;342;6;7,153673;1;12;1;286
25.04.2020 00:00:00;Bludenz;801;63714;0;253;3;4,708541;0;3;0;229
25.04.2020 00:00:00;Bregenz;802;134383;0;260;1;0,7441418;0;7;2;236
25.04.2020 00:00:00;Dornbirn;803;89041;0;152;7;7,861547;1;4;0;125
25.04.2020 00:00:00;Feldkirch;804;107159;0;211;1;0,9331927;0;1;1;190
25.04.2020 00:00:00;Wien;900;1897491;20;2354;180;9,486211;5;152;20;1751
26.04.2020 00:00:00;Eisenstadt(Stadt);101;14637;0;16;0;0;0;0;0;15
26.04.2020 00:00:00;Rust(Stadt);102;1940;0;0;0;0;0;0;0;0
26.04.2020 00:00:00;Eisenstadt-Umgebung;103;42927;0;23;0;0;0;1;0;22
26.04.2020 00:00:00;Güssing;104;25797;0;23;0;0;0;0;0;20
26.04.2020 00:00:00;Jennersdorf;105;17066;0;9;0;0;0;0;0;8
26.04.2020 00:00:00;Mattersburg;106;39925;1;46;4;10,01879;0;1;0;30
26.04.2020 00:00:00;Neusiedl am See;107;59552;1;56;3;5,037614;0;4;1;43
26.04.2020 00:00:00;Oberpullendorf;108;37513;0;23;0;0;0;1;0;16
26.04.2020 00:00:00;Oberwart;109;54076;0;126;13;24,04024;0;3;0;78
26.04.2020 00:00:00;Klagenfurt Stadt;201;100817;1;90;3;2,975689;0;2;0;74
26.04.2020 00:00:00;Villach Stadt;202;62243;0;20;0;0;0;0;1;20
26.04.2020 00:00:00;Hermagor;203;18224;0;5;0;0;0;0;0;5
26.04.2020 00:00:00;Klagenfurt Land;204;59800;0;42;0;0;0;2;0;37
26.04.2020 00:00:00;Sankt Veit an der Glan;205;54555;0;52;0;0;0;0;1;42
26.04.2020 00:00:00;Spittal an der Drau;206;76091;0;41;2;2,628432;0;1;0;35
26.04.2020 00:00:00;Villach Land;207;64668;0;48;0;0;0;2;0;46
26.04.2020 00:00:00;Völkermarkt;208;41878;0;53;0;0;0;4;0;44
26.04.2020 00:00:00;Wolfsberg;209;52726;0;43;0;0;0;1;1;39
26.04.2020 00:00:00;Feldkirchen;210;29937;0;15;0;0;0;0;0;15
26.04.2020 00:00:00;Krems an der Donau(Stadt);301;24876;0;38;2;8,039878;0;3;0;28
26.04.2020 00:00:00;Sankt Pölten(Stadt);302;55044;0;87;3;5,450185;0;2;0;72
26.04.2020 00:00:00;Waidhofen an der Ybbs(Stadt);303;11261;0;23;0;0;0;3;0;17
26.04.2020 00:00:00;Wiener Neustadt(Stadt);304;45277;0;40;0;0;0;0;0;32
26.04.2020 00:00:00;Amstetten;305;116114;0;294;6;5,167336;0;15;0;227
26.04.2020 00:00:00;Baden;306;146203;0;141;4;2,735922;0;4;2;122
26.04.2020 00:00:00;Bruck an der Leitha;307;102010;0;80;2;1,960592;0;4;1;63
26.04.2020 00:00:00;Gänserndorf;308;103686;0;90;7;6,751153;0;2;0;71
26.04.2020 00:00:00;Gmünd;309;36773;0;14;0;0;0;0;0;10
26.04.2020 00:00:00;Hollabrunn;310;50858;1;31;1;1,966259;0;0;0;26
26.04.2020 00:00:00;Horn;311;31090;0;47;4;12,86587;0;4;1;31
26.04.2020 00:00:00;Korneuburg;312;90889;0;156;2;2,200486;0;5;1;127
26.04.2020 00:00:00;Krems(Land);313;56596;0;150;11;19,436;0;8;1;119
26.04.2020 00:00:00;Lilienfeld;314;25812;0;41;0;0;0;4;0;35
26.04.2020 00:00:00;Melk;315;77962;0;171;3;3,848028;0;4;3;136
26.04.2020 00:00:00;Mistelbach;316;75483;0;130;6;7,94881;0;5;0;105
26.04.2020 00:00:00;Mödling;317;118998;0;171;3;2,521051;0;7;2;146
26.04.2020 00:00:00;Neunkirchen;318;86291;0;183;2;2,317739;0;3;4;171
26.04.2020 00:00:00;Sankt Pölten(Land);319;131044;0;264;10;7,631025;0;11;0;217
26.04.2020 00:00:00;Scheibbs;320;41403;0;103;1;2,415284;0;0;2;96
26.04.2020 00:00:00;Tulln;321;103771;1;156;6;5,781962;0;5;0;111
26.04.2020 00:00:00;Waidhofen an der Thaya;322;25888;0;72;4;15,45117;0;0;2;46
26.04.2020 00:00:00;Wiener Neustadt(Land);323;77991;1;71;5;6,410996;0;6;0;42
26.04.2020 00:00:00;Zwettl;325;42222;0;72;4;9,473734;0;1;1;43
26.04.2020 00:00:00;Linz(Stadt);401;205726;1;301;3;1,45825;0;9;0;259
26.04.2020 00:00:00;Steyr(Stadt);402;38193;0;60;2;5,236562;0;2;0;44
26.04.2020 00:00:00;Wels(Stadt);403;61727;1;58;1;1,620037;0;0;0;56
26.04.2020 00:00:00;Braunau am Inn;404;104408;0;131;3;2,873343;0;3;0;82
26.04.2020 00:00:00;Eferding;405;33156;0;53;0;0;0;4;0;39
26.04.2020 00:00:00;Freistadt;406;66621;0;118;6;9,006169;1;4;0;98
26.04.2020 00:00:00;Gmunden;407;101631;2;71;8;7,871614;0;1;0;59
26.04.2020 00:00:00;Grieskirchen;408;64721;0;74;0;0;0;1;1;57
26.04.2020 00:00:00;Kirchdorf an der Krems;409;56866;0;42;2;3,51704;0;1;1;36
26.04.2020 00:00:00;Linz-Land;410;150273;0;202;3;1,996367;0;9;0;166
26.04.2020 00:00:00;Perg;411;68459;0;250;1;1,460728;0;2;3;230
26.04.2020 00:00:00;Ried im Innkreis;412;61204;0;45;1;1,63388;0;0;0;35
26.04.2020 00:00:00;Rohrbach;413;56524;0;149;4;7,07664;0;0;1;130
26.04.2020 00:00:00;Schärding;414;57307;0;57;1;1,744987;0;1;0;52
26.04.2020 00:00:00;Steyr-Land;415;60427;0;180;6;9,929337;0;7;1;135
26.04.2020 00:00:00;Urfahr-Umgebung;416;85505;0;279;1;1,169522;0;5;0;237
26.04.2020 00:00:00;Vöcklabruck;417;136253;0;108;1;0,7339288;0;4;0;98
26.04.2020 00:00:00;Wels-Land;418;73094;1;77;1;1,368101;0;0;0;74
26.04.2020 00:00:00;Salzburg(Stadt);501;154211;0;135;1;0,6484622;0;1;0;124
26.04.2020 00:00:00;Hallein;502;60374;0;67;0;0;0;1;0;62
26.04.2020 00:00:00;Salzburg-Umgebung;503;152281;2;198;6;3,940084;0;8;1;157
26.04.2020 00:00:00;Sankt Johann im Pongau;504;80573;1;432;2;2,482221;0;14;3;382
26.04.2020 00:00:00;Tamsweg;505;20320;0;22;0;0;0;0;0;21
26.04.2020 00:00:00;Zell am See;506;87462;1;359;9;10,29018;1;8;2;330
26.04.2020 00:00:00;Graz(Stadt);601;288806;4;441;29;10,04134;2;36;0;255
26.04.2020 00:00:00;Deutschlandsberg;603;60821;1;47;3;4,932507;0;2;2;34
26.04.2020 00:00:00;Graz-Umgebung;606;154260;3;238;15;9,723843;0;31;1;111
26.04.2020 00:00:00;Leibnitz;610;82484;1;180;6;7,274138;0;4;0;161
26.04.2020 00:00:00;Leoben;611;60060;0;24;0;0;0;3;0;20
26.04.2020 00:00:00;Liezen;612;79901;0;88;4;5,006195;0;1;0;70
26.04.2020 00:00:00;Murau;614;27659;0;6;1;3,61546;0;0;0;5
26.04.2020 00:00:00;Voitsberg;616;51161;2;102;6;11,72768;0;4;0;70
26.04.2020 00:00:00;Weiz;617;90343;1;159;5;5,534463;0;9;1;86
26.04.2020 00:00:00;Murtal;620;72004;0;32;1;1,388812;0;1;0;26
26.04.2020 00:00:00;Bruck-Mürzzuschlag;621;98984;0;51;0;0;0;3;2;38
26.04.2020 00:00:00;Hartberg-Fürstenfeld;622;90622;0;309;9;9,931363;0;34;4;166
26.04.2020 00:00:00;Südoststeiermark;623;85947;0;58;8;9,308062;0;1;0;40
26.04.2020 00:00:00;Innsbruck-Stadt;701;132110;1;399;15;11,35417;0;6;1;356
26.04.2020 00:00:00;Imst;702;60056;0;286;3;4,995337;0;6;18;242
26.04.2020 00:00:00;Innsbruck-Land;703;179318;0;385;7;3,90368;0;13;0;351
26.04.2020 00:00:00;Kitzbühel;704;63881;0;362;5;7,827054;0;11;0;330
26.04.2020 00:00:00;Kufstein;705;109682;0;515;9;8,20554;1;34;8;434
26.04.2020 00:00:00;Landeck;706;44362;0;984;16;36,06691;0;15;2;928
26.04.2020 00:00:00;Lienz;707;48753;0;150;3;6,153468;0;6;2;124
26.04.2020 00:00:00;Reutte;708;32670;0;56;0;0;0;1;0;42
26.04.2020 00:00:00;Schwaz;709;83873;0;342;5;5,961394;0;12;7;293
26.04.2020 00:00:00;Bludenz;801;63714;0;253;3;4,708541;0;3;3;232
26.04.2020 00:00:00;Bregenz;802;134383;0;260;1;0,7441418;1;8;1;237
26.04.2020 00:00:00;Dornbirn;803;89041;0;152;4;4,492312;0;4;1;126
26.04.2020 00:00:00;Feldkirch;804;107159;0;211;1;0,9331927;0;1;5;195
26.04.2020 00:00:00;Wien;900;1897491;14;2368;172;9,064602;3;155;9;1760
27.04.2020 00:00:00;Eisenstadt(Stadt);101;14637;0;16;0;0;0;0;0;15
27.04.2020 00:00:00;Rust(Stadt);102;1940;0;0;0;0;0;0;0;0
27.04.2020 00:00:00;Eisenstadt-Umgebung;103;42927;0;23;0;0;0;1;0;22
27.04.2020 00:00:00;Güssing;104;25797;0;23;0;0;0;0;0;20
27.04.2020 00:00:00;Jennersdorf;105;17066;0;9;0;0;0;0;0;8
27.04.2020 00:00:00;Mattersburg;106;39925;2;48;6;15,02818;0;1;0;30
27.04.2020 00:00:00;Neusiedl am See;107;59552;0;56;3;5,037614;0;4;0;43
27.04.2020 00:00:00;Oberpullendorf;108;37513;0;23;0;0;0;1;0;16
27.04.2020 00:00:00;Oberwart;109;54076;1;127;11;20,34174;0;3;3;81
27.04.2020 00:00:00;Klagenfurt Stadt;201;100817;0;90;3;2,975689;0;2;1;75
27.04.2020 00:00:00;Villach Stadt;202;62243;0;20;0;0;0;0;0;20
27.04.2020 00:00:00;Hermagor;203;18224;0;5;0;0;0;0;0;5
27.04.2020 00:00:00;Klagenfurt Land;204;59800;0;42;0;0;0;2;1;38
27.04.2020 00:00:00;Sankt Veit an der Glan;205;54555;0;52;0;0;0;0;1;43
27.04.2020 00:00:00;Spittal an der Drau;206;76091;0;41;2;2,628432;0;1;1;36
27.04.2020 00:00:00;Villach Land;207;64668;0;48;0;0;0;2;0;46
27.04.2020 00:00:00;Völkermarkt;208;41878;0;53;0;0;0;4;0;44
27.04.2020 00:00:00;Wolfsberg;209;52726;0;43;0;0;0;1;0;39
27.04.2020 00:00:00;Feldkirchen;210;29937;0;15;0;0;0;0;0;15
27.04.2020 00:00:00;Krems an der Donau(Stadt);301;24876;0;38;2;8,039878;0;3;1;29
27.04.2020 00:00:00;Sankt Pölten(Stadt);302;55044;0;87;3;5,450185;0;2;5;77
27.04.2020 00:00:00;Waidhofen an der Ybbs(Stadt);303;11261;0;23;0;0;0;3;0;17
27.04.2020 00:00:00;Wiener Neustadt(Stadt);304;45277;5;45;5;11,04313;0;0;0;32
27.04.2020 00:00:00;Amstetten;305;116114;0;294;6;5,167336;0;15;4;231
27.04.2020 00:00:00;Baden;306;146203;0;141;4;2,735922;0;4;0;122
27.04.2020 00:00:00;Bruck an der Leitha;307;102010;1;81;3;2,940888;0;4;2;65
27.04.2020 00:00:00;Gänserndorf;308;103686;0;90;7;6,751153;0;2;1;72
27.04.2020 00:00:00;Gmünd;309;36773;0;14;0;0;0;0;0;10
27.04.2020 00:00:00;Hollabrunn;310;50858;0;31;1;1,966259;0;0;1;27
27.04.2020 00:00:00;Horn;311;31090;0;47;3;9,649405;0;4;0;31
27.04.2020 00:00:00;Korneuburg;312;90889;0;156;2;2,200486;0;5;2;129
27.04.2020 00:00:00;Krems(Land);313;56596;0;150;11;19,436;0;8;0;119
27.04.2020 00:00:00;Lilienfeld;314;25812;0;41;0;0;0;4;2;37
27.04.2020 00:00:00;Melk;315;77962;0;171;2;2,565352;0;4;6;142
27.04.2020 00:00:00;Mistelbach;316;75483;1;131;7;9,273611;0;5;3;108
27.04.2020 00:00:00;Mödling;317;118998;2;173;5;4,201751;0;7;1;147
27.04.2020 00:00:00;Neunkirchen;318;86291;0;183;2;2,317739;0;3;3;174
27.04.2020 00:00:00;Sankt Pölten(Land);319;131044;0;264;9;6,867922;0;11;3;220
27.04.2020 00:00:00;Scheibbs;320;41403;0;103;1;2,415284;0;0;0;96
27.04.2020 00:00:00;Tulln;321;103771;0;156;6;5,781962;0;5;5;116
27.04.2020 00:00:00;Waidhofen an der Thaya;322;25888;0;72;4;15,45117;0;0;5;51
27.04.2020 00:00:00;Wiener Neustadt(Land);323;77991;0;71;3;3,846598;0;6;2;44
27.04.2020 00:00:00;Zwettl;325;42222;0;72;4;9,473734;0;1;0;43
27.04.2020 00:00:00;Linz(Stadt);401;205726;1;302;4;1,944334;0;9;0;259
27.04.2020 00:00:00;Steyr(Stadt);402;38193;0;60;2;5,236562;0;2;1;45
27.04.2020 00:00:00;Wels(Stadt);403;61727;0;58;1;1,620037;0;0;0;56
27.04.2020 00:00:00;Braunau am Inn;404;104408;0;131;3;2,873343;0;3;6;88
27.04.2020 00:00:00;Eferding;405;33156;0;53;0;0;0;4;1;40
27.04.2020 00:00:00;Freistadt;406;66621;1;119;6;9,006169;0;4;0;98
27.04.2020 00:00:00;Gmunden;407;101631;1;72;7;6,887662;0;1;0;59
27.04.2020 00:00:00;Grieskirchen;408;64721;0;74;0;0;0;1;2;59
27.04.2020 00:00:00;Kirchdorf an der Krems;409;56866;0;42;2;3,51704;0;1;0;36
27.04.2020 00:00:00;Linz-Land;410;150273;0;202;3;1,996367;0;9;2;168
27.04.2020 00:00:00;Perg;411;68459;0;250;1;1,460728;0;2;1;231
27.04.2020 00:00:00;Ried im Innkreis;412;61204;0;45;1;1,63388;0;0;1;36
27.04.2020 00:00:00;Rohrbach;413;56524;0;149;4;7,07664;0;0;0;130
27.04.2020 00:00:00;Schärding;414;57307;1;58;2;3,489975;0;1;2;54
27.04.2020 00:00:00;Steyr-Land;415;60427;0;180;5;8,274446;0;7;0;135
27.04.2020 00:00:00;Urfahr-Umgebung;416;85505;0;279;1;1,169522;0;5;7;244
27.04.2020 00:00:00;Vöcklabruck;417;136253;0;108;1;0,7339288;0;4;1;99
27.04.2020 00:00:00;Wels-Land;418;73094;1;78;2;2,736203;0;0;0;74
27.04.2020 00:00:00;Salzburg(Stadt);501;154211;0;135;1;0,6484622;0;1;3;127
27.04.2020 00:00:00;Hallein;502;60374;0;67;0;0;0;1;0;62
27.04.2020 00:00:00;Salzburg-Umgebung;503;152281;0;198;2;1,313362;0;8;1;158
27.04.2020 00:00:00;Sankt Johann im Pongau;504;80573;0;432;2;2,482221;0;14;3;385
27.04.2020 00:00:00;Tamsweg;505;20320;0;22;0;0;0;0;0;21
27.04.2020 00:00:00;Zell am See;506;87462;0;359;8;9,14683;0;8;0;330
27.04.2020 00:00:00;Graz(Stadt);601;288806;6;447;33;11,42636;0;36;7;262
27.04.2020 00:00:00;Deutschlandsberg;603;60821;0;47;3;4,932507;0;2;0;34
27.04.2020 00:00:00;Graz-Umgebung;606;154260;2;240;16;10,3721;0;31;9;120
27.04.2020 00:00:00;Leibnitz;610;82484;0;180;6;7,274138;0;4;4;165
27.04.2020 00:00:00;Leoben;611;60060;0;24;0;0;0;3;0;20
27.04.2020 00:00:00;Liezen;612;79901;0;88;3;3,754646;0;1;2;72
27.04.2020 00:00:00;Murau;614;27659;1;7;2;7,230919;0;0;0;5
27.04.2020 00:00:00;Voitsberg;616;51161;0;102;6;11,72768;0;4;8;78
27.04.2020 00:00:00;Weiz;617;90343;0;159;5;5,534463;0;9;4;90
27.04.2020 00:00:00;Murtal;620;72004;0;32;1;1,388812;0;1;1;27
27.04.2020 00:00:00;Bruck-Mürzzuschlag;621;98984;0;51;0;0;0;3;0;38
27.04.2020 00:00:00;Hartberg-Fürstenfeld;622;90622;1;310;9;9,931363;0;34;8;174
27.04.2020 00:00:00;Südoststeiermark;623;85947;0;58;6;6,981047;0;1;0;40
27.04.2020 00:00:00;Innsbruck-Stadt;701;132110;2;401;14;10,59723;0;6;1;357
27.04.2020 00:00:00;Imst;702;60056;1;287;4;6,66045;0;6;13;255
27.04.2020 00:00:00;Innsbruck-Land;703;179318;1;386;8;4,461348;0;13;1;352
27.04.2020 00:00:00;Kitzbühel;704;63881;0;362;5;7,827054;0;11;3;333
27.04.2020 00:00:00;Kufstein;705;109682;0;515;9;8,20554;0;34;4;438
27.04.2020 00:00:00;Landeck;706;44362;0;984;15;33,81272;0;15;9;937
27.04.2020 00:00:00;Lienz;707;48753;0;150;3;6,153468;0;6;0;124
27.04.2020 00:00:00;Reutte;708;32670;0;56;0;0;0;1;5;47
27.04.2020 00:00:00;Schwaz;709;83873;0;342;3;3,576836;1;13;4;297
27.04.2020 00:00:00;Bludenz;801;63714;0;253;3;4,708541;0;3;3;235
27.04.2020 00:00:00;Bregenz;802;134383;1;261;1;0,7441418;1;9;1;238
27.04.2020 00:00:00;Dornbirn;803;89041;0;152;4;4,492312;0;4;1;127
27.04.2020 00:00:00;Feldkirch;804;107159;0;211;1;0,9331927;0;1;0;195
27.04.2020 00:00:00;Wien;900;1897491;38;2406;194;10,22403;2;157;34;1794
28.04.2020 00:00:00;Eisenstadt(Stadt);101;14637;0;16;0;0;0;0;0;15
28.04.2020 00:00:00;Rust(Stadt);102;1940;0;0;0;0;0;0;0;0
28.04.2020 00:00:00;Eisenstadt-Umgebung;103;42927;0;23;0;0;0;1;0;22
28.04.2020 00:00:00;Güssing;104;25797;0;23;0;0;0;0;0;20
28.04.2020 00:00:00;Jennersdorf;105;17066;0;9;0;0;0;0;1;9
28.04.2020 00:00:00;Mattersburg;106;39925;0;48;6;15,02818;0;1;0;30
28.04.2020 00:00:00;Neusiedl am See;107;59552;0;56;1;1,679205;0;4;1;44
28.04.2020 00:00:00;Oberpullendorf;108;37513;0;23;0;0;0;1;0;16
28.04.2020 00:00:00;Oberwart;109;54076;0;127;7;12,94474;0;3;0;81
28.04.2020 00:00:00;Klagenfurt Stadt;201;100817;0;90;3;2,975689;0;2;0;75
28.04.2020 00:00:00;Villach Stadt;202;62243;0;20;0;0;0;0;0;20
28.04.2020 00:00:00;Hermagor;203;18224;0;5;0;0;0;0;0;5
28.04.2020 00:00:00;Klagenfurt Land;204;59800;0;42;0;0;0;2;1;39
28.04.2020 00:00:00;Sankt Veit an der Glan;205;54555;0;52;0;0;0;0;0;43
28.04.2020 00:00:00;Spittal an der Drau;206;76091;0;41;0;0;0;1;0;36
28.04.2020 00:00:00;Villach Land;207;64668;0;48;0;0;0;2;0;46
28.04.2020 00:00:00;Völkermarkt;208;41878;0;53;0;0;0;4;0;44
28.04.2020 00:00:00;Wolfsberg;209;52726;0;43;0;0;0;1;0;39
28.04.2020 00:00:00;Feldkirchen;210;29937;0;15;0;0;0;0;0;15
28.04.2020 00:00:00;Krems an der Donau(Stadt);301;24876;0;38;2;8,039878;0;3;1;30
28.04.2020 00:00:00;Sankt Pölten(Stadt);302;55044;0;87;3;5,450185;0;2;1;78
28.04.2020 00:00:00;Waidhofen an der Ybbs(Stadt);303;11261;0;23;0;0;0;3;0;17
28.04.2020 00:00:00;Wiener Neustadt(Stadt);304;45277;0;45;5;11,04313;0;0;1;33
28.04.2020 00:00:00;Amstetten;305;116114;1;295;5;4,306113;0;15;6;237
28.04.2020 00:00:00;Baden;306;146203;0;141;2;1,367961;0;4;1;123
28.04.2020 00:00:00;Bruck an der Leitha;307;102010;0;81;2;1,960592;0;4;0;65
28.04.2020 00:00:00;Gänserndorf;308;103686;0;90;5;4,822252;0;2;0;72
28.04.2020 00:00:00;Gmünd;309;36773;0;14;0;0;0;0;0;10
28.04.2020 00:00:00;Hollabrunn;310;50858;0;31;1;1,966259;0;0;0;27
28.04.2020 00:00:00;Horn;311;31090;0;47;3;9,649405;0;4;3;34
28.04.2020 00:00:00;Korneuburg;312;90889;0;156;0;0;0;5;2;131
28.04.2020 00:00:00;Krems(Land);313;56596;1;151;11;19,436;0;8;0;119
28.04.2020 00:00:00;Lilienfeld;314;25812;0;41;0;0;0;4;0;37
28.04.2020 00:00:00;Melk;315;77962;1;172;3;3,848028;0;4;4;146
28.04.2020 00:00:00;Mistelbach;316;75483;1;132;8;10,59841;0;5;0;108
28.04.2020 00:00:00;Mödling;317;118998;0;173;3;2,521051;0;7;2;149
28.04.2020 00:00:00;Neunkirchen;318;86291;0;183;1;1,158869;0;3;1;175
28.04.2020 00:00:00;Sankt Pölten(Land);319;131044;0;264;8;6,10482;0;11;6;226
28.04.2020 00:00:00;Scheibbs;320;41403;0;103;0;0;0;0;0;96
28.04.2020 00:00:00;Tulln;321;103771;5;161;11;10,60026;0;5;1;117
28.04.2020 00:00:00;Waidhofen an der Thaya;322;25888;0;72;3;11,58838;0;0;2;53
28.04.2020 00:00:00;Wiener Neustadt(Land);323;77991;0;71;2;2,564399;0;6;1;45
28.04.2020 00:00:00;Zwettl;325;42222;0;72;3;7,1053;0;1;0;43
28.04.2020 00:00:00;Linz(Stadt);401;205726;1;303;5;2,430417;0;9;4;263
28.04.2020 00:00:00;Steyr(Stadt);402;38193;0;60;2;5,236562;0;2;1;46
28.04.2020 00:00:00;Wels(Stadt);403;61727;0;58;1;1,620037;0;0;1;57
28.04.2020 00:00:00;Braunau am Inn;404;104408;0;131;3;2,873343;0;3;6;94
28.04.2020 00:00:00;Eferding;405;33156;0;53;0;0;0;4;1;41
28.04.2020 00:00:00;Freistadt;406;66621;0;119;4;6,004113;1;5;0;98
28.04.2020 00:00:00;Gmunden;407;101631;0;72;6;5,90371;1;2;0;59
28.04.2020 00:00:00;Grieskirchen;408;64721;0;74;0;0;0;1;1;60
28.04.2020 00:00:00;Kirchdorf an der Krems;409;56866;0;42;0;0;0;1;0;36
28.04.2020 00:00:00;Linz-Land;410;150273;2;204;4;2,661822;0;9;1;169
28.04.2020 00:00:00;Perg;411;68459;0;250;1;1,460728;0;2;1;232
28.04.2020 00:00:00;Ried im Innkreis;412;61204;0;45;1;1,63388;0;0;1;37
28.04.2020 00:00:00;Rohrbach;413;56524;0;149;4;7,07664;0;0;1;131
28.04.2020 00:00:00;Schärding;414;57307;0;58;2;3,489975;0;1;0;54
28.04.2020 00:00:00;Steyr-Land;415;60427;0;180;4;6,619557;0;7;4;139
28.04.2020 00:00:00;Urfahr-Umgebung;416;85505;0;279;0;0;0;5;2;246
28.04.2020 00:00:00;Vöcklabruck;417;136253;0;108;1;0,7339288;0;4;0;99
28.04.2020 00:00:00;Wels-Land;418;73094;0;78;2;2,736203;0;0;0;74
28.04.2020 00:00:00;Salzburg(Stadt);501;154211;0;135;1;0,6484622;0;1;0;127
28.04.2020 00:00:00;Hallein;502;60374;0;67;0;0;0;1;0;62
28.04.2020 00:00:00;Salzburg-Umgebung;503;152281;1;199;3;1,970042;1;9;3;161
28.04.2020 00:00:00;Sankt Johann im Pongau;504;80573;0;432;2;2,482221;1;15;4;389
28.04.2020 00:00:00;Tamsweg;505;20320;0;22;0;0;0;0;0;21
28.04.2020 00:00:00;Zell am See;506;87462;0;359;7;8,003476;0;8;1;331
28.04.2020 00:00:00;Graz(Stadt);601;288806;2;449;35;12,11886;1;37;4;266
28.04.2020 00:00:00;Deutschlandsberg;603;60821;0;47;2;3,288338;0;2;0;34
28.04.2020 00:00:00;Graz-Umgebung;606;154260;1;241;14;9,075586;2;33;6;126
28.04.2020 00:00:00;Leibnitz;610;82484;1;181;6;7,274138;0;4;3;168
28.04.2020 00:00:00;Leoben;611;60060;0;24;0;0;0;3;0;20
28.04.2020 00:00:00;Liezen;612;79901;0;88;3;3,754646;0;1;1;73
28.04.2020 00:00:00;Murau;614;27659;0;7;2;7,230919;0;0;0;5
28.04.2020 00:00:00;Voitsberg;616;51161;0;102;6;11,72768;0;4;3;81
28.04.2020 00:00:00;Weiz;617;90343;0;159;5;5,534463;0;9;1;91
28.04.2020 00:00:00;Murtal;620;72004;0;32;1;1,388812;0;1;0;27
28.04.2020 00:00:00;Bruck-Mürzzuschlag;621;98984;0;51;0;0;0;3;0;38
28.04.2020 00:00:00;Hartberg-Fürstenfeld;622;90622;0;310;7;7,724394;1;35;9;183
28.04.2020 00:00:00;Südoststeiermark;623;85947;0;58;3;3,490523;0;1;2;42
28.04.2020 00:00:00;Innsbruck-Stadt;701;132110;0;401;13;9,840284;0;6;1;358
28.04.2020 00:00:00;Imst;702;60056;1;288;5;8,325562;0;6;2;257
28.04.2020 00:00:00;Innsbruck-Land;703;179318;0;386;8;4,461348;0;13;3;355
28.04.2020 00:00:00;Kitzbühel;704;63881;1;363;6;9,392464;0;11;5;338
28.04.2020 00:00:00;Kufstein;705;109682;0;515;8;7,293813;0;34;2;440
28.04.2020 00:00:00;Landeck;706;44362;2;986;16;36,06691;0;15;3;940
28.04.2020 00:00:00;Lienz;707;48753;0;150;3;6,153468;0;6;7;131
28.04.2020 00:00:00;Reutte;708;32670;0;56;0;0;0;1;3;50
28.04.2020 00:00:00;Schwaz;709;83873;1;343;3;3,576836;0;13;9;306
28.04.2020 00:00:00;Bludenz;801;63714;0;253;2;3,139028;0;3;1;236
28.04.2020 00:00:00;Bregenz;802;134383;2;263;3;2,232425;0;9;0;238
28.04.2020 00:00:00;Dornbirn;803;89041;0;152;1;1,123078;0;4;0;127
28.04.2020 00:00:00;Feldkirch;804;107159;0;211;0;0;0;1;3;198
28.04.2020 00:00:00;Wien;900;1897491;26;2432;206;10,85644;4;161;27;1821
29.04.2020 00:00:00;Eisenstadt(Stadt);101;14637;0;16;0;0;0;0;0;15
29.04.2020 00:00:00;Rust(Stadt);102;1940;0;0;0;0;0;0;0;0
29.04.2020 00:00:00;Eisenstadt-Umgebung;103;42927;0;23;0;0;0;1;0;22
29.04.2020 00:00:00;Güssing;104;25797;0;23;0;0;0;0;0;20
29.04.2020 00:00:00;Jennersdorf;105;17066;0;9;0;0;0;0;0;9
29.04.2020 00:00:00;Mattersburg;106;39925;0;48;4;10,01879;0;1;2;32
29.04.2020 00:00:00;Neusiedl am See;107;59552;0;56;1;1,679205;0;4;1;45
29.04.2020 00:00:00;Oberpullendorf;108;37513;1;24;1;2,665743;0;1;0;16
29.04.2020 00:00:00;Oberwart;109;54076;1;128;7;12,94474;0;3;1;82
29.04.2020 00:00:00;Klagenfurt Stadt;201;100817;0;90;3;2,975689;0;2;1;76
29.04.2020 00:00:00;Villach Stadt;202;62243;0;20;0;0;0;0;0;20
29.04.2020 00:00:00;Hermagor;203;18224;0;5;0;0;0;0;0;5
29.04.2020 00:00:00;Klagenfurt Land;204;59800;0;42;0;0;0;2;0;39
29.04.2020 00:00:00;Sankt Veit an der Glan;205;54555;0;52;0;0;0;0;0;43
29.04.2020 00:00:00;Spittal an der Drau;206;76091;0;41;0;0;0;1;0;36
29.04.2020 00:00:00;Villach Land;207;64668;0;48;0;0;0;2;0;46
29.04.2020 00:00:00;Völkermarkt;208;41878;0;53;0;0;0;4;0;44
29.04.2020 00:00:00;Wolfsberg;209;52726;0;43;0;0;0;1;0;39
29.04.2020 00:00:00;Feldkirchen;210;29937;0;15;0;0;0;0;0;15
29.04.2020 00:00:00;Krems an der Donau(Stadt);301;24876;1;39;3;12,05982;0;3;0;30
29.04.2020 00:00:00;Sankt Pölten(Stadt);302;55044;0;87;3;5,450185;0;2;0;78
29.04.2020 00:00:00;Waidhofen an der Ybbs(Stadt);303;11261;0;23;0;0;0;3;0;17
29.04.2020 00:00:00;Wiener Neustadt(Stadt);304;45277;0;45;5;11,04313;0;0;1;34
29.04.2020 00:00:00;Amstetten;305;116114;1;296;6;5,167336;0;15;1;238
29.04.2020 00:00:00;Baden;306;146203;1;142;2;1,367961;0;4;1;124
29.04.2020 00:00:00;Bruck an der Leitha;307;102010;0;81;2;1,960592;0;4;0;65
29.04.2020 00:00:00;Gänserndorf;308;103686;2;92;7;6,751153;0;2;0;72
29.04.2020 00:00:00;Gmünd;309;36773;0;14;0;0;0;0;1;11
29.04.2020 00:00:00;Hollabrunn;310;50858;2;33;3;5,898777;0;0;0;27
29.04.2020 00:00:00;Horn;311;31090;0;47;2;6,432937;0;4;0;34
29.04.2020 00:00:00;Korneuburg;312;90889;0;156;0;0;0;5;2;133
29.04.2020 00:00:00;Krems(Land);313;56596;0;151;6;10,60146;0;8;4;123
29.04.2020 00:00:00;Lilienfeld;314;25812;0;41;0;0;0;4;0;37
29.04.2020 00:00:00;Melk;315;77962;0;172;2;2,565352;0;4;2;148
29.04.2020 00:00:00;Mistelbach;316;75483;0;132;8;10,59841;0;5;1;109
29.04.2020 00:00:00;Mödling;317;118998;2;175;5;4,201751;0;7;2;151
29.04.2020 00:00:00;Neunkirchen;318;86291;0;183;0;0;0;3;4;179
29.04.2020 00:00:00;Sankt Pölten(Land);319;131044;1;265;6;4,578615;0;11;4;230
29.04.2020 00:00:00;Scheibbs;320;41403;0;103;0;0;0;0;2;98
29.04.2020 00:00:00;Tulln;321;103771;5;166;16;15,41857;0;5;2;119
29.04.2020 00:00:00;Waidhofen an der Thaya;322;25888;0;72;2;7,725587;1;1;4;57
29.04.2020 00:00:00;Wiener Neustadt(Land);323;77991;1;72;2;2,564399;0;6;4;49
29.04.2020 00:00:00;Zwettl;325;42222;0;72;3;7,1053;0;1;5;48
29.04.2020 00:00:00;Linz(Stadt);401;205726;0;303;5;2,430417;1;10;0;263
29.04.2020 00:00:00;Steyr(Stadt);402;38193;1;61;2;5,236562;0;2;2;48
29.04.2020 00:00:00;Wels(Stadt);403;61727;0;58;1;1,620037;0;0;0;57
29.04.2020 00:00:00;Braunau am Inn;404;104408;0;131;3;2,873343;0;3;6;100
29.04.2020 00:00:00;Eferding;405;33156;0;53;0;0;0;4;2;43
29.04.2020 00:00:00;Freistadt;406;66621;0;119;3;4,503085;0;5;0;98
29.04.2020 00:00:00;Gmunden;407;101631;0;72;6;5,90371;0;2;0;59
29.04.2020 00:00:00;Grieskirchen;408;64721;0;74;0;0;0;1;2;62
29.04.2020 00:00:00;Kirchdorf an der Krems;409;56866;0;42;0;0;0;1;2;38
29.04.2020 00:00:00;Linz-Land;410;150273;0;204;3;1,996367;0;9;4;173
29.04.2020 00:00:00;Perg;411;68459;0;250;1;1,460728;0;2;1;233
29.04.2020 00:00:00;Ried im Innkreis;412;61204;0;45;1;1,63388;0;0;2;39
29.04.2020 00:00:00;Rohrbach;413;56524;0;149;4;7,07664;0;0;0;131
29.04.2020 00:00:00;Schärding;414;57307;0;58;2;3,489975;0;1;0;54
29.04.2020 00:00:00;Steyr-Land;415;60427;1;181;4;6,619557;0;7;1;140
29.04.2020 00:00:00;Urfahr-Umgebung;416;85505;0;279;0;0;0;5;1;247
29.04.2020 00:00:00;Vöcklabruck;417;136253;0;108;1;0,7339288;0;4;2;101
29.04.2020 00:00:00;Wels-Land;418;73094;0;78;2;2,736203;0;0;0;74
29.04.2020 00:00:00;Salzburg(Stadt);501;154211;0;135;1;0,6484622;0;1;0;127
29.04.2020 00:00:00;Hallein;502;60374;0;67;0;0;0;1;1;63
29.04.2020 00:00:00;Salzburg-Umgebung;503;152281;0;199;3;1,970042;0;9;1;162
29.04.2020 00:00:00;Sankt Johann im Pongau;504;80573;0;432;2;2,482221;0;15;5;394
29.04.2020 00:00:00;Tamsweg;505;20320;0;22;0;0;0;0;0;21
29.04.2020 00:00:00;Zell am See;506;87462;0;359;5;5,716768;0;8;2;333
29.04.2020 00:00:00;Graz(Stadt);601;288806;3;452;37;12,81137;2;39;9;275
29.04.2020 00:00:00;Deutschlandsberg;603;60821;0;47;2;3,288338;0;2;2;36
29.04.2020 00:00:00;Graz-Umgebung;606;154260;0;241;13;8,42733;0;33;4;130
29.04.2020 00:00:00;Leibnitz;610;82484;0;181;6;7,274138;0;4;1;169
29.04.2020 00:00:00;Leoben;611;60060;0;24;0;0;0;3;1;21
29.04.2020 00:00:00;Liezen;612;79901;0;88;2;2,503098;0;1;4;77
29.04.2020 00:00:00;Murau;614;27659;0;7;2;7,230919;0;0;0;5
29.04.2020 00:00:00;Voitsberg;616;51161;1;103;6;11,72768;0;4;4;85
29.04.2020 00:00:00;Weiz;617;90343;1;160;6;6,641356;2;11;3;94
29.04.2020 00:00:00;Murtal;620;72004;0;32;1;1,388812;0;1;1;28
29.04.2020 00:00:00;Bruck-Mürzzuschlag;621;98984;0;51;0;0;0;3;1;39
29.04.2020 00:00:00;Hartberg-Fürstenfeld;622;90622;0;310;5;5,517424;0;35;5;188
29.04.2020 00:00:00;Südoststeiermark;623;85947;0;58;3;3,490523;0;1;0;42
29.04.2020 00:00:00;Innsbruck-Stadt;701;132110;2;403;12;9,08334;0;6;5;363
29.04.2020 00:00:00;Imst;702;60056;0;288;5;8,325562;0;6;0;257
29.04.2020 00:00:00;Innsbruck-Land;703;179318;0;386;6;3,346011;0;13;2;357
29.04.2020 00:00:00;Kitzbühel;704;63881;2;365;8;12,52329;0;11;1;339
29.04.2020 00:00:00;Kufstein;705;109682;1;516;8;7,293813;0;34;3;443
29.04.2020 00:00:00;Landeck;706;44362;0;986;13;29,30436;0;15;1;941
29.04.2020 00:00:00;Lienz;707;48753;0;150;3;6,153468;0;6;0;131
29.04.2020 00:00:00;Reutte;708;32670;0;56;0;0;0;1;2;52
29.04.2020 00:00:00;Schwaz;709;83873;0;343;2;2,384558;0;13;1;307
29.04.2020 00:00:00;Bludenz;801;63714;0;253;0;0;0;3;1;237
29.04.2020 00:00:00;Bregenz;802;134383;0;263;3;2,232425;0;9;4;242
29.04.2020 00:00:00;Dornbirn;803;89041;0;152;1;1,123078;0;4;1;128
29.04.2020 00:00:00;Feldkirch;804;107159;0;211;0;0;0;1;2;200
29.04.2020 00:00:00;Wien;900;1897491;31;2463;207;10,90914;0;161;33;1854
30.04.2020 00:00:00;Eisenstadt(Stadt);101;14637;0;16;0;0;0;0;0;15
30.04.2020 00:00:00;Rust(Stadt);102;1940;0;0;0;0;0;0;0;0
30.04.2020 00:00:00;Eisenstadt-Umgebung;103;42927;0;23;0;0;0;1;0;22
30.04.2020 00:00:00;Güssing;104;25797;0;23;0;0;0;0;0;20
30.04.2020 00:00:00;Jennersdorf;105;17066;1;10;1;5,859604;0;0;0;9
30.04.2020 00:00:00;Mattersburg;106;39925;0;48;3;7,514089;0;1;0;32
30.04.2020 00:00:00;Neusiedl am See;107;59552;0;56;1;1,679205;0;4;1;46
30.04.2020 00:00:00;Oberpullendorf;108;37513;0;24;1;2,665743;0;1;0;16
30.04.2020 00:00:00;Oberwart;109;54076;1;129;6;11,0955;0;3;4;86
30.04.2020 00:00:00;Klagenfurt Stadt;201;100817;0;90;3;2,975689;0;2;0;76
30.04.2020 00:00:00;Villach Stadt;202;62243;0;20;0;0;0;0;0;20
30.04.2020 00:00:00;Hermagor;203;18224;0;5;0;0;0;0;0;5
30.04.2020 00:00:00;Klagenfurt Land;204;59800;0;42;0;0;0;2;0;39
30.04.2020 00:00:00;Sankt Veit an der Glan;205;54555;0;52;0;0;0;0;2;45
30.04.2020 00:00:00;Spittal an der Drau;206;76091;0;41;0;0;0;1;2;38
30.04.2020 00:00:00;Villach Land;207;64668;0;48;0;0;0;2;0;46
30.04.2020 00:00:00;Völkermarkt;208;41878;0;53;0;0;0;4;1;45
30.04.2020 00:00:00;Wolfsberg;209;52726;0;43;0;0;0;1;0;39
30.04.2020 00:00:00;Feldkirchen;210;29937;0;15;0;0;0;0;0;15
30.04.2020 00:00:00;Krems an der Donau(Stadt);301;24876;0;39;2;8,039878;0;3;0;30
30.04.2020 00:00:00;Sankt Pölten(Stadt);302;55044;1;88;3;5,450185;0;2;0;78
30.04.2020 00:00:00;Waidhofen an der Ybbs(Stadt);303;11261;0;23;0;0;0;3;1;18
30.04.2020 00:00:00;Wiener Neustadt(Stadt);304;45277;1;46;6;13,25176;0;0;0;34
30.04.2020 00:00:00;Amstetten;305;116114;0;296;5;4,306113;0;15;9;247
30.04.2020 00:00:00;Baden;306;146203;1;143;2;1,367961;0;4;5;129
30.04.2020 00:00:00;Bruck an der Leitha;307;102010;1;82;2;1,960592;0;4;0;65
30.04.2020 00:00:00;Gänserndorf;308;103686;0;92;5;4,822252;0;2;2;74
30.04.2020 00:00:00;Gmünd;309;36773;0;14;0;0;0;0;1;12
30.04.2020 00:00:00;Hollabrunn;310;50858;1;34;4;7,865036;0;0;1;28
30.04.2020 00:00:00;Horn;311;31090;0;47;1;3,216468;0;4;1;35
30.04.2020 00:00:00;Korneuburg;312;90889;0;156;0;0;0;5;2;135
30.04.2020 00:00:00;Krems(Land);313;56596;0;151;4;7,067637;0;8;1;124
30.04.2020 00:00:00;Lilienfeld;314;25812;0;41;0;0;0;4;0;37
30.04.2020 00:00:00;Melk;315;77962;0;172;2;2,565352;0;4;3;151
30.04.2020 00:00:00;Mistelbach;316;75483;0;132;5;6,624008;0;5;2;111
30.04.2020 00:00:00;Mödling;317;118998;1;176;5;4,201751;0;7;4;155
30.04.2020 00:00:00;Neunkirchen;318;86291;0;183;0;0;0;3;1;180
30.04.2020 00:00:00;Sankt Pölten(Land);319;131044;0;265;5;3,815512;0;11;3;233
30.04.2020 00:00:00;Scheibbs;320;41403;0;103;0;0;0;0;1;99
30.04.2020 00:00:00;Tulln;321;103771;0;166;14;13,49125;0;5;1;120
30.04.2020 00:00:00;Waidhofen an der Thaya;322;25888;0;72;1;3,862794;0;1;4;61
30.04.2020 00:00:00;Wiener Neustadt(Land);323;77991;0;72;2;2,564399;0;6;2;51
30.04.2020 00:00:00;Zwettl;325;42222;0;72;2;4,736867;0;1;10;58
30.04.2020 00:00:00;Linz(Stadt);401;205726;0;303;5;2,430417;0;10;3;266
30.04.2020 00:00:00;Steyr(Stadt);402;38193;0;61;1;2,618281;0;2;0;48
30.04.2020 00:00:00;Wels(Stadt);403;61727;0;58;1;1,620037;0;0;0;57
30.04.2020 00:00:00;Braunau am Inn;404;104408;0;131;2;1,915562;0;3;7;107
30.04.2020 00:00:00;Eferding;405;33156;0;53;0;0;0;4;0;43
30.04.2020 00:00:00;Freistadt;406;66621;0;119;3;4,503085;0;5;3;101
30.04.2020 00:00:00;Gmunden;407;101631;0;72;5;4,919759;0;2;1;60
30.04.2020 00:00:00;Grieskirchen;408;64721;0;74;0;0;0;1;1;63
30.04.2020 00:00:00;Kirchdorf an der Krems;409;56866;0;42;0;0;0;1;0;38
30.04.2020 00:00:00;Linz-Land;410;150273;0;204;3;1,996367;0;9;2;175
30.04.2020 00:00:00;Perg;411;68459;0;250;1;1,460728;0;2;0;233
30.04.2020 00:00:00;Ried im Innkreis;412;61204;0;45;1;1,63388;0;0;1;40
30.04.2020 00:00:00;Rohrbach;413;56524;1;150;5;8,8458;0;0;3;134
30.04.2020 00:00:00;Schärding;414;57307;0;58;1;1,744987;0;1;0;54
30.04.2020 00:00:00;Steyr-Land;415;60427;0;181;4;6,619557;0;7;5;145
30.04.2020 00:00:00;Urfahr-Umgebung;416;85505;0;279;0;0;0;5;6;253
30.04.2020 00:00:00;Vöcklabruck;417;136253;0;108;1;0,7339288;0;4;0;101
30.04.2020 00:00:00;Wels-Land;418;73094;0;78;2;2,736203;0;0;0;74
30.04.2020 00:00:00;Salzburg(Stadt);501;154211;0;135;1;0,6484622;0;1;0;127
30.04.2020 00:00:00;Hallein;502;60374;1;68;1;1,656342;0;1;0;63
30.04.2020 00:00:00;Salzburg-Umgebung;503;152281;0;199;3;1,970042;0;9;0;162
30.04.2020 00:00:00;Sankt Johann im Pongau;504;80573;0;432;2;2,482221;0;15;3;397
30.04.2020 00:00:00;Tamsweg;505;20320;0;22;0;0;0;0;0;21
30.04.2020 00:00:00;Zell am See;506;87462;0;359;5;5,716768;0;8;2;335
30.04.2020 00:00:00;Graz(Stadt);601;288806;1;453;31;10,73385;0;39;9;284
30.04.2020 00:00:00;Deutschlandsberg;603;60821;1;48;2;3,288338;0;2;2;38
30.04.2020 00:00:00;Graz-Umgebung;606;154260;2;243;12;7,779074;0;33;2;132
30.04.2020 00:00:00;Leibnitz;610;82484;0;181;3;3,637069;0;4;4;173
30.04.2020 00:00:00;Leoben;611;60060;0;24;0;0;0;3;0;21
30.04.2020 00:00:00;Liezen;612;79901;0;88;2;2,503098;0;1;2;79
30.04.2020 00:00:00;Murau;614;27659;0;7;2;7,230919;0;0;0;5
30.04.2020 00:00:00;Voitsberg;616;51161;0;103;5;9,773069;0;4;1;86
30.04.2020 00:00:00;Weiz;617;90343;1;161;7;7,748249;0;11;5;99
30.04.2020 00:00:00;Murtal;620;72004;0;32;1;1,388812;0;1;1;29
30.04.2020 00:00:00;Bruck-Mürzzuschlag;621;98984;0;51;0;0;0;3;2;41
30.04.2020 00:00:00;Hartberg-Fürstenfeld;622;90622;2;312;7;7,724394;0;35;7;195
30.04.2020 00:00:00;Südoststeiermark;623;85947;1;59;3;3,490523;0;1;0;42
30.04.2020 00:00:00;Innsbruck-Stadt;701;132110;1;404;12;9,08334;0;6;1;364
30.04.2020 00:00:00;Imst;702;60056;0;288;5;8,325562;0;6;1;258
30.04.2020 00:00:00;Innsbruck-Land;703;179318;0;386;3;1,673005;0;13;2;359
30.04.2020 00:00:00;Kitzbühel;704;63881;1;366;9;14,0887;0;11;1;340
30.04.2020 00:00:00;Kufstein;705;109682;0;516;7;6,382086;0;34;6;449
30.04.2020 00:00:00;Landeck;706;44362;0;986;9;20,28763;0;15;0;941
30.04.2020 00:00:00;Lienz;707;48753;0;150;3;6,153468;0;6;6;137
30.04.2020 00:00:00;Reutte;708;32670;0;56;0;0;0;1;1;53
30.04.2020 00:00:00;Schwaz;709;83873;1;344;3;3,576836;0;13;6;313
30.04.2020 00:00:00;Bludenz;801;63714;0;253;0;0;0;3;6;243
30.04.2020 00:00:00;Bregenz;802;134383;0;263;3;2,232425;1;10;2;244
30.04.2020 00:00:00;Dornbirn;803;89041;0;152;1;1,123078;0;4;6;134
30.04.2020 00:00:00;Feldkirch;804;107159;1;212;1;0,9331927;0;1;1;201
30.04.2020 00:00:00;Wien;900;1897491;32;2495;215;11,33075;5;166;25;1879
01.05.2020 00:00:00;Eisenstadt(Stadt);101;14637;0;16;0;0;0;0;1;16
01.05.2020 00:00:00;Rust(Stadt);102;1940;0;0;0;0;0;0;0;0
01.05.2020 00:00:00;Eisenstadt-Umgebung;103;42927;0;23;0;0;0;1;0;22
01.05.2020 00:00:00;Güssing;104;25797;0;23;0;0;0;0;0;20
01.05.2020 00:00:00;Jennersdorf;105;17066;0;10;1;5,859604;0;0;0;9
01.05.2020 00:00:00;Mattersburg;106;39925;0;48;3;7,514089;0;1;0;32
01.05.2020 00:00:00;Neusiedl am See;107;59552;0;56;1;1,679205;0;4;0;46
01.05.2020 00:00:00;Oberpullendorf;108;37513;0;24;1;2,665743;0;1;0;16
01.05.2020 00:00:00;Oberwart;109;54076;1;130;6;11,0955;0;3;0;86
01.05.2020 00:00:00;Klagenfurt Stadt;201;100817;0;90;3;2,975689;0;2;0;76
01.05.2020 00:00:00;Villach Stadt;202;62243;0;20;0;0;0;0;0;20
01.05.2020 00:00:00;Hermagor;203;18224;0;5;0;0;0;0;0;5
01.05.2020 00:00:00;Klagenfurt Land;204;59800;0;42;0;0;0;2;0;39
01.05.2020 00:00:00;Sankt Veit an der Glan;205;54555;0;52;0;0;0;0;1;46
01.05.2020 00:00:00;Spittal an der Drau;206;76091;0;41;0;0;0;1;0;38
01.05.2020 00:00:00;Villach Land;207;64668;0;48;0;0;0;2;0;46
01.05.2020 00:00:00;Völkermarkt;208;41878;0;53;0;0;0;4;0;45
01.05.2020 00:00:00;Wolfsberg;209;52726;0;43;0;0;0;1;0;39
01.05.2020 00:00:00;Feldkirchen;210;29937;0;15;0;0;0;0;0;15
01.05.2020 00:00:00;Krems an der Donau(Stadt);301;24876;0;39;1;4,019939;0;3;1;31
01.05.2020 00:00:00;Sankt Pölten(Stadt);302;55044;0;88;3;5,450185;0;2;0;78
01.05.2020 00:00:00;Waidhofen an der Ybbs(Stadt);303;11261;0;23;0;0;0;3;0;18
01.05.2020 00:00:00;Wiener Neustadt(Stadt);304;45277;0;46;6;13,25176;0;0;0;34
01.05.2020 00:00:00;Amstetten;305;116114;0;296;4;3,44489;0;15;3;250
01.05.2020 00:00:00;Baden;306;146203;2;145;4;2,735922;0;4;0;129
01.05.2020 00:00:00;Bruck an der Leitha;307;102010;0;82;2;1,960592;0;4;1;66
01.05.2020 00:00:00;Gänserndorf;308;103686;0;92;3;2,893351;0;2;1;75
01.05.2020 00:00:00;Gmünd;309;36773;0;14;0;0;0;0;0;12
01.05.2020 00:00:00;Hollabrunn;310;50858;0;34;4;7,865036;0;0;0;28
01.05.2020 00:00:00;Horn;311;31090;0;47;1;3,216468;0;4;0;35
01.05.2020 00:00:00;Korneuburg;312;90889;1;157;1;1,100243;0;5;3;138
01.05.2020 00:00:00;Krems(Land);313;56596;2;153;6;10,60146;0;8;2;126
01.05.2020 00:00:00;Lilienfeld;314;25812;0;41;0;0;0;4;0;37
01.05.2020 00:00:00;Melk;315;77962;0;172;2;2,565352;0;4;3;154
01.05.2020 00:00:00;Mistelbach;316;75483;0;132;4;5,299206;0;5;0;111
01.05.2020 00:00:00;Mödling;317;118998;0;176;5;4,201751;0;7;1;156
01.05.2020 00:00:00;Neunkirchen;318;86291;0;183;0;0;0;3;2;182
01.05.2020 00:00:00;Sankt Pölten(Land);319;131044;0;265;4;3,05241;0;11;4;237
01.05.2020 00:00:00;Scheibbs;320;41403;0;103;0;0;0;0;0;99
01.05.2020 00:00:00;Tulln;321;103771;2;168;15;14,45491;0;5;0;120
01.05.2020 00:00:00;Waidhofen an der Thaya;322;25888;0;72;1;3,862794;0;1;0;61
01.05.2020 00:00:00;Wiener Neustadt(Land);323;77991;1;73;3;3,846598;0;6;0;51
01.05.2020 00:00:00;Zwettl;325;42222;0;72;2;4,736867;0;1;0;58
01.05.2020 00:00:00;Linz(Stadt);401;205726;0;303;4;1,944334;0;10;4;270
01.05.2020 00:00:00;Steyr(Stadt);402;38193;0;61;1;2,618281;0;2;2;50
01.05.2020 00:00:00;Wels(Stadt);403;61727;0;58;1;1,620037;0;0;0;57
01.05.2020 00:00:00;Braunau am Inn;404;104408;0;131;0;0;0;3;7;114
01.05.2020 00:00:00;Eferding;405;33156;0;53;0;0;0;4;0;43
01.05.2020 00:00:00;Freistadt;406;66621;0;119;2;3,002056;0;5;1;102
01.05.2020 00:00:00;Gmunden;407;101631;0;72;5;4,919759;0;2;1;61
01.05.2020 00:00:00;Grieskirchen;408;64721;0;74;0;0;0;1;1;64
01.05.2020 00:00:00;Kirchdorf an der Krems;409;56866;0;42;0;0;0;1;0;38
01.05.2020 00:00:00;Linz-Land;410;150273;0;204;3;1,996367;0;9;1;176
01.05.2020 00:00:00;Perg;411;68459;0;250;1;1,460728;0;2;5;238
01.05.2020 00:00:00;Ried im Innkreis;412;61204;0;45;0;0;0;0;1;41
01.05.2020 00:00:00;Rohrbach;413;56524;0;150;2;3,53832;0;0;4;138
01.05.2020 00:00:00;Schärding;414;57307;0;58;1;1,744987;0;1;0;54
01.05.2020 00:00:00;Steyr-Land;415;60427;0;181;2;3,309779;0;7;3;148
01.05.2020 00:00:00;Urfahr-Umgebung;416;85505;1;280;1;1,169522;0;5;0;253
01.05.2020 00:00:00;Vöcklabruck;417;136253;0;108;0;0;0;4;0;101
01.05.2020 00:00:00;Wels-Land;418;73094;0;78;2;2,736203;0;0;0;74
01.05.2020 00:00:00;Salzburg(Stadt);501;154211;0;135;1;0,6484622;0;1;0;127
01.05.2020 00:00:00;Hallein;502;60374;0;68;1;1,656342;0;1;0;63
01.05.2020 00:00:00;Salzburg-Umgebung;503;152281;0;199;3;1,970042;0;9;1;163
01.05.2020 00:00:00;Sankt Johann im Pongau;504;80573;0;432;1;1,241111;0;15;3;400
01.05.2020 00:00:00;Tamsweg;505;20320;0;22;0;0;0;0;0;21
01.05.2020 00:00:00;Zell am See;506;87462;0;359;4;4,573415;1;9;0;335
01.05.2020 00:00:00;Graz(Stadt);601;288806;0;453;27;9,348836;0;39;9;293
01.05.2020 00:00:00;Deutschlandsberg;603;60821;0;48;2;3,288338;0;2;0;38
01.05.2020 00:00:00;Graz-Umgebung;606;154260;0;243;9;5,834306;0;33;4;136
01.05.2020 00:00:00;Leibnitz;610;82484;1;182;4;4,849425;0;4;0;173
01.05.2020 00:00:00;Leoben;611;60060;0;24;0;0;0;3;0;21
01.05.2020 00:00:00;Liezen;612;79901;0;88;1;1,251549;0;1;0;79
01.05.2020 00:00:00;Murau;614;27659;0;7;2;7,230919;0;0;0;5
01.05.2020 00:00:00;Voitsberg;616;51161;0;103;5;9,773069;0;4;0;86
01.05.2020 00:00:00;Weiz;617;90343;3;164;10;11,06893;0;11;0;99
01.05.2020 00:00:00;Murtal;620;72004;0;32;1;1,388812;0;1;0;29
01.05.2020 00:00:00;Bruck-Mürzzuschlag;621;98984;0;51;0;0;0;3;0;41
01.05.2020 00:00:00;Hartberg-Fürstenfeld;622;90622;0;312;5;5,517424;0;35;1;196
01.05.2020 00:00:00;Südoststeiermark;623;85947;0;59;3;3,490523;0;1;5;47
01.05.2020 00:00:00;Innsbruck-Stadt;701;132110;0;404;12;9,08334;0;6;1;365
01.05.2020 00:00:00;Imst;702;60056;0;288;4;6,66045;0;6;2;260
01.05.2020 00:00:00;Innsbruck-Land;703;179318;0;386;3;1,673005;0;13;0;359
01.05.2020 00:00:00;Kitzbühel;704;63881;0;366;8;12,52329;0;11;0;340
01.05.2020 00:00:00;Kufstein;705;109682;0;516;7;6,382086;0;34;1;450
01.05.2020 00:00:00;Landeck;706;44362;0;986;6;13,52509;0;15;2;943
01.05.2020 00:00:00;Lienz;707;48753;0;150;3;6,153468;0;6;0;137
01.05.2020 00:00:00;Reutte;708;32670;0;56;0;0;0;1;1;54
01.05.2020 00:00:00;Schwaz;709;83873;0;344;3;3,576836;0;13;0;313
01.05.2020 00:00:00;Bludenz;801;63714;0;253;0;0;1;4;0;243
01.05.2020 00:00:00;Bregenz;802;134383;0;263;3;2,232425;0;10;2;246
01.05.2020 00:00:00;Dornbirn;803;89041;0;152;0;0;0;4;2;136
01.05.2020 00:00:00;Feldkirch;804;107159;0;212;1;0,9331927;0;1;1;202
01.05.2020 00:00:00;Wien;900;1897491;23;2518;215;11,33075;1;167;20;1899
02.05.2020 00:00:00;Eisenstadt(Stadt);101;14637;0;16;0;0;0;0;0;16
02.05.2020 00:00:00;Rust(Stadt);102;1940;0;0;0;0;0;0;0;0
02.05.2020 00:00:00;Eisenstadt-Umgebung;103;42927;0;23;0;0;0;1;0;22
02.05.2020 00:00:00;Güssing;104;25797;0;23;0;0;0;0;0;20
02.05.2020 00:00:00;Jennersdorf;105;17066;0;10;1;5,859604;0;0;0;9
02.05.2020 00:00:00;Mattersburg;106;39925;0;48;3;7,514089;0;1;0;32
02.05.2020 00:00:00;Neusiedl am See;107;59552;0;56;1;1,679205;0;4;0;46
02.05.2020 00:00:00;Oberpullendorf;108;37513;0;24;1;2,665743;0;1;1;17
02.05.2020 00:00:00;Oberwart;109;54076;1;131;6;11,0955;0;3;1;87
02.05.2020 00:00:00;Klagenfurt Stadt;201;100817;0;90;3;2,975689;1;3;1;77
02.05.2020 00:00:00;Villach Stadt;202;62243;0;20;0;0;0;0;0;20
02.05.2020 00:00:00;Hermagor;203;18224;0;5;0;0;0;0;0;5
02.05.2020 00:00:00;Klagenfurt Land;204;59800;0;42;0;0;0;2;0;39
02.05.2020 00:00:00;Sankt Veit an der Glan;205;54555;0;52;0;0;0;0;0;46
02.05.2020 00:00:00;Spittal an der Drau;206;76091;0;41;0;0;0;1;0;38
02.05.2020 00:00:00;Villach Land;207;64668;0;48;0;0;0;2;0;46
02.05.2020 00:00:00;Völkermarkt;208;41878;0;53;0;0;0;4;0;45
02.05.2020 00:00:00;Wolfsberg;209;52726;0;43;0;0;0;1;0;39
02.05.2020 00:00:00;Feldkirchen;210;29937;0;15;0;0;0;0;0;15
02.05.2020 00:00:00;Krems an der Donau(Stadt);301;24876;0;39;1;4,019939;0;3;0;31
02.05.2020 00:00:00;Sankt Pölten(Stadt);302;55044;0;88;2;3,633457;0;2;0;78
02.05.2020 00:00:00;Waidhofen an der Ybbs(Stadt);303;11261;0;23;0;0;0;3;0;18
02.05.2020 00:00:00;Wiener Neustadt(Stadt);304;45277;0;46;6;13,25176;0;0;0;34
02.05.2020 00:00:00;Amstetten;305;116114;0;296;2;1,722445;0;15;2;252
02.05.2020 00:00:00;Baden;306;146203;0;145;4;2,735922;0;4;0;129
02.05.2020 00:00:00;Bruck an der Leitha;307;102010;0;82;2;1,960592;0;4;2;68
02.05.2020 00:00:00;Gänserndorf;308;103686;0;92;2;1,928901;0;2;0;75
02.05.2020 00:00:00;Gmünd;309;36773;0;14;0;0;0;0;0;12
02.05.2020 00:00:00;Hollabrunn;310;50858;0;34;4;7,865036;0;0;0;28
02.05.2020 00:00:00;Horn;311;31090;0;47;1;3,216468;0;4;1;36
02.05.2020 00:00:00;Korneuburg;312;90889;0;157;1;1,100243;0;5;0;138
02.05.2020 00:00:00;Krems(Land);313;56596;0;153;3;5,300728;0;8;3;129
02.05.2020 00:00:00;Lilienfeld;314;25812;0;41;0;0;0;4;0;37
02.05.2020 00:00:00;Melk;315;77962;0;172;1;1,282676;0;4;1;155
02.05.2020 00:00:00;Mistelbach;316;75483;0;132;4;5,299206;0;5;0;111
02.05.2020 00:00:00;Mödling;317;118998;0;176;5;4,201751;0;7;0;156
02.05.2020 00:00:00;Neunkirchen;318;86291;0;183;0;0;0;3;0;182
02.05.2020 00:00:00;Sankt Pölten(Land);319;131044;1;266;3;2,289307;0;11;0;237
02.05.2020 00:00:00;Scheibbs;320;41403;0;103;0;0;0;0;0;99
02.05.2020 00:00:00;Tulln;321;103771;0;168;13;12,52759;0;5;0;120
02.05.2020 00:00:00;Waidhofen an der Thaya;322;25888;0;72;0;0;0;1;0;61
02.05.2020 00:00:00;Wiener Neustadt(Land);323;77991;0;73;3;3,846598;0;6;5;56
02.05.2020 00:00:00;Zwettl;325;42222;0;72;1;2,368433;0;1;0;58
02.05.2020 00:00:00;Linz(Stadt);401;205726;0;303;3;1,45825;1;11;0;270
02.05.2020 00:00:00;Steyr(Stadt);402;38193;0;61;1;2,618281;0;2;0;50
02.05.2020 00:00:00;Wels(Stadt);403;61727;0;58;1;1,620037;0;0;0;57
02.05.2020 00:00:00;Braunau am Inn;404;104408;0;131;0;0;0;3;0;114
02.05.2020 00:00:00;Eferding;405;33156;0;53;0;0;0;4;1;44
02.05.2020 00:00:00;Freistadt;406;66621;0;119;1;1,501028;0;5;1;103
02.05.2020 00:00:00;Gmunden;407;101631;0;72;3;2,951855;0;2;0;61
02.05.2020 00:00:00;Grieskirchen;408;64721;0;74;0;0;0;1;3;67
02.05.2020 00:00:00;Kirchdorf an der Krems;409;56866;0;42;0;0;0;1;0;38
02.05.2020 00:00:00;Linz-Land;410;150273;0;204;2;1,330911;0;9;0;176
02.05.2020 00:00:00;Perg;411;68459;0;250;0;0;0;2;2;240
02.05.2020 00:00:00;Ried im Innkreis;412;61204;0;45;0;0;0;0;1;42
02.05.2020 00:00:00;Rohrbach;413;56524;0;150;2;3,53832;0;0;2;140
02.05.2020 00:00:00;Schärding;414;57307;0;58;1;1,744987;0;1;0;54
02.05.2020 00:00:00;Steyr-Land;415;60427;0;181;1;1,654889;0;7;1;149
02.05.2020 00:00:00;Urfahr-Umgebung;416;85505;0;280;1;1,169522;0;5;1;254
02.05.2020 00:00:00;Vöcklabruck;417;136253;0;108;0;0;0;4;0;101
02.05.2020 00:00:00;Wels-Land;418;73094;0;78;2;2,736203;0;0;0;74
02.05.2020 00:00:00;Salzburg(Stadt);501;154211;0;135;0;0;0;1;0;127
02.05.2020 00:00:00;Hallein;502;60374;0;68;1;1,656342;0;1;0;63
02.05.2020 00:00:00;Salzburg-Umgebung;503;152281;0;199;3;1,970042;0;9;1;164
02.05.2020 00:00:00;Sankt Johann im Pongau;504;80573;1;433;2;2,482221;0;15;0;400
02.05.2020 00:00:00;Tamsweg;505;20320;0;22;0;0;0;0;0;21
02.05.2020 00:00:00;Zell am See;506;87462;0;359;3;3,430061;0;9;0;335
02.05.2020 00:00:00;Graz(Stadt);601;288806;1;454;26;9,002584;0;39;0;293
02.05.2020 00:00:00;Deutschlandsberg;603;60821;0;48;2;3,288338;0;2;0;38
02.05.2020 00:00:00;Graz-Umgebung;606;154260;0;243;8;5,186049;0;33;0;136
02.05.2020 00:00:00;Leibnitz;610;82484;1;183;5;6,061782;0;4;0;173
02.05.2020 00:00:00;Leoben;611;60060;0;24;0;0;0;3;0;21
02.05.2020 00:00:00;Liezen;612;79901;0;88;0;0;0;1;1;80
02.05.2020 00:00:00;Murau;614;27659;0;7;1;3,61546;0;0;0;5
02.05.2020 00:00:00;Voitsberg;616;51161;0;103;4;7,818456;0;4;1;87
02.05.2020 00:00:00;Weiz;617;90343;0;164;10;11,06893;0;11;6;105
02.05.2020 00:00:00;Murtal;620;72004;0;32;0;0;0;1;0;29
02.05.2020 00:00:00;Bruck-Mürzzuschlag;621;98984;0;51;0;0;0;3;0;41
02.05.2020 00:00:00;Hartberg-Fürstenfeld;622;90622;0;312;4;4,413939;0;35;4;200
02.05.2020 00:00:00;Südoststeiermark;623;85947;0;59;3;3,490523;0;1;1;48
02.05.2020 00:00:00;Innsbruck-Stadt;701;132110;2;406;9;6,812505;0;6;2;367
02.05.2020 00:00:00;Imst;702;60056;0;288;4;6,66045;0;6;6;266
02.05.2020 00:00:00;Innsbruck-Land;703;179318;0;386;3;1,673005;0;13;0;359
02.05.2020 00:00:00;Kitzbühel;704;63881;0;366;5;7,827054;0;11;0;340
02.05.2020 00:00:00;Kufstein;705;109682;0;516;4;3,646907;0;34;0;450
02.05.2020 00:00:00;Landeck;706;44362;0;986;3;6,762545;0;15;1;944
02.05.2020 00:00:00;Lienz;707;48753;0;150;2;4,102312;0;6;0;137
02.05.2020 00:00:00;Reutte;708;32670;0;56;0;0;0;1;0;54
02.05.2020 00:00:00;Schwaz;709;83873;0;344;2;2,384558;0;13;0;313
02.05.2020 00:00:00;Bludenz;801;63714;1;254;1;1,569514;0;4;0;243
02.05.2020 00:00:00;Bregenz;802;134383;0;263;3;2,232425;0;10;1;247
02.05.2020 00:00:00;Dornbirn;803;89041;0;152;0;0;0;4;0;136
02.05.2020 00:00:00;Feldkirch;804;107159;0;212;1;0,9331927;0;1;1;203
02.05.2020 00:00:00;Wien;900;1897491;20;2538;204;10,75104;0;167;23;1922
03.05.2020 00:00:00;Eisenstadt(Stadt);101;14637;0;16;0;0;0;0;0;16
03.05.2020 00:00:00;Rust(Stadt);102;1940;0;0;0;0;0;0;0;0
03.05.2020 00:00:00;Eisenstadt-Umgebung;103;42927;0;23;0;0;0;1;0;22
03.05.2020 00:00:00;Güssing;104;25797;0;23;0;0;0;0;0;20
03.05.2020 00:00:00;Jennersdorf;105;17066;0;10;1;5,859604;0;0;0;9
03.05.2020 00:00:00;Mattersburg;106;39925;0;48;3;7,514089;0;1;1;33
03.05.2020 00:00:00;Neusiedl am See;107;59552;0;56;1;1,679205;0;4;0;46
03.05.2020 00:00:00;Oberpullendorf;108;37513;0;24;1;2,665743;0;1;1;18
03.05.2020 00:00:00;Oberwart;109;54076;0;131;5;9,246246;1;4;1;88
03.05.2020 00:00:00;Klagenfurt Stadt;201;100817;0;90;1;0,9918962;0;3;0;77
03.05.2020 00:00:00;Villach Stadt;202;62243;0;20;0;0;0;0;0;20
03.05.2020 00:00:00;Hermagor;203;18224;0;5;0;0;0;0;0;5
03.05.2020 00:00:00;Klagenfurt Land;204;59800;0;42;0;0;0;2;0;39
03.05.2020 00:00:00;Sankt Veit an der Glan;205;54555;0;52;0;0;0;0;1;47
03.05.2020 00:00:00;Spittal an der Drau;206;76091;0;41;0;0;0;1;0;38
03.05.2020 00:00:00;Villach Land;207;64668;0;48;0;0;0;2;0;46
03.05.2020 00:00:00;Völkermarkt;208;41878;0;53;0;0;0;4;0;45
03.05.2020 00:00:00;Wolfsberg;209;52726;0;43;0;0;0;1;0;39
03.05.2020 00:00:00;Feldkirchen;210;29937;0;15;0;0;0;0;0;15
03.05.2020 00:00:00;Krems an der Donau(Stadt);301;24876;0;39;1;4,019939;0;3;0;31
03.05.2020 00:00:00;Sankt Pölten(Stadt);302;55044;0;88;1;1,816728;0;2;0;78
03.05.2020 00:00:00;Waidhofen an der Ybbs(Stadt);303;11261;0;23;0;0;0;3;0;18
03.05.2020 00:00:00;Wiener Neustadt(Stadt);304;45277;0;46;6;13,25176;0;0;1;35
03.05.2020 00:00:00;Amstetten;305;116114;0;296;2;1,722445;0;15;2;254
03.05.2020 00:00:00;Baden;306;146203;0;145;4;2,735922;0;4;3;132
03.05.2020 00:00:00;Bruck an der Leitha;307;102010;0;82;2;1,960592;0;4;2;70
03.05.2020 00:00:00;Gänserndorf;308;103686;0;92;2;1,928901;0;2;1;76
03.05.2020 00:00:00;Gmünd;309;36773;0;14;0;0;0;0;0;12
03.05.2020 00:00:00;Hollabrunn;310;50858;0;34;4;7,865036;0;0;0;28
03.05.2020 00:00:00;Horn;311;31090;0;47;0;0;0;4;1;37
03.05.2020 00:00:00;Korneuburg;312;90889;0;157;1;1,100243;0;5;0;138
03.05.2020 00:00:00;Krems(Land);313;56596;0;153;3;5,300728;0;8;0;129
03.05.2020 00:00:00;Lilienfeld;314;25812;0;41;0;0;0;4;0;37
03.05.2020 00:00:00;Melk;315;77962;0;172;1;1,282676;0;4;1;156
03.05.2020 00:00:00;Mistelbach;316;75483;0;132;2;2,649603;1;6;2;113
03.05.2020 00:00:00;Mödling;317;118998;0;176;5;4,201751;0;7;1;157
03.05.2020 00:00:00;Neunkirchen;318;86291;0;183;0;0;0;3;1;183
03.05.2020 00:00:00;Sankt Pölten(Land);319;131044;0;266;2;1,526205;0;11;0;237
03.05.2020 00:00:00;Scheibbs;320;41403;0;103;0;0;0;0;0;99
03.05.2020 00:00:00;Tulln;321;103771;0;168;13;12,52759;0;5;0;120
03.05.2020 00:00:00;Waidhofen an der Thaya;322;25888;0;72;0;0;0;1;1;62
03.05.2020 00:00:00;Wiener Neustadt(Land);323;77991;1;74;4;5,128797;0;6;1;57
03.05.2020 00:00:00;Zwettl;325;42222;0;72;0;0;0;1;0;58
03.05.2020 00:00:00;Linz(Stadt);401;205726;1;304;4;1,944334;0;11;0;270
03.05.2020 00:00:00;Steyr(Stadt);402;38193;0;61;1;2,618281;0;2;1;51
03.05.2020 00:00:00;Wels(Stadt);403;61727;0;58;1;1,620037;0;0;0;57
03.05.2020 00:00:00;Braunau am Inn;404;104408;0;131;0;0;0;3;0;114
03.05.2020 00:00:00;Eferding;405;33156;0;53;0;0;0;4;0;44
03.05.2020 00:00:00;Freistadt;406;66621;1;120;2;3,002056;0;5;0;103
03.05.2020 00:00:00;Gmunden;407;101631;0;72;3;2,951855;0;2;0;61
03.05.2020 00:00:00;Grieskirchen;408;64721;0;74;0;0;0;1;2;69
03.05.2020 00:00:00;Kirchdorf an der Krems;409;56866;0;42;0;0;0;1;0;38
03.05.2020 00:00:00;Linz-Land;410;150273;0;204;2;1,330911;0;9;0;176
03.05.2020 00:00:00;Perg;411;68459;0;250;0;0;0;2;1;241
03.05.2020 00:00:00;Ried im Innkreis;412;61204;0;45;0;0;0;0;0;42
03.05.2020 00:00:00;Rohrbach;413;56524;0;150;1;1,76916;0;0;0;140
03.05.2020 00:00:00;Schärding;414;57307;0;58;1;1,744987;0;1;0;54
03.05.2020 00:00:00;Steyr-Land;415;60427;0;181;1;1,654889;0;7;0;149
03.05.2020 00:00:00;Urfahr-Umgebung;416;85505;0;280;1;1,169522;0;5;0;254
03.05.2020 00:00:00;Vöcklabruck;417;136253;0;108;0;0;0;4;0;101
03.05.2020 00:00:00;Wels-Land;418;73094;0;78;2;2,736203;0;0;0;74
03.05.2020 00:00:00;Salzburg(Stadt);501;154211;0;135;0;0;0;1;0;127
03.05.2020 00:00:00;Hallein;502;60374;0;68;1;1,656342;0;1;0;63
03.05.2020 00:00:00;Salzburg-Umgebung;503;152281;0;199;3;1,970042;0;9;1;165
03.05.2020 00:00:00;Sankt Johann im Pongau;504;80573;0;433;2;2,482221;0;15;0;400
03.05.2020 00:00:00;Tamsweg;505;20320;0;22;0;0;0;0;0;21
03.05.2020 00:00:00;Zell am See;506;87462;0;359;1;1,143354;0;9;2;337
03.05.2020 00:00:00;Graz(Stadt);601;288806;0;454;17;5,886304;0;39;4;297
03.05.2020 00:00:00;Deutschlandsberg;603;60821;0;48;2;3,288338;0;2;0;38
03.05.2020 00:00:00;Graz-Umgebung;606;154260;0;243;8;5,186049;0;33;5;141
03.05.2020 00:00:00;Leibnitz;610;82484;0;183;4;4,849425;0;4;0;173
03.05.2020 00:00:00;Leoben;611;60060;0;24;0;0;0;3;0;21
03.05.2020 00:00:00;Liezen;612;79901;0;88;0;0;0;1;0;80
03.05.2020 00:00:00;Murau;614;27659;0;7;1;3,61546;0;0;0;5
03.05.2020 00:00:00;Voitsberg;616;51161;1;104;4;7,818456;0;4;1;88
03.05.2020 00:00:00;Weiz;617;90343;0;164;6;6,641356;1;12;0;105
03.05.2020 00:00:00;Murtal;620;72004;0;32;0;0;0;1;0;29
03.05.2020 00:00:00;Bruck-Mürzzuschlag;621;98984;0;51;0;0;0;3;0;41
03.05.2020 00:00:00;Hartberg-Fürstenfeld;622;90622;0;312;3;3,310454;0;35;1;201
03.05.2020 00:00:00;Südoststeiermark;623;85947;0;59;1;1,163508;0;1;0;48
03.05.2020 00:00:00;Innsbruck-Stadt;701;132110;0;406;8;6,05556;0;6;0;367
03.05.2020 00:00:00;Imst;702;60056;2;290;4;6,66045;0;6;1;267
03.05.2020 00:00:00;Innsbruck-Land;703;179318;0;386;1;0,5576685;0;13;0;359
03.05.2020 00:00:00;Kitzbühel;704;63881;0;366;4;6,261643;0;11;0;340
03.05.2020 00:00:00;Kufstein;705;109682;0;516;1;0,9117267;0;34;2;452
03.05.2020 00:00:00;Landeck;706;44362;0;986;2;4,508363;0;15;8;952
03.05.2020 00:00:00;Lienz;707;48753;0;150;0;0;0;6;0;137
03.05.2020 00:00:00;Reutte;708;32670;0;56;0;0;0;1;0;54
03.05.2020 00:00:00;Schwaz;709;83873;0;344;2;2,384558;0;13;0;313
03.05.2020 00:00:00;Bludenz;801;63714;0;254;1;1,569514;0;4;1;244
03.05.2020 00:00:00;Bregenz;802;134383;0;263;3;2,232425;0;10;0;247
03.05.2020 00:00:00;Dornbirn;803;89041;0;152;0;0;0;4;0;136
03.05.2020 00:00:00;Feldkirch;804;107159;0;212;1;0,9331927;0;1;0;203
03.05.2020 00:00:00;Wien;900;1897491;5;2543;189;9,960522;2;169;9;1931
04.05.2020 00:00:00;Eisenstadt(Stadt);101;14637;0;16;0;0;0;0;0;16
04.05.2020 00:00:00;Rust(Stadt);102;1940;0;0;0;0;0;0;0;0
04.05.2020 00:00:00;Eisenstadt-Umgebung;103;42927;0;23;0;0;0;1;0;22
04.05.2020 00:00:00;Güssing;104;25797;0;23;0;0;0;0;0;20
04.05.2020 00:00:00;Jennersdorf;105;17066;0;10;1;5,859604;0;0;0;9
04.05.2020 00:00:00;Mattersburg;106;39925;1;49;3;7,514089;0;1;0;33
04.05.2020 00:00:00;Neusiedl am See;107;59552;0;56;0;0;0;4;0;46
04.05.2020 00:00:00;Oberpullendorf;108;37513;0;24;1;2,665743;0;1;0;18
04.05.2020 00:00:00;Oberwart;109;54076;0;131;5;9,246246;0;4;3;91
04.05.2020 00:00:00;Klagenfurt Stadt;201;100817;0;90;0;0;0;3;0;77
04.05.2020 00:00:00;Villach Stadt;202;62243;0;20;0;0;0;0;0;20
04.05.2020 00:00:00;Hermagor;203;18224;0;5;0;0;0;0;0;5
04.05.2020 00:00:00;Klagenfurt Land;204;59800;0;42;0;0;0;2;0;39
04.05.2020 00:00:00;Sankt Veit an der Glan;205;54555;0;52;0;0;0;0;1;48
04.05.2020 00:00:00;Spittal an der Drau;206;76091;0;41;0;0;0;1;2;40
04.05.2020 00:00:00;Villach Land;207;64668;0;48;0;0;0;2;0;46
04.05.2020 00:00:00;Völkermarkt;208;41878;0;53;0;0;0;4;0;45
04.05.2020 00:00:00;Wolfsberg;209;52726;0;43;0;0;0;1;0;39
04.05.2020 00:00:00;Feldkirchen;210;29937;0;15;0;0;0;0;0;15
04.05.2020 00:00:00;Krems an der Donau(Stadt);301;24876;0;39;1;4,019939;0;3;1;32
04.05.2020 00:00:00;Sankt Pölten(Stadt);302;55044;0;88;1;1,816728;0;2;1;79
04.05.2020 00:00:00;Waidhofen an der Ybbs(Stadt);303;11261;0;23;0;0;0;3;0;18
04.05.2020 00:00:00;Wiener Neustadt(Stadt);304;45277;0;46;6;13,25176;0;0;3;38
04.05.2020 00:00:00;Amstetten;305;116114;0;296;2;1,722445;0;15;2;256
04.05.2020 00:00:00;Baden;306;146203;0;145;4;2,735922;0;4;0;132
04.05.2020 00:00:00;Bruck an der Leitha;307;102010;1;83;3;2,940888;0;4;0;70
04.05.2020 00:00:00;Gänserndorf;308;103686;0;92;2;1,928901;0;2;1;77
04.05.2020 00:00:00;Gmünd;309;36773;0;14;0;0;0;0;0;12
04.05.2020 00:00:00;Hollabrunn;310;50858;0;34;3;5,898777;0;0;0;28
04.05.2020 00:00:00;Horn;311;31090;1;48;1;3,216468;0;4;1;38
04.05.2020 00:00:00;Korneuburg;312;90889;1;158;2;2,200486;0;5;3;141
04.05.2020 00:00:00;Krems(Land);313;56596;0;153;3;5,300728;0;8;2;131
04.05.2020 00:00:00;Lilienfeld;314;25812;1;42;1;3,874167;0;4;0;37
04.05.2020 00:00:00;Melk;315;77962;0;172;1;1,282676;0;4;4;160
04.05.2020 00:00:00;Mistelbach;316;75483;0;132;2;2,649603;1;7;0;113
04.05.2020 00:00:00;Mödling;317;118998;0;176;5;4,201751;0;7;1;158
04.05.2020 00:00:00;Neunkirchen;318;86291;0;183;0;0;0;3;0;183
04.05.2020 00:00:00;Sankt Pölten(Land);319;131044;0;266;2;1,526205;0;11;0;237
04.05.2020 00:00:00;Scheibbs;320;41403;0;103;0;0;0;0;0;99
04.05.2020 00:00:00;Tulln;321;103771;0;168;12;11,56392;0;5;1;121
04.05.2020 00:00:00;Waidhofen an der Thaya;322;25888;0;72;0;0;0;1;5;67
04.05.2020 00:00:00;Wiener Neustadt(Land);323;77991;0;74;3;3,846598;0;6;2;59
04.05.2020 00:00:00;Zwettl;325;42222;0;72;0;0;0;1;3;61
04.05.2020 00:00:00;Linz(Stadt);401;205726;0;304;3;1,45825;0;11;2;272
04.05.2020 00:00:00;Steyr(Stadt);402;38193;0;61;1;2,618281;0;2;2;53
04.05.2020 00:00:00;Wels(Stadt);403;61727;0;58;0;0;0;0;0;57
04.05.2020 00:00:00;Braunau am Inn;404;104408;0;131;0;0;0;3;1;115
04.05.2020 00:00:00;Eferding;405;33156;0;53;0;0;0;4;0;44
04.05.2020 00:00:00;Freistadt;406;66621;0;120;2;3,002056;0;5;1;104
04.05.2020 00:00:00;Gmunden;407;101631;0;72;1;0,9839517;0;2;0;61
04.05.2020 00:00:00;Grieskirchen;408;64721;0;74;0;0;0;1;2;71
04.05.2020 00:00:00;Kirchdorf an der Krems;409;56866;0;42;0;0;0;1;0;38
04.05.2020 00:00:00;Linz-Land;410;150273;0;204;2;1,330911;0;9;2;178
04.05.2020 00:00:00;Perg;411;68459;0;250;0;0;0;2;1;242
04.05.2020 00:00:00;Ried im Innkreis;412;61204;0;45;0;0;0;0;0;42
04.05.2020 00:00:00;Rohrbach;413;56524;0;150;1;1,76916;0;0;1;141
04.05.2020 00:00:00;Schärding;414;57307;0;58;1;1,744987;0;1;0;54
04.05.2020 00:00:00;Steyr-Land;415;60427;0;181;1;1,654889;0;7;0;149
04.05.2020 00:00:00;Urfahr-Umgebung;416;85505;0;280;1;1,169522;0;5;2;256
04.05.2020 00:00:00;Vöcklabruck;417;136253;0;108;0;0;0;4;0;101
04.05.2020 00:00:00;Wels-Land;418;73094;0;78;1;1,368101;0;0;2;76
04.05.2020 00:00:00;Salzburg(Stadt);501;154211;0;135;0;0;0;1;2;129
04.05.2020 00:00:00;Hallein;502;60374;0;68;1;1,656342;0;1;1;64
04.05.2020 00:00:00;Salzburg-Umgebung;503;152281;0;199;1;0,6566808;0;9;0;165
04.05.2020 00:00:00;Sankt Johann im Pongau;504;80573;0;433;1;1,241111;0;15;4;404
04.05.2020 00:00:00;Tamsweg;505;20320;0;22;0;0;0;0;0;21
04.05.2020 00:00:00;Zell am See;506;87462;0;359;0;0;0;9;1;338
04.05.2020 00:00:00;Graz(Stadt);601;288806;0;454;13;4,501292;0;39;7;304
04.05.2020 00:00:00;Deutschlandsberg;603;60821;0;48;1;1,644169;0;2;0;38
04.05.2020 00:00:00;Graz-Umgebung;606;154260;0;243;5;3,241281;0;33;10;151
04.05.2020 00:00:00;Leibnitz;610;82484;0;183;3;3,637069;0;4;1;174
04.05.2020 00:00:00;Leoben;611;60060;0;24;0;0;0;3;0;21
04.05.2020 00:00:00;Liezen;612;79901;0;88;0;0;0;1;0;80
04.05.2020 00:00:00;Murau;614;27659;0;7;1;3,61546;0;0;0;5
04.05.2020 00:00:00;Voitsberg;616;51161;0;104;2;3,909228;0;4;0;88
04.05.2020 00:00:00;Weiz;617;90343;1;165;6;6,641356;1;13;4;109
04.05.2020 00:00:00;Murtal;620;72004;0;32;0;0;0;1;0;29
04.05.2020 00:00:00;Bruck-Mürzzuschlag;621;98984;0;51;0;0;0;3;1;42
04.05.2020 00:00:00;Hartberg-Fürstenfeld;622;90622;1;313;4;4,413939;0;35;10;211
04.05.2020 00:00:00;Südoststeiermark;623;85947;1;60;2;2,327015;0;1;4;52
04.05.2020 00:00:00;Innsbruck-Stadt;701;132110;1;407;8;6,05556;0;6;0;367
04.05.2020 00:00:00;Imst;702;60056;0;290;4;6,66045;0;6;1;268
04.05.2020 00:00:00;Innsbruck-Land;703;179318;0;386;1;0,5576685;0;13;2;361
04.05.2020 00:00:00;Kitzbühel;704;63881;0;366;4;6,261643;0;11;1;341
04.05.2020 00:00:00;Kufstein;705;109682;1;517;2;1,823453;0;34;3;455
04.05.2020 00:00:00;Landeck;706;44362;0;986;2;4,508363;1;16;7;959
04.05.2020 00:00:00;Lienz;707;48753;1;151;1;2,051156;0;6;0;137
04.05.2020 00:00:00;Reutte;708;32670;0;56;0;0;0;1;0;54
04.05.2020 00:00:00;Schwaz;709;83873;0;344;2;2,384558;0;13;6;319
04.05.2020 00:00:00;Bludenz;801;63714;0;254;1;1,569514;0;4;2;246
04.05.2020 00:00:00;Bregenz;802;134383;0;263;3;2,232425;0;10;1;248
04.05.2020 00:00:00;Dornbirn;803;89041;0;152;0;0;0;4;4;140
04.05.2020 00:00:00;Feldkirch;804;107159;0;212;1;0,9331927;0;1;1;204
04.05.2020 00:00:00;Wien;900;1897491;19;2562;194;10,22403;0;169;21;1952
05.05.2020 00:00:00;Eisenstadt(Stadt);101;14637;0;16;0;0;0;0;0;16
05.05.2020 00:00:00;Rust(Stadt);102;1940;0;0;0;0;0;0;0;0
05.05.2020 00:00:00;Eisenstadt-Umgebung;103;42927;0;23;0;0;0;1;0;22
05.05.2020 00:00:00;Güssing;104;25797;0;23;0;0;0;0;1;21
05.05.2020 00:00:00;Jennersdorf;105;17066;0;10;1;5,859604;0;0;0;9
05.05.2020 00:00:00;Mattersburg;106;39925;1;50;2;5,009393;0;1;0;33
05.05.2020 00:00:00;Neusiedl am See;107;59552;0;56;0;0;0;4;0;46
05.05.2020 00:00:00;Oberpullendorf;108;37513;0;24;1;2,665743;0;1;2;20
05.05.2020 00:00:00;Oberwart;109;54076;0;131;4;7,396997;0;4;1;92
05.05.2020 00:00:00;Klagenfurt Stadt;201;100817;0;90;0;0;0;3;0;77
05.05.2020 00:00:00;Villach Stadt;202;62243;1;21;1;1,606606;0;0;0;20
05.05.2020 00:00:00;Hermagor;203;18224;0;5;0;0;0;0;0;5
05.05.2020 00:00:00;Klagenfurt Land;204;59800;0;42;0;0;0;2;0;39
05.05.2020 00:00:00;Sankt Veit an der Glan;205;54555;0;52;0;0;0;0;0;48
05.05.2020 00:00:00;Spittal an der Drau;206;76091;0;41;0;0;0;1;0;40
05.05.2020 00:00:00;Villach Land;207;64668;0;48;0;0;0;2;0;46
05.05.2020 00:00:00;Völkermarkt;208;41878;0;53;0;0;0;4;0;45
05.05.2020 00:00:00;Wolfsberg;209;52726;0;43;0;0;0;1;0;39
05.05.2020 00:00:00;Feldkirchen;210;29937;0;15;0;0;0;0;0;15
05.05.2020 00:00:00;Krems an der Donau(Stadt);301;24876;0;39;1;4,019939;0;3;1;33
05.05.2020 00:00:00;Sankt Pölten(Stadt);302;55044;0;88;1;1,816728;0;2;0;79
05.05.2020 00:00:00;Waidhofen an der Ybbs(Stadt);303;11261;0;23;0;0;0;3;0;18
05.05.2020 00:00:00;Wiener Neustadt(Stadt);304;45277;2;48;3;6,625881;0;0;0;38
05.05.2020 00:00:00;Amstetten;305;116114;0;296;2;1,722445;1;16;1;257
05.05.2020 00:00:00;Baden;306;146203;2;147;6;4,103883;0;4;1;133
05.05.2020 00:00:00;Bruck an der Leitha;307;102010;1;84;3;2,940888;0;4;1;71
05.05.2020 00:00:00;Gänserndorf;308;103686;1;93;3;2,893351;0;2;1;78
05.05.2020 00:00:00;Gmünd;309;36773;0;14;0;0;0;0;1;13
05.05.2020 00:00:00;Hollabrunn;310;50858;0;34;3;5,898777;0;0;0;28
05.05.2020 00:00:00;Horn;311;31090;0;48;1;3,216468;0;4;1;39
05.05.2020 00:00:00;Korneuburg;312;90889;1;159;3;3,30073;0;5;2;143
05.05.2020 00:00:00;Krems(Land);313;56596;0;153;3;5,300728;0;8;3;134
05.05.2020 00:00:00;Lilienfeld;314;25812;0;42;1;3,874167;1;5;0;37
05.05.2020 00:00:00;Melk;315;77962;0;172;1;1,282676;0;4;2;162
05.05.2020 00:00:00;Mistelbach;316;75483;2;134;3;3,974405;0;7;2;115
05.05.2020 00:00:00;Mödling;317;118998;0;176;3;2,521051;0;7;2;160
05.05.2020 00:00:00;Neunkirchen;318;86291;1;184;1;1,158869;0;3;0;183
05.05.2020 00:00:00;Sankt Pölten(Land);319;131044;0;266;2;1,526205;0;11;5;242
05.05.2020 00:00:00;Scheibbs;320;41403;0;103;0;0;0;0;0;99
05.05.2020 00:00:00;Tulln;321;103771;0;168;12;11,56392;0;5;0;121
05.05.2020 00:00:00;Waidhofen an der Thaya;322;25888;0;72;0;0;0;1;1;68
05.05.2020 00:00:00;Wiener Neustadt(Land);323;77991;3;77;6;7,693195;0;6;0;59
05.05.2020 00:00:00;Zwettl;325;42222;0;72;0;0;0;1;0;61
05.05.2020 00:00:00;Linz(Stadt);401;205726;0;304;2;0,9721668;0;11;3;275
05.05.2020 00:00:00;Steyr(Stadt);402;38193;0;61;1;2,618281;0;2;0;53
05.05.2020 00:00:00;Wels(Stadt);403;61727;0;58;0;0;0;0;1;58
05.05.2020 00:00:00;Braunau am Inn;404;104408;0;131;0;0;0;3;1;116
05.05.2020 00:00:00;Eferding;405;33156;0;53;0;0;0;4;0;44
05.05.2020 00:00:00;Freistadt;406;66621;1;121;2;3,002056;0;5;2;106
05.05.2020 00:00:00;Gmunden;407;101631;0;72;0;0;0;2;2;63
05.05.2020 00:00:00;Grieskirchen;408;64721;0;74;0;0;0;1;0;71
05.05.2020 00:00:00;Kirchdorf an der Krems;409;56866;0;42;0;0;0;1;1;39
05.05.2020 00:00:00;Linz-Land;410;150273;0;204;2;1,330911;0;9;4;182
05.05.2020 00:00:00;Perg;411;68459;0;250;0;0;0;2;0;242
05.05.2020 00:00:00;Ried im Innkreis;412;61204;0;45;0;0;0;0;0;42
05.05.2020 00:00:00;Rohrbach;413;56524;0;150;1;1,76916;0;0;2;143
05.05.2020 00:00:00;Schärding;414;57307;0;58;0;0;0;1;2;56
05.05.2020 00:00:00;Steyr-Land;415;60427;0;181;1;1,654889;0;7;1;150
05.05.2020 00:00:00;Urfahr-Umgebung;416;85505;0;280;1;1,169522;0;5;4;260
05.05.2020 00:00:00;Vöcklabruck;417;136253;0;108;0;0;0;4;0;101
05.05.2020 00:00:00;Wels-Land;418;73094;0;78;0;0;0;0;0;76
05.05.2020 00:00:00;Salzburg(Stadt);501;154211;0;135;0;0;0;1;0;129
05.05.2020 00:00:00;Hallein;502;60374;0;68;1;1,656342;0;1;0;64
05.05.2020 00:00:00;Salzburg-Umgebung;503;152281;1;200;2;1,313362;0;9;5;170
05.05.2020 00:00:00;Sankt Johann im Pongau;504;80573;0;433;1;1,241111;0;15;0;404
05.05.2020 00:00:00;Tamsweg;505;20320;0;22;0;0;0;0;0;21
05.05.2020 00:00:00;Zell am See;506;87462;0;359;0;0;0;9;1;339
05.05.2020 00:00:00;Graz(Stadt);601;288806;0;454;7;2,423772;0;39;7;311
05.05.2020 00:00:00;Deutschlandsberg;603;60821;0;48;1;1,644169;0;2;0;38
05.05.2020 00:00:00;Graz-Umgebung;606;154260;0;243;3;1,944769;0;33;6;157
05.05.2020 00:00:00;Leibnitz;610;82484;0;183;3;3,637069;0;4;0;174
05.05.2020 00:00:00;Leoben;611;60060;0;24;0;0;0;3;0;21
05.05.2020 00:00:00;Liezen;612;79901;0;88;0;0;0;1;3;83
05.05.2020 00:00:00;Murau;614;27659;0;7;0;0;0;0;0;5
05.05.2020 00:00:00;Voitsberg;616;51161;0;104;2;3,909228;0;4;1;89
05.05.2020 00:00:00;Weiz;617;90343;1;166;7;7,748249;0;13;3;112
05.05.2020 00:00:00;Murtal;620;72004;0;32;0;0;0;1;0;29
05.05.2020 00:00:00;Bruck-Mürzzuschlag;621;98984;0;51;0;0;0;3;0;42
05.05.2020 00:00:00;Hartberg-Fürstenfeld;622;90622;2;315;5;5,517424;0;35;4;215
05.05.2020 00:00:00;Südoststeiermark;623;85947;1;61;3;3,490523;0;1;0;52
05.05.2020 00:00:00;Innsbruck-Stadt;701;132110;0;407;6;4,54167;0;6;3;370
05.05.2020 00:00:00;Imst;702;60056;0;290;3;4,995337;0;6;1;269
05.05.2020 00:00:00;Innsbruck-Land;703;179318;1;387;1;0,5576685;0;13;4;365
05.05.2020 00:00:00;Kitzbühel;704;63881;0;366;4;6,261643;0;11;1;342
05.05.2020 00:00:00;Kufstein;705;109682;2;519;4;3,646907;0;34;2;457
05.05.2020 00:00:00;Landeck;706;44362;1;987;3;6,762545;0;16;0;959
05.05.2020 00:00:00;Lienz;707;48753;0;151;1;2,051156;0;6;0;137
05.05.2020 00:00:00;Reutte;708;32670;0;56;0;0;0;1;0;54
05.05.2020 00:00:00;Schwaz;709;83873;1;345;3;3,576836;1;14;4;323
05.05.2020 00:00:00;Bludenz;801;63714;0;254;1;1,569514;0;4;0;246
05.05.2020 00:00:00;Bregenz;802;134383;0;263;2;1,488284;0;10;0;248
05.05.2020 00:00:00;Dornbirn;803;89041;0;152;0;0;0;4;1;141
05.05.2020 00:00:00;Feldkirch;804;107159;0;212;1;0,9331927;0;1;1;205
05.05.2020 00:00:00;Wien;900;1897491;29;2591;185;9,749717;0;169;22;1974
06.05.2020 00:00:00;Eisenstadt(Stadt);101;14637;0;16;0;0;0;0;0;16
06.05.2020 00:00:00;Rust(Stadt);102;1940;0;0;0;0;0;0;0;0
06.05.2020 00:00:00;Eisenstadt-Umgebung;103;42927;0;23;0;0;0;1;0;22
06.05.2020 00:00:00;Güssing;104;25797;0;23;0;0;0;0;0;21
06.05.2020 00:00:00;Jennersdorf;105;17066;0;10;1;5,859604;0;0;0;9
06.05.2020 00:00:00;Mattersburg;106;39925;0;50;2;5,009393;0;1;6;39
06.05.2020 00:00:00;Neusiedl am See;107;59552;0;56;0;0;0;4;1;47
06.05.2020 00:00:00;Oberpullendorf;108;37513;0;24;1;2,665743;0;1;0;20
06.05.2020 00:00:00;Oberwart;109;54076;0;131;4;7,396997;0;4;3;95
06.05.2020 00:00:00;Klagenfurt Stadt;201;100817;0;90;0;0;0;3;1;78
06.05.2020 00:00:00;Villach Stadt;202;62243;0;21;1;1,606606;0;0;0;20
06.05.2020 00:00:00;Hermagor;203;18224;0;5;0;0;0;0;0;5
06.05.2020 00:00:00;Klagenfurt Land;204;59800;0;42;0;0;0;2;0;39
06.05.2020 00:00:00;Sankt Veit an der Glan;205;54555;0;52;0;0;0;0;1;49
06.05.2020 00:00:00;Spittal an der Drau;206;76091;0;41;0;0;0;1;0;40
06.05.2020 00:00:00;Villach Land;207;64668;0;48;0;0;0;2;0;46
06.05.2020 00:00:00;Völkermarkt;208;41878;0;53;0;0;0;4;1;46
06.05.2020 00:00:00;Wolfsberg;209;52726;0;43;0;0;0;1;0;39
06.05.2020 00:00:00;Feldkirchen;210;29937;0;15;0;0;0;0;0;15
06.05.2020 00:00:00;Krems an der Donau(Stadt);301;24876;0;39;1;4,019939;0;3;0;33
06.05.2020 00:00:00;Sankt Pölten(Stadt);302;55044;0;88;1;1,816728;0;2;2;81
06.05.2020 00:00:00;Waidhofen an der Ybbs(Stadt);303;11261;0;23;0;0;0;3;0;18
06.05.2020 00:00:00;Wiener Neustadt(Stadt);304;45277;2;50;5;11,04313;0;0;0;38
06.05.2020 00:00:00;Amstetten;305;116114;0;296;1;0,8612226;0;16;7;264
06.05.2020 00:00:00;Baden;306;146203;0;147;6;4,103883;0;4;0;133
06.05.2020 00:00:00;Bruck an der Leitha;307;102010;2;86;5;4,90148;0;4;2;73
06.05.2020 00:00:00;Gänserndorf;308;103686;0;93;3;2,893351;0;2;1;79
06.05.2020 00:00:00;Gmünd;309;36773;0;14;0;0;0;0;0;13
06.05.2020 00:00:00;Hollabrunn;310;50858;0;34;3;5,898777;0;0;0;28
06.05.2020 00:00:00;Horn;311;31090;0;48;1;3,216468;0;4;0;39
06.05.2020 00:00:00;Korneuburg;312;90889;4;163;7;7,701702;0;5;2;145
06.05.2020 00:00:00;Krems(Land);313;56596;0;153;2;3,533819;0;8;3;137
06.05.2020 00:00:00;Lilienfeld;314;25812;1;43;2;7,748334;0;5;0;37
06.05.2020 00:00:00;Melk;315;77962;0;172;0;0;0;4;0;162
06.05.2020 00:00:00;Mistelbach;316;75483;0;134;2;2,649603;0;7;0;115
06.05.2020 00:00:00;Mödling;317;118998;0;176;3;2,521051;0;7;1;161
06.05.2020 00:00:00;Neunkirchen;318;86291;0;184;1;1,158869;0;3;2;185
06.05.2020 00:00:00;Sankt Pölten(Land);319;131044;0;266;2;1,526205;0;11;3;245
06.05.2020 00:00:00;Scheibbs;320;41403;0;103;0;0;0;0;0;99
06.05.2020 00:00:00;Tulln;321;103771;1;169;8;7,709283;0;5;6;127
06.05.2020 00:00:00;Waidhofen an der Thaya;322;25888;0;72;0;0;0;1;0;68
06.05.2020 00:00:00;Wiener Neustadt(Land);323;77991;1;78;7;8,975394;0;6;0;59
06.05.2020 00:00:00;Zwettl;325;42222;0;72;0;0;0;1;0;61
06.05.2020 00:00:00;Linz(Stadt);401;205726;1;305;2;0,9721668;0;11;0;275
06.05.2020 00:00:00;Steyr(Stadt);402;38193;0;61;1;2,618281;0;2;1;54
06.05.2020 00:00:00;Wels(Stadt);403;61727;0;58;0;0;0;0;0;58
06.05.2020 00:00:00;Braunau am Inn;404;104408;0;131;0;0;0;3;1;117
06.05.2020 00:00:00;Eferding;405;33156;0;53;0;0;0;4;2;46
06.05.2020 00:00:00;Freistadt;406;66621;0;121;2;3,002056;0;5;1;107
06.05.2020 00:00:00;Gmunden;407;101631;0;72;0;0;0;2;1;64
06.05.2020 00:00:00;Grieskirchen;408;64721;0;74;0;0;0;1;0;71
06.05.2020 00:00:00;Kirchdorf an der Krems;409;56866;1;43;1;1,75852;0;1;0;39
06.05.2020 00:00:00;Linz-Land;410;150273;0;204;0;0;0;9;1;183
06.05.2020 00:00:00;Perg;411;68459;0;250;0;0;0;2;1;243
06.05.2020 00:00:00;Ried im Innkreis;412;61204;1;46;1;1,63388;0;0;0;42
06.05.2020 00:00:00;Rohrbach;413;56524;0;150;1;1,76916;0;0;1;144
06.05.2020 00:00:00;Schärding;414;57307;0;58;0;0;0;1;0;56
06.05.2020 00:00:00;Steyr-Land;415;60427;0;181;1;1,654889;0;7;4;154
06.05.2020 00:00:00;Urfahr-Umgebung;416;85505;0;280;1;1,169522;0;5;1;261
06.05.2020 00:00:00;Vöcklabruck;417;136253;0;108;0;0;0;4;2;103
06.05.2020 00:00:00;Wels-Land;418;73094;0;78;0;0;0;0;0;76
06.05.2020 00:00:00;Salzburg(Stadt);501;154211;0;135;0;0;0;1;0;129
06.05.2020 00:00:00;Hallein;502;60374;0;68;1;1,656342;0;1;0;64
06.05.2020 00:00:00;Salzburg-Umgebung;503;152281;0;200;1;0,6566808;0;9;2;172
06.05.2020 00:00:00;Sankt Johann im Pongau;504;80573;0;433;1;1,241111;0;15;1;405
06.05.2020 00:00:00;Tamsweg;505;20320;0;22;0;0;0;0;1;22
06.05.2020 00:00:00;Zell am See;506;87462;0;359;0;0;0;9;1;340
06.05.2020 00:00:00;Graz(Stadt);601;288806;3;457;8;2,770025;0;39;10;321
06.05.2020 00:00:00;Deutschlandsberg;603;60821;0;48;1;1,644169;0;2;2;40
06.05.2020 00:00:00;Graz-Umgebung;606;154260;1;244;3;1,944769;0;33;6;163
06.05.2020 00:00:00;Leibnitz;610;82484;0;183;2;2,424713;0;4;1;175
06.05.2020 00:00:00;Leoben;611;60060;0;24;0;0;0;3;0;21
06.05.2020 00:00:00;Liezen;612;79901;0;88;0;0;0;1;0;83
06.05.2020 00:00:00;Murau;614;27659;0;7;0;0;0;0;0;5
06.05.2020 00:00:00;Voitsberg;616;51161;1;105;3;5,863842;0;4;0;89
06.05.2020 00:00:00;Weiz;617;90343;1;167;8;8,855141;0;13;3;115
06.05.2020 00:00:00;Murtal;620;72004;0;32;0;0;0;1;0;29
06.05.2020 00:00:00;Bruck-Mürzzuschlag;621;98984;0;51;0;0;0;3;0;42
06.05.2020 00:00:00;Hartberg-Fürstenfeld;622;90622;0;315;5;5,517424;0;35;5;220
06.05.2020 00:00:00;Südoststeiermark;623;85947;2;63;5;5,817539;0;1;0;52
06.05.2020 00:00:00;Innsbruck-Stadt;701;132110;0;407;6;4,54167;0;6;3;373
06.05.2020 00:00:00;Imst;702;60056;1;291;3;4,995337;0;6;0;269
06.05.2020 00:00:00;Innsbruck-Land;703;179318;0;387;1;0,5576685;0;13;1;366
06.05.2020 00:00:00;Kitzbühel;704;63881;0;366;3;4,696232;0;11;0;342
06.05.2020 00:00:00;Kufstein;705;109682;1;520;5;4,558633;0;34;1;458
06.05.2020 00:00:00;Landeck;706;44362;0;987;1;2,254182;0;16;3;962
06.05.2020 00:00:00;Lienz;707;48753;0;151;1;2,051156;0;6;0;137
06.05.2020 00:00:00;Reutte;708;32670;0;56;0;0;0;1;1;55
06.05.2020 00:00:00;Schwaz;709;83873;1;346;3;3,576836;0;14;1;324
06.05.2020 00:00:00;Bludenz;801;63714;0;254;1;1,569514;0;4;0;246
06.05.2020 00:00:00;Bregenz;802;134383;0;263;0;0;0;10;1;249
06.05.2020 00:00:00;Dornbirn;803;89041;0;152;0;0;0;4;0;141
06.05.2020 00:00:00;Feldkirch;804;107159;0;212;1;0,9331927;0;1;1;206
06.05.2020 00:00:00;Wien;900;1897491;21;2612;180;9,486211;4;173;14;1988
07.05.2020 00:00:00;Eisenstadt(Stadt);101;14637;0;16;0;0;0;0;0;16
07.05.2020 00:00:00;Rust(Stadt);102;1940;0;0;0;0;0;0;0;0
07.05.2020 00:00:00;Eisenstadt-Umgebung;103;42927;0;23;0;0;0;1;0;22
07.05.2020 00:00:00;Güssing;104;25797;0;23;0;0;0;0;0;21
07.05.2020 00:00:00;Jennersdorf;105;17066;0;10;1;5,859604;0;0;0;9
07.05.2020 00:00:00;Mattersburg;106;39925;0;50;2;5,009393;0;1;1;40
07.05.2020 00:00:00;Neusiedl am See;107;59552;0;56;0;0;0;4;2;49
07.05.2020 00:00:00;Oberpullendorf;108;37513;0;24;0;0;0;1;0;20
07.05.2020 00:00:00;Oberwart;109;54076;0;131;3;5,547748;0;4;4;99
07.05.2020 00:00:00;Klagenfurt Stadt;201;100817;0;90;0;0;0;3;5;83
07.05.2020 00:00:00;Villach Stadt;202;62243;0;21;1;1,606606;0;0;0;20
07.05.2020 00:00:00;Hermagor;203;18224;0;5;0;0;0;0;0;5
07.05.2020 00:00:00;Klagenfurt Land;204;59800;0;42;0;0;0;2;0;39
07.05.2020 00:00:00;Sankt Veit an der Glan;205;54555;0;52;0;0;0;0;0;49
07.05.2020 00:00:00;Spittal an der Drau;206;76091;0;41;0;0;0;1;0;40
07.05.2020 00:00:00;Villach Land;207;64668;0;48;0;0;0;2;0;46
07.05.2020 00:00:00;Völkermarkt;208;41878;0;53;0;0;0;4;0;46
07.05.2020 00:00:00;Wolfsberg;209;52726;0;43;0;0;0;1;0;39
07.05.2020 00:00:00;Feldkirchen;210;29937;0;15;0;0;0;0;0;15
07.05.2020 00:00:00;Krems an der Donau(Stadt);301;24876;0;39;0;0;0;3;1;34
07.05.2020 00:00:00;Sankt Pölten(Stadt);302;55044;1;89;2;3,633457;0;2;1;82
07.05.2020 00:00:00;Waidhofen an der Ybbs(Stadt);303;11261;0;23;0;0;0;3;1;19
07.05.2020 00:00:00;Wiener Neustadt(Stadt);304;45277;0;50;5;11,04313;0;0;0;38
07.05.2020 00:00:00;Amstetten;305;116114;1;297;1;0,8612226;0;16;3;267
07.05.2020 00:00:00;Baden;306;146203;0;147;5;3,419903;0;4;2;135
07.05.2020 00:00:00;Bruck an der Leitha;307;102010;0;86;5;4,90148;0;4;1;74
07.05.2020 00:00:00;Gänserndorf;308;103686;0;93;1;0,9644504;0;2;2;81
07.05.2020 00:00:00;Gmünd;309;36773;0;14;0;0;0;0;0;13
07.05.2020 00:00:00;Hollabrunn;310;50858;0;34;1;1,966259;0;0;2;30
07.05.2020 00:00:00;Horn;311;31090;2;50;3;9,649405;0;4;0;39
07.05.2020 00:00:00;Korneuburg;312;90889;0;163;7;7,701702;0;5;0;145
07.05.2020 00:00:00;Krems(Land);313;56596;0;153;2;3,533819;0;8;1;138
07.05.2020 00:00:00;Lilienfeld;314;25812;0;43;2;7,748334;0;5;0;37
07.05.2020 00:00:00;Melk;315;77962;0;172;0;0;0;4;1;163
07.05.2020 00:00:00;Mistelbach;316;75483;1;135;3;3,974405;0;7;0;115
07.05.2020 00:00:00;Mödling;317;118998;1;177;2;1,680701;0;7;0;161
07.05.2020 00:00:00;Neunkirchen;318;86291;0;184;1;1,158869;0;3;0;185
07.05.2020 00:00:00;Sankt Pölten(Land);319;131044;0;266;1;0,7631025;0;11;1;246
07.05.2020 00:00:00;Scheibbs;320;41403;0;103;0;0;0;0;1;100
07.05.2020 00:00:00;Tulln;321;103771;0;169;3;2,890981;0;5;4;131
07.05.2020 00:00:00;Waidhofen an der Thaya;322;25888;0;72;0;0;0;1;1;69
07.05.2020 00:00:00;Wiener Neustadt(Land);323;77991;0;78;6;7,693195;0;6;0;59
07.05.2020 00:00:00;Zwettl;325;42222;0;72;0;0;0;1;5;66
07.05.2020 00:00:00;Linz(Stadt);401;205726;1;306;3;1,45825;0;11;0;275
07.05.2020 00:00:00;Steyr(Stadt);402;38193;0;61;0;0;0;2;0;54
07.05.2020 00:00:00;Wels(Stadt);403;61727;0;58;0;0;0;0;0;58
07.05.2020 00:00:00;Braunau am Inn;404;104408;0;131;0;0;0;3;2;119
07.05.2020 00:00:00;Eferding;405;33156;0;53;0;0;0;4;0;46
07.05.2020 00:00:00;Freistadt;406;66621;0;121;2;3,002056;0;5;0;107
07.05.2020 00:00:00;Gmunden;407;101631;0;72;0;0;0;2;0;64
07.05.2020 00:00:00;Grieskirchen;408;64721;0;74;0;0;0;1;0;71
07.05.2020 00:00:00;Kirchdorf an der Krems;409;56866;0;43;1;1,75852;0;1;2;41
07.05.2020 00:00:00;Linz-Land;410;150273;0;204;0;0;0;9;1;184
07.05.2020 00:00:00;Perg;411;68459;0;250;0;0;0;2;1;244
07.05.2020 00:00:00;Ried im Innkreis;412;61204;0;46;1;1,63388;0;0;2;44
07.05.2020 00:00:00;Rohrbach;413;56524;0;150;1;1,76916;0;0;3;147
07.05.2020 00:00:00;Schärding;414;57307;0;58;0;0;0;1;1;57
07.05.2020 00:00:00;Steyr-Land;415;60427;0;181;0;0;0;7;4;158
07.05.2020 00:00:00;Urfahr-Umgebung;416;85505;0;280;1;1,169522;0;5;1;262
07.05.2020 00:00:00;Vöcklabruck;417;136253;0;108;0;0;0;4;0;103
07.05.2020 00:00:00;Wels-Land;418;73094;0;78;0;0;0;0;0;76
07.05.2020 00:00:00;Salzburg(Stadt);501;154211;0;135;0;0;0;1;1;130
07.05.2020 00:00:00;Hallein;502;60374;0;68;1;1,656342;0;1;1;65
07.05.2020 00:00:00;Salzburg-Umgebung;503;152281;0;200;1;0,6566808;0;9;0;172
07.05.2020 00:00:00;Sankt Johann im Pongau;504;80573;0;433;1;1,241111;0;15;0;405
07.05.2020 00:00:00;Tamsweg;505;20320;0;22;0;0;0;0;0;22
07.05.2020 00:00:00;Zell am See;506;87462;0;359;0;0;0;9;1;341
07.05.2020 00:00:00;Graz(Stadt);601;288806;0;457;5;1,731266;0;39;11;332
07.05.2020 00:00:00;Deutschlandsberg;603;60821;0;48;1;1,644169;0;2;1;41
07.05.2020 00:00:00;Graz-Umgebung;606;154260;0;244;3;1,944769;0;33;2;165
07.05.2020 00:00:00;Leibnitz;610;82484;0;183;2;2,424713;0;4;0;175
07.05.2020 00:00:00;Leoben;611;60060;0;24;0;0;0;3;0;21
07.05.2020 00:00:00;Liezen;612;79901;0;88;0;0;0;1;0;83
07.05.2020 00:00:00;Murau;614;27659;0;7;0;0;0;0;0;5
07.05.2020 00:00:00;Voitsberg;616;51161;1;106;3;5,863842;0;4;0;89
07.05.2020 00:00:00;Weiz;617;90343;2;169;9;9,962033;0;13;1;116
07.05.2020 00:00:00;Murtal;620;72004;0;32;0;0;0;1;0;29
07.05.2020 00:00:00;Bruck-Mürzzuschlag;621;98984;0;51;0;0;0;3;0;42
07.05.2020 00:00:00;Hartberg-Fürstenfeld;622;90622;1;316;6;6,620909;0;35;6;226
07.05.2020 00:00:00;Südoststeiermark;623;85947;0;63;5;5,817539;0;1;1;53
07.05.2020 00:00:00;Innsbruck-Stadt;701;132110;0;407;4;3,02778;0;6;2;375
07.05.2020 00:00:00;Imst;702;60056;1;292;4;6,66045;0;6;1;270
07.05.2020 00:00:00;Innsbruck-Land;703;179318;0;387;1;0,5576685;0;13;2;368
07.05.2020 00:00:00;Kitzbühel;704;63881;0;366;1;1,565411;0;11;3;345
07.05.2020 00:00:00;Kufstein;705;109682;1;521;5;4,558633;0;34;2;460
07.05.2020 00:00:00;Landeck;706;44362;0;987;1;2,254182;0;16;1;963
07.05.2020 00:00:00;Lienz;707;48753;0;151;1;2,051156;0;6;0;137
07.05.2020 00:00:00;Reutte;708;32670;0;56;0;0;0;1;0;55
07.05.2020 00:00:00;Schwaz;709;83873;0;346;3;3,576836;0;14;0;324
07.05.2020 00:00:00;Bludenz;801;63714;0;254;1;1,569514;0;4;0;246
07.05.2020 00:00:00;Bregenz;802;134383;0;263;0;0;0;10;0;249
07.05.2020 00:00:00;Dornbirn;803;89041;0;152;0;0;0;4;1;142
07.05.2020 00:00:00;Feldkirch;804;107159;0;212;1;0,9331927;0;1;1;207
07.05.2020 00:00:00;Wien;900;1897491;24;2636;173;9,117303;2;175;23;2011
08.05.2020 00:00:00;Eisenstadt(Stadt);101;14637;0;16;0;0;0;0;0;16
08.05.2020 00:00:00;Rust(Stadt);102;1940;0;0;0;0;0;0;0;0
08.05.2020 00:00:00;Eisenstadt-Umgebung;103;42927;0;23;0;0;0;1;0;22
08.05.2020 00:00:00;Güssing;104;25797;0;23;0;0;0;0;1;22
08.05.2020 00:00:00;Jennersdorf;105;17066;0;10;0;0;0;0;0;9
08.05.2020 00:00:00;Mattersburg;106;39925;0;50;2;5,009393;0;1;0;40
08.05.2020 00:00:00;Neusiedl am See;107;59552;0;56;0;0;0;4;1;50
08.05.2020 00:00:00;Oberpullendorf;108;37513;0;24;0;0;0;1;0;20
08.05.2020 00:00:00;Oberwart;109;54076;0;131;2;3,698498;0;4;4;103
08.05.2020 00:00:00;Klagenfurt Stadt;201;100817;0;90;0;0;0;3;0;83
08.05.2020 00:00:00;Villach Stadt;202;62243;0;21;1;1,606606;0;0;0;20
08.05.2020 00:00:00;Hermagor;203;18224;0;5;0;0;0;0;0;5
08.05.2020 00:00:00;Klagenfurt Land;204;59800;0;42;0;0;0;2;0;39
08.05.2020 00:00:00;Sankt Veit an der Glan;205;54555;0;52;0;0;0;0;0;49
08.05.2020 00:00:00;Spittal an der Drau;206;76091;0;41;0;0;0;1;0;40
08.05.2020 00:00:00;Villach Land;207;64668;0;48;0;0;0;2;0;46
08.05.2020 00:00:00;Völkermarkt;208;41878;0;53;0;0;0;4;1;47
08.05.2020 00:00:00;Wolfsberg;209;52726;0;43;0;0;0;1;2;41
08.05.2020 00:00:00;Feldkirchen;210;29937;0;15;0;0;0;0;0;15
08.05.2020 00:00:00;Krems an der Donau(Stadt);301;24876;0;39;0;0;0;3;1;35
08.05.2020 00:00:00;Sankt Pölten(Stadt);302;55044;0;89;1;1,816728;0;2;0;82
08.05.2020 00:00:00;Waidhofen an der Ybbs(Stadt);303;11261;1;24;1;8,880206;0;3;0;19
08.05.2020 00:00:00;Wiener Neustadt(Stadt);304;45277;2;52;6;13,25176;0;0;0;38
08.05.2020 00:00:00;Amstetten;305;116114;0;297;1;0,8612226;0;16;2;269
08.05.2020 00:00:00;Baden;306;146203;1;148;5;3,419903;0;4;0;135
08.05.2020 00:00:00;Bruck an der Leitha;307;102010;3;89;7;6,862072;0;4;1;75
08.05.2020 00:00:00;Gänserndorf;308;103686;0;93;1;0,9644504;0;2;1;82
08.05.2020 00:00:00;Gmünd;309;36773;0;14;0;0;0;0;1;14
08.05.2020 00:00:00;Hollabrunn;310;50858;0;34;0;0;0;0;0;30
08.05.2020 00:00:00;Horn;311;31090;1;51;4;12,86587;0;4;2;41
08.05.2020 00:00:00;Korneuburg;312;90889;0;163;7;7,701702;0;5;0;145
08.05.2020 00:00:00;Krems(Land);313;56596;0;153;2;3,533819;0;8;1;139
08.05.2020 00:00:00;Lilienfeld;314;25812;1;44;3;11,6225;0;5;0;37
08.05.2020 00:00:00;Melk;315;77962;0;172;0;0;0;4;1;164
08.05.2020 00:00:00;Mistelbach;316;75483;0;135;3;3,974405;0;7;1;116
08.05.2020 00:00:00;Mödling;317;118998;0;177;1;0,8403503;0;7;0;161
08.05.2020 00:00:00;Neunkirchen;318;86291;1;185;2;2,317739;0;3;1;186
08.05.2020 00:00:00;Sankt Pölten(Land);319;131044;0;266;1;0,7631025;0;11;3;249
08.05.2020 00:00:00;Scheibbs;320;41403;0;103;0;0;0;0;0;100
08.05.2020 00:00:00;Tulln;321;103771;0;169;3;2,890981;0;5;0;131
08.05.2020 00:00:00;Waidhofen an der Thaya;322;25888;0;72;0;0;0;1;1;70
08.05.2020 00:00:00;Wiener Neustadt(Land);323;77991;2;80;8;10,25759;0;6;2;61
08.05.2020 00:00:00;Zwettl;325;42222;0;72;0;0;0;1;0;66
08.05.2020 00:00:00;Linz(Stadt);401;205726;0;306;3;1,45825;1;12;4;279
08.05.2020 00:00:00;Steyr(Stadt);402;38193;0;61;0;0;0;2;0;54
08.05.2020 00:00:00;Wels(Stadt);403;61727;0;58;0;0;0;0;0;58
08.05.2020 00:00:00;Braunau am Inn;404;104408;0;131;0;0;0;3;3;122
08.05.2020 00:00:00;Eferding;405;33156;0;53;0;0;0;4;0;46
08.05.2020 00:00:00;Freistadt;406;66621;0;121;2;3,002056;0;5;1;108
08.05.2020 00:00:00;Gmunden;407;101631;1;73;1;0,9839517;0;2;0;64
08.05.2020 00:00:00;Grieskirchen;408;64721;0;74;0;0;0;1;0;71
08.05.2020 00:00:00;Kirchdorf an der Krems;409;56866;0;43;1;1,75852;0;1;0;41
08.05.2020 00:00:00;Linz-Land;410;150273;0;204;0;0;0;9;3;187
08.05.2020 00:00:00;Perg;411;68459;0;250;0;0;0;2;2;246
08.05.2020 00:00:00;Ried im Innkreis;412;61204;0;46;1;1,63388;0;0;0;44
08.05.2020 00:00:00;Rohrbach;413;56524;0;150;0;0;0;0;0;147
08.05.2020 00:00:00;Schärding;414;57307;0;58;0;0;0;1;0;57
08.05.2020 00:00:00;Steyr-Land;415;60427;0;181;0;0;0;7;5;163
08.05.2020 00:00:00;Urfahr-Umgebung;416;85505;0;280;1;1,169522;0;5;0;262
08.05.2020 00:00:00;Vöcklabruck;417;136253;0;108;0;0;0;4;0;103
08.05.2020 00:00:00;Wels-Land;418;73094;0;78;0;0;0;0;0;76
08.05.2020 00:00:00;Salzburg(Stadt);501;154211;0;135;0;0;0;1;3;133
08.05.2020 00:00:00;Hallein;502;60374;0;68;0;0;0;1;0;65
08.05.2020 00:00:00;Salzburg-Umgebung;503;152281;0;200;1;0,6566808;1;10;2;174
08.05.2020 00:00:00;Sankt Johann im Pongau;504;80573;0;433;1;1,241111;0;15;1;406
08.05.2020 00:00:00;Tamsweg;505;20320;0;22;0;0;0;0;0;22
08.05.2020 00:00:00;Zell am See;506;87462;0;359;0;0;0;9;1;342
08.05.2020 00:00:00;Graz(Stadt);601;288806;2;459;6;2,077519;0;39;5;337
08.05.2020 00:00:00;Deutschlandsberg;603;60821;0;48;0;0;0;2;1;42
08.05.2020 00:00:00;Graz-Umgebung;606;154260;0;244;1;0,6482562;0;33;10;175
08.05.2020 00:00:00;Leibnitz;610;82484;0;183;2;2,424713;0;4;0;175
08.05.2020 00:00:00;Leoben;611;60060;0;24;0;0;0;3;0;21
08.05.2020 00:00:00;Liezen;612;79901;0;88;0;0;0;1;0;83
08.05.2020 00:00:00;Murau;614;27659;0;7;0;0;0;0;1;6
08.05.2020 00:00:00;Voitsberg;616;51161;0;106;3;5,863842;0;4;0;89
08.05.2020 00:00:00;Weiz;617;90343;2;171;10;11,06893;0;13;1;117
08.05.2020 00:00:00;Murtal;620;72004;0;32;0;0;0;1;0;29
08.05.2020 00:00:00;Bruck-Mürzzuschlag;621;98984;0;51;0;0;0;3;2;44
08.05.2020 00:00:00;Hartberg-Fürstenfeld;622;90622;1;317;5;5,517424;0;35;10;236
08.05.2020 00:00:00;Südoststeiermark;623;85947;0;63;4;4,654031;0;1;0;53
08.05.2020 00:00:00;Innsbruck-Stadt;701;132110;0;407;3;2,270835;0;6;3;378
08.05.2020 00:00:00;Imst;702;60056;0;292;4;6,66045;0;6;2;272
08.05.2020 00:00:00;Innsbruck-Land;703;179318;0;387;1;0,5576685;0;13;2;370
08.05.2020 00:00:00;Kitzbühel;704;63881;0;366;0;0;0;11;3;348
08.05.2020 00:00:00;Kufstein;705;109682;0;521;5;4,558633;0;34;5;465
08.05.2020 00:00:00;Landeck;706;44362;0;987;1;2,254182;0;16;1;964
08.05.2020 00:00:00;Lienz;707;48753;0;151;1;2,051156;0;6;4;141
08.05.2020 00:00:00;Reutte;708;32670;0;56;0;0;0;1;0;55
08.05.2020 00:00:00;Schwaz;709;83873;0;346;2;2,384558;0;14;1;325
08.05.2020 00:00:00;Bludenz;801;63714;0;254;1;1,569514;0;4;0;246
08.05.2020 00:00:00;Bregenz;802;134383;0;263;0;0;0;10;0;249
08.05.2020 00:00:00;Dornbirn;803;89041;0;152;0;0;0;4;0;142
08.05.2020 00:00:00;Feldkirch;804;107159;0;212;0;0;0;1;0;207
08.05.2020 00:00:00;Wien;900;1897491;33;2669;174;9,170004;3;178;63;2074
09.05.2020 00:00:00;Eisenstadt(Stadt);101;14637;0;16;0;0;0;0;0;16
09.05.2020 00:00:00;Rust(Stadt);102;1940;0;0;0;0;0;0;0;0
09.05.2020 00:00:00;Eisenstadt-Umgebung;103;42927;0;23;0;0;0;1;0;22
09.05.2020 00:00:00;Güssing;104;25797;0;23;0;0;0;0;0;22
09.05.2020 00:00:00;Jennersdorf;105;17066;0;10;0;0;0;0;0;9
09.05.2020 00:00:00;Mattersburg;106;39925;0;50;2;5,009393;0;1;0;40
09.05.2020 00:00:00;Neusiedl am See;107;59552;0;56;0;0;0;4;0;50
09.05.2020 00:00:00;Oberpullendorf;108;37513;0;24;0;0;0;1;1;21
09.05.2020 00:00:00;Oberwart;109;54076;0;131;1;1,849249;0;4;0;103
09.05.2020 00:00:00;Klagenfurt Stadt;201;100817;0;90;0;0;0;3;2;85
09.05.2020 00:00:00;Villach Stadt;202;62243;0;21;1;1,606606;0;0;0;20
09.05.2020 00:00:00;Hermagor;203;18224;0;5;0;0;0;0;0;5
09.05.2020 00:00:00;Klagenfurt Land;204;59800;0;42;0;0;0;2;0;39
09.05.2020 00:00:00;Sankt Veit an der Glan;205;54555;0;52;0;0;0;0;0;49
09.05.2020 00:00:00;Spittal an der Drau;206;76091;0;41;0;0;0;1;0;40
09.05.2020 00:00:00;Villach Land;207;64668;0;48;0;0;0;2;0;46
09.05.2020 00:00:00;Völkermarkt;208;41878;0;53;0;0;0;4;0;47
09.05.2020 00:00:00;Wolfsberg;209;52726;0;43;0;0;0;1;0;41
09.05.2020 00:00:00;Feldkirchen;210;29937;0;15;0;0;0;0;0;15
09.05.2020 00:00:00;Krems an der Donau(Stadt);301;24876;0;39;0;0;0;3;0;35
09.05.2020 00:00:00;Sankt Pölten(Stadt);302;55044;0;89;1;1,816728;0;2;0;82
09.05.2020 00:00:00;Waidhofen an der Ybbs(Stadt);303;11261;0;24;1;8,880206;0;3;0;19
09.05.2020 00:00:00;Wiener Neustadt(Stadt);304;45277;0;52;6;13,25176;0;0;3;41
09.05.2020 00:00:00;Amstetten;305;116114;0;297;1;0,8612226;0;16;1;270
09.05.2020 00:00:00;Baden;306;146203;2;150;5;3,419903;0;4;0;135
09.05.2020 00:00:00;Bruck an der Leitha;307;102010;0;89;7;6,862072;0;4;1;76
09.05.2020 00:00:00;Gänserndorf;308;103686;0;93;1;0,9644504;0;2;0;82
09.05.2020 00:00:00;Gmünd;309;36773;0;14;0;0;0;0;0;14
09.05.2020 00:00:00;Hollabrunn;310;50858;0;34;0;0;0;0;0;30
09.05.2020 00:00:00;Horn;311;31090;0;51;4;12,86587;0;4;1;42
09.05.2020 00:00:00;Korneuburg;312;90889;0;163;6;6,601459;0;5;0;145
09.05.2020 00:00:00;Krems(Land);313;56596;0;153;0;0;0;8;2;141
09.05.2020 00:00:00;Lilienfeld;314;25812;0;44;3;11,6225;0;5;0;37
09.05.2020 00:00:00;Melk;315;77962;0;172;0;0;0;4;0;164
09.05.2020 00:00:00;Mistelbach;316;75483;1;136;4;5,299206;0;7;0;116
09.05.2020 00:00:00;Mödling;317;118998;0;177;1;0,8403503;0;7;0;161
09.05.2020 00:00:00;Neunkirchen;318;86291;3;188;5;5,794347;0;3;0;186
09.05.2020 00:00:00;Sankt Pölten(Land);319;131044;0;266;1;0,7631025;0;11;2;251
09.05.2020 00:00:00;Scheibbs;320;41403;0;103;0;0;0;0;0;100
09.05.2020 00:00:00;Tulln;321;103771;0;169;1;0,9636604;0;5;1;132
09.05.2020 00:00:00;Waidhofen an der Thaya;322;25888;0;72;0;0;0;1;0;70
09.05.2020 00:00:00;Wiener Neustadt(Land);323;77991;0;80;7;8,975394;0;6;0;61
09.05.2020 00:00:00;Zwettl;325;42222;0;72;0;0;0;1;1;67
09.05.2020 00:00:00;Linz(Stadt);401;205726;0;306;3;1,45825;0;12;4;283
09.05.2020 00:00:00;Steyr(Stadt);402;38193;0;61;0;0;0;2;0;54
09.05.2020 00:00:00;Wels(Stadt);403;61727;0;58;0;0;0;0;0;58
09.05.2020 00:00:00;Braunau am Inn;404;104408;0;131;0;0;0;3;0;122
09.05.2020 00:00:00;Eferding;405;33156;0;53;0;0;0;4;1;47
09.05.2020 00:00:00;Freistadt;406;66621;0;121;2;3,002056;0;5;1;109
09.05.2020 00:00:00;Gmunden;407;101631;0;73;1;0,9839517;0;2;2;66
09.05.2020 00:00:00;Grieskirchen;408;64721;0;74;0;0;0;1;0;71
09.05.2020 00:00:00;Kirchdorf an der Krems;409;56866;0;43;1;1,75852;0;1;0;41
09.05.2020 00:00:00;Linz-Land;410;150273;0;204;0;0;0;9;2;189
09.05.2020 00:00:00;Perg;411;68459;0;250;0;0;0;2;0;246
09.05.2020 00:00:00;Ried im Innkreis;412;61204;0;46;1;1,63388;0;0;0;44
09.05.2020 00:00:00;Rohrbach;413;56524;0;150;0;0;0;0;0;147
09.05.2020 00:00:00;Schärding;414;57307;0;58;0;0;0;1;0;57
09.05.2020 00:00:00;Steyr-Land;415;60427;0;181;0;0;0;7;0;163
09.05.2020 00:00:00;Urfahr-Umgebung;416;85505;0;280;0;0;0;5;1;263
09.05.2020 00:00:00;Vöcklabruck;417;136253;0;108;0;0;0;4;0;103
09.05.2020 00:00:00;Wels-Land;418;73094;1;79;1;1,368101;0;0;0;76
09.05.2020 00:00:00;Salzburg(Stadt);501;154211;0;135;0;0;0;1;0;133
09.05.2020 00:00:00;Hallein;502;60374;0;68;0;0;0;1;0;65
09.05.2020 00:00:00;Salzburg-Umgebung;503;152281;0;200;1;0,6566808;0;10;1;175
09.05.2020 00:00:00;Sankt Johann im Pongau;504;80573;0;433;1;1,241111;0;15;1;407
09.05.2020 00:00:00;Tamsweg;505;20320;0;22;0;0;0;0;0;22
09.05.2020 00:00:00;Zell am See;506;87462;0;359;0;0;0;9;1;343
09.05.2020 00:00:00;Graz(Stadt);601;288806;0;459;6;2,077519;1;40;5;342
09.05.2020 00:00:00;Deutschlandsberg;603;60821;0;48;0;0;0;2;1;43
09.05.2020 00:00:00;Graz-Umgebung;606;154260;0;244;1;0,6482562;1;34;1;176
09.05.2020 00:00:00;Leibnitz;610;82484;0;183;1;1,212356;0;4;0;175
09.05.2020 00:00:00;Leoben;611;60060;0;24;0;0;0;3;0;21
09.05.2020 00:00:00;Liezen;612;79901;0;88;0;0;0;1;1;84
09.05.2020 00:00:00;Murau;614;27659;0;7;0;0;0;0;0;6
09.05.2020 00:00:00;Voitsberg;616;51161;0;106;3;5,863842;0;4;0;89
09.05.2020 00:00:00;Weiz;617;90343;17;188;24;26,56542;0;13;1;118
09.05.2020 00:00:00;Murtal;620;72004;0;32;0;0;0;1;0;29
09.05.2020 00:00:00;Bruck-Mürzzuschlag;621;98984;0;51;0;0;0;3;2;46
09.05.2020 00:00:00;Hartberg-Fürstenfeld;622;90622;0;317;5;5,517424;1;36;0;236
09.05.2020 00:00:00;Südoststeiermark;623;85947;0;63;4;4,654031;0;1;0;53
09.05.2020 00:00:00;Innsbruck-Stadt;701;132110;0;407;3;2,270835;0;6;3;381
09.05.2020 00:00:00;Imst;702;60056;0;292;4;6,66045;0;6;0;272
09.05.2020 00:00:00;Innsbruck-Land;703;179318;0;387;1;0,5576685;0;13;0;370
09.05.2020 00:00:00;Kitzbühel;704;63881;0;366;0;0;0;11;0;348
09.05.2020 00:00:00;Kufstein;705;109682;0;521;5;4,558633;0;34;4;469
09.05.2020 00:00:00;Landeck;706;44362;1;988;2;4,508363;0;16;1;965
09.05.2020 00:00:00;Lienz;707;48753;0;151;1;2,051156;0;6;0;141
09.05.2020 00:00:00;Reutte;708;32670;0;56;0;0;0;1;0;55
09.05.2020 00:00:00;Schwaz;709;83873;0;346;2;2,384558;0;14;0;325
09.05.2020 00:00:00;Bludenz;801;63714;0;254;1;1,569514;0;4;0;246
09.05.2020 00:00:00;Bregenz;802;134383;0;263;0;0;0;10;1;250
09.05.2020 00:00:00;Dornbirn;803;89041;0;152;0;0;0;4;1;143
09.05.2020 00:00:00;Feldkirch;804;107159;0;212;0;0;0;1;0;207
09.05.2020 00:00:00;Wien;900;1897491;6;2675;157;8,274084;1;179;21;2095
10.05.2020 00:00:00;Eisenstadt(Stadt);101;14637;0;16;0;0;0;0;0;16
10.05.2020 00:00:00;Rust(Stadt);102;1940;0;0;0;0;0;0;0;0
10.05.2020 00:00:00;Eisenstadt-Umgebung;103;42927;0;23;0;0;0;1;0;22
10.05.2020 00:00:00;Güssing;104;25797;0;23;0;0;0;0;1;23
10.05.2020 00:00:00;Jennersdorf;105;17066;0;10;0;0;0;0;0;9
10.05.2020 00:00:00;Mattersburg;106;39925;0;50;2;5,009393;0;1;1;41
10.05.2020 00:00:00;Neusiedl am See;107;59552;0;56;0;0;0;4;0;50
10.05.2020 00:00:00;Oberpullendorf;108;37513;0;24;0;0;0;1;0;21
10.05.2020 00:00:00;Oberwart;109;54076;0;131;0;0;0;4;0;103
10.05.2020 00:00:00;Klagenfurt Stadt;201;100817;0;90;0;0;0;3;0;85
10.05.2020 00:00:00;Villach Stadt;202;62243;0;21;1;1,606606;0;0;0;20
10.05.2020 00:00:00;Hermagor;203;18224;0;5;0;0;0;0;0;5
10.05.2020 00:00:00;Klagenfurt Land;204;59800;0;42;0;0;0;2;0;39
10.05.2020 00:00:00;Sankt Veit an der Glan;205;54555;0;52;0;0;0;0;0;49
10.05.2020 00:00:00;Spittal an der Drau;206;76091;0;41;0;0;0;1;0;40
10.05.2020 00:00:00;Villach Land;207;64668;0;48;0;0;0;2;0;46
10.05.2020 00:00:00;Völkermarkt;208;41878;0;53;0;0;0;4;0;47
10.05.2020 00:00:00;Wolfsberg;209;52726;0;43;0;0;0;1;0;41
10.05.2020 00:00:00;Feldkirchen;210;29937;0;15;0;0;0;0;0;15
10.05.2020 00:00:00;Krems an der Donau(Stadt);301;24876;0;39;0;0;0;3;0;35
10.05.2020 00:00:00;Sankt Pölten(Stadt);302;55044;0;89;1;1,816728;0;2;0;82
10.05.2020 00:00:00;Waidhofen an der Ybbs(Stadt);303;11261;0;24;1;8,880206;0;3;0;19
10.05.2020 00:00:00;Wiener Neustadt(Stadt);304;45277;0;52;6;13,25176;0;0;1;42
10.05.2020 00:00:00;Amstetten;305;116114;0;297;1;0,8612226;0;16;0;270
10.05.2020 00:00:00;Baden;306;146203;1;151;6;4,103883;0;4;1;136
10.05.2020 00:00:00;Bruck an der Leitha;307;102010;0;89;7;6,862072;0;4;0;76
10.05.2020 00:00:00;Gänserndorf;308;103686;0;93;1;0,9644504;0;2;0;82
10.05.2020 00:00:00;Gmünd;309;36773;0;14;0;0;0;0;0;14
10.05.2020 00:00:00;Hollabrunn;310;50858;0;34;0;0;0;0;0;30
10.05.2020 00:00:00;Horn;311;31090;1;52;5;16,08234;0;4;0;42
10.05.2020 00:00:00;Korneuburg;312;90889;0;163;6;6,601459;0;5;0;145
10.05.2020 00:00:00;Krems(Land);313;56596;0;153;0;0;0;8;0;141
10.05.2020 00:00:00;Lilienfeld;314;25812;0;44;3;11,6225;0;5;0;37
10.05.2020 00:00:00;Melk;315;77962;0;172;0;0;0;4;0;164
10.05.2020 00:00:00;Mistelbach;316;75483;0;136;4;5,299206;0;7;1;117
10.05.2020 00:00:00;Mödling;317;118998;0;177;1;0,8403503;0;7;1;162
10.05.2020 00:00:00;Neunkirchen;318;86291;0;188;5;5,794347;0;3;0;186
10.05.2020 00:00:00;Sankt Pölten(Land);319;131044;0;266;0;0;0;11;0;251
10.05.2020 00:00:00;Scheibbs;320;41403;0;103;0;0;1;1;0;100
10.05.2020 00:00:00;Tulln;321;103771;0;169;1;0,9636604;0;5;0;132
10.05.2020 00:00:00;Waidhofen an der Thaya;322;25888;0;72;0;0;0;1;0;70
10.05.2020 00:00:00;Wiener Neustadt(Land);323;77991;0;80;7;8,975394;0;6;0;61
10.05.2020 00:00:00;Zwettl;325;42222;0;72;0;0;0;1;0;67
10.05.2020 00:00:00;Linz(Stadt);401;205726;0;306;3;1,45825;0;12;0;283
10.05.2020 00:00:00;Steyr(Stadt);402;38193;0;61;0;0;0;2;0;54
10.05.2020 00:00:00;Wels(Stadt);403;61727;0;58;0;0;0;0;0;58
10.05.2020 00:00:00;Braunau am Inn;404;104408;0;131;0;0;0;3;0;122
10.05.2020 00:00:00;Eferding;405;33156;0;53;0;0;0;4;0;47
10.05.2020 00:00:00;Freistadt;406;66621;0;121;2;3,002056;0;5;0;109
10.05.2020 00:00:00;Gmunden;407;101631;0;73;1;0,9839517;0;2;0;66
10.05.2020 00:00:00;Grieskirchen;408;64721;0;74;0;0;0;1;0;71
10.05.2020 00:00:00;Kirchdorf an der Krems;409;56866;0;43;1;1,75852;0;1;0;41
10.05.2020 00:00:00;Linz-Land;410;150273;0;204;0;0;0;9;0;189
10.05.2020 00:00:00;Perg;411;68459;0;250;0;0;0;2;0;246
10.05.2020 00:00:00;Ried im Innkreis;412;61204;0;46;1;1,63388;0;0;0;44
10.05.2020 00:00:00;Rohrbach;413;56524;0;150;0;0;0;0;0;147
10.05.2020 00:00:00;Schärding;414;57307;0;58;0;0;0;1;0;57
10.05.2020 00:00:00;Steyr-Land;415;60427;0;181;0;0;0;7;0;163
10.05.2020 00:00:00;Urfahr-Umgebung;416;85505;1;281;1;1,169522;0;5;0;263
10.05.2020 00:00:00;Vöcklabruck;417;136253;0;108;0;0;0;4;0;103
10.05.2020 00:00:00;Wels-Land;418;73094;0;79;1;1,368101;0;0;0;76
10.05.2020 00:00:00;Salzburg(Stadt);501;154211;0;135;0;0;0;1;0;133
10.05.2020 00:00:00;Hallein;502;60374;0;68;0;0;0;1;0;65
10.05.2020 00:00:00;Salzburg-Umgebung;503;152281;0;200;1;0,6566808;0;10;3;178
10.05.2020 00:00:00;Sankt Johann im Pongau;504;80573;0;433;0;0;0;15;1;408
10.05.2020 00:00:00;Tamsweg;505;20320;0;22;0;0;0;0;0;22
10.05.2020 00:00:00;Zell am See;506;87462;0;359;0;0;0;9;0;343
10.05.2020 00:00:00;Graz(Stadt);601;288806;0;459;5;1,731266;0;40;8;350
10.05.2020 00:00:00;Deutschlandsberg;603;60821;0;48;0;0;0;2;0;43
10.05.2020 00:00:00;Graz-Umgebung;606;154260;0;244;1;0,6482562;0;34;6;182
10.05.2020 00:00:00;Leibnitz;610;82484;0;183;0;0;0;4;0;175
10.05.2020 00:00:00;Leoben;611;60060;0;24;0;0;0;3;0;21
10.05.2020 00:00:00;Liezen;612;79901;0;88;0;0;0;1;0;84
10.05.2020 00:00:00;Murau;614;27659;0;7;0;0;0;0;0;6
10.05.2020 00:00:00;Voitsberg;616;51161;0;106;3;5,863842;0;4;0;89
10.05.2020 00:00:00;Weiz;617;90343;0;188;24;26,56542;0;13;0;118
10.05.2020 00:00:00;Murtal;620;72004;0;32;0;0;0;1;0;29
10.05.2020 00:00:00;Bruck-Mürzzuschlag;621;98984;0;51;0;0;0;3;0;46
10.05.2020 00:00:00;Hartberg-Fürstenfeld;622;90622;0;317;5;5,517424;0;36;1;237
10.05.2020 00:00:00;Südoststeiermark;623;85947;0;63;4;4,654031;0;1;0;53
10.05.2020 00:00:00;Innsbruck-Stadt;701;132110;0;407;1;0,756945;0;6;0;381
10.05.2020 00:00:00;Imst;702;60056;0;292;4;6,66045;0;6;1;273
10.05.2020 00:00:00;Innsbruck-Land;703;179318;0;387;1;0,5576685;0;13;0;370
10.05.2020 00:00:00;Kitzbühel;704;63881;0;366;0;0;0;11;0;348
10.05.2020 00:00:00;Kufstein;705;109682;1;522;6;5,47036;0;34;0;469
10.05.2020 00:00:00;Landeck;706;44362;0;988;2;4,508363;0;16;0;965
10.05.2020 00:00:00;Lienz;707;48753;0;151;1;2,051156;0;6;0;141
10.05.2020 00:00:00;Reutte;708;32670;0;56;0;0;0;1;0;55
10.05.2020 00:00:00;Schwaz;709;83873;0;346;2;2,384558;0;14;0;325
10.05.2020 00:00:00;Bludenz;801;63714;0;254;0;0;0;4;0;246
10.05.2020 00:00:00;Bregenz;802;134383;0;263;0;0;0;10;0;250
10.05.2020 00:00:00;Dornbirn;803;89041;0;152;0;0;0;4;0;143
10.05.2020 00:00:00;Feldkirch;804;107159;0;212;0;0;0;1;0;207
10.05.2020 00:00:00;Wien;900;1897491;10;2685;147;7,747072;1;180;30;2125
11.05.2020 00:00:00;Eisenstadt(Stadt);101;14637;0;16;0;0;0;0;0;16
11.05.2020 00:00:00;Rust(Stadt);102;1940;0;0;0;0;0;0;0;0
11.05.2020 00:00:00;Eisenstadt-Umgebung;103;42927;0;23;0;0;0;1;0;22
11.05.2020 00:00:00;Güssing;104;25797;0;23;0;0;0;0;0;23
11.05.2020 00:00:00;Jennersdorf;105;17066;0;10;0;0;0;0;0;9
11.05.2020 00:00:00;Mattersburg;106;39925;0;50;2;5,009393;0;1;1;42
11.05.2020 00:00:00;Neusiedl am See;107;59552;0;56;0;0;0;4;0;50
11.05.2020 00:00:00;Oberpullendorf;108;37513;0;24;0;0;0;1;1;22
11.05.2020 00:00:00;Oberwart;109;54076;0;131;0;0;0;4;5;108
11.05.2020 00:00:00;Klagenfurt Stadt;201;100817;0;90;0;0;0;3;0;85
11.05.2020 00:00:00;Villach Stadt;202;62243;0;21;1;1,606606;0;0;0;20
11.05.2020 00:00:00;Hermagor;203;18224;0;5;0;0;0;0;0;5
11.05.2020 00:00:00;Klagenfurt Land;204;59800;0;42;0;0;0;2;1;40
11.05.2020 00:00:00;Sankt Veit an der Glan;205;54555;0;52;0;0;0;0;0;49
11.05.2020 00:00:00;Spittal an der Drau;206;76091;1;42;1;1,314216;0;1;0;40
11.05.2020 00:00:00;Villach Land;207;64668;0;48;0;0;0;2;0;46
11.05.2020 00:00:00;Völkermarkt;208;41878;0;53;0;0;0;4;0;47
11.05.2020 00:00:00;Wolfsberg;209;52726;0;43;0;0;0;1;0;41
11.05.2020 00:00:00;Feldkirchen;210;29937;0;15;0;0;0;0;0;15
11.05.2020 00:00:00;Krems an der Donau(Stadt);301;24876;0;39;0;0;0;3;0;35
11.05.2020 00:00:00;Sankt Pölten(Stadt);302;55044;0;89;1;1,816728;0;2;0;82
11.05.2020 00:00:00;Waidhofen an der Ybbs(Stadt);303;11261;0;24;1;8,880206;0;3;0;19
11.05.2020 00:00:00;Wiener Neustadt(Stadt);304;45277;1;53;7;15,46039;0;0;0;42
11.05.2020 00:00:00;Amstetten;305;116114;0;297;1;0,8612226;0;16;3;273
11.05.2020 00:00:00;Baden;306;146203;1;152;7;4,787863;0;4;0;136
11.05.2020 00:00:00;Bruck an der Leitha;307;102010;2;91;9;8,822664;0;4;0;76
11.05.2020 00:00:00;Gänserndorf;308;103686;0;93;1;0,9644504;0;2;0;82
11.05.2020 00:00:00;Gmünd;309;36773;0;14;0;0;0;0;0;14
11.05.2020 00:00:00;Hollabrunn;310;50858;0;34;0;0;0;0;0;30
11.05.2020 00:00:00;Horn;311;31090;0;52;5;16,08234;0;4;0;42
11.05.2020 00:00:00;Korneuburg;312;90889;1;164;7;7,701702;0;5;1;146
11.05.2020 00:00:00;Krems(Land);313;56596;1;154;1;1,766909;0;8;1;142
11.05.2020 00:00:00;Lilienfeld;314;25812;0;44;3;11,6225;0;5;0;37
11.05.2020 00:00:00;Melk;315;77962;0;172;0;0;0;4;2;166
11.05.2020 00:00:00;Mistelbach;316;75483;0;136;4;5,299206;0;7;0;117
11.05.2020 00:00:00;Mödling;317;118998;0;177;1;0,8403503;0;7;0;162
11.05.2020 00:00:00;Neunkirchen;318;86291;0;188;5;5,794347;0;3;0;186
11.05.2020 00:00:00;Sankt Pölten(Land);319;131044;0;266;0;0;0;11;0;251
11.05.2020 00:00:00;Scheibbs;320;41403;0;103;0;0;0;1;0;100
11.05.2020 00:00:00;Tulln;321;103771;0;169;1;0,9636604;0;5;3;135
11.05.2020 00:00:00;Waidhofen an der Thaya;322;25888;0;72;0;0;0;1;0;70
11.05.2020 00:00:00;Wiener Neustadt(Land);323;77991;0;80;6;7,693195;0;6;0;61
11.05.2020 00:00:00;Zwettl;325;42222;0;72;0;0;0;1;0;67
11.05.2020 00:00:00;Linz(Stadt);401;205726;0;306;2;0,9721668;0;12;0;283
11.05.2020 00:00:00;Steyr(Stadt);402;38193;0;61;0;0;0;2;1;55
11.05.2020 00:00:00;Wels(Stadt);403;61727;0;58;0;0;0;0;0;58
11.05.2020 00:00:00;Braunau am Inn;404;104408;0;131;0;0;0;3;1;123
11.05.2020 00:00:00;Eferding;405;33156;0;53;0;0;1;5;0;47
11.05.2020 00:00:00;Freistadt;406;66621;0;121;1;1,501028;0;5;0;109
11.05.2020 00:00:00;Gmunden;407;101631;0;73;1;0,9839517;0;2;0;66
11.05.2020 00:00:00;Grieskirchen;408;64721;0;74;0;0;0;1;0;71
11.05.2020 00:00:00;Kirchdorf an der Krems;409;56866;0;43;1;1,75852;0;1;0;41
11.05.2020 00:00:00;Linz-Land;410;150273;0;204;0;0;0;9;1;190
11.05.2020 00:00:00;Perg;411;68459;0;250;0;0;0;2;0;246
11.05.2020 00:00:00;Ried im Innkreis;412;61204;0;46;1;1,63388;0;0;0;44
11.05.2020 00:00:00;Rohrbach;413;56524;0;150;0;0;0;0;0;147
11.05.2020 00:00:00;Schärding;414;57307;0;58;0;0;0;1;0;57
11.05.2020 00:00:00;Steyr-Land;415;60427;0;181;0;0;0;7;0;163
11.05.2020 00:00:00;Urfahr-Umgebung;416;85505;0;281;1;1,169522;0;5;1;264
11.05.2020 00:00:00;Vöcklabruck;417;136253;0;108;0;0;0;4;0;103
11.05.2020 00:00:00;Wels-Land;418;73094;0;79;1;1,368101;0;0;1;77
11.05.2020 00:00:00;Salzburg(Stadt);501;154211;0;135;0;0;0;1;0;133
11.05.2020 00:00:00;Hallein;502;60374;0;68;0;0;0;1;0;65
11.05.2020 00:00:00;Salzburg-Umgebung;503;152281;0;200;1;0,6566808;0;10;0;178
11.05.2020 00:00:00;Sankt Johann im Pongau;504;80573;0;433;0;0;0;15;2;410
11.05.2020 00:00:00;Tamsweg;505;20320;0;22;0;0;0;0;0;22
11.05.2020 00:00:00;Zell am See;506;87462;0;359;0;0;0;9;0;343
11.05.2020 00:00:00;Graz(Stadt);601;288806;0;459;5;1,731266;0;40;3;353
11.05.2020 00:00:00;Deutschlandsberg;603;60821;0;48;0;0;0;2;0;43
11.05.2020 00:00:00;Graz-Umgebung;606;154260;0;244;1;0,6482562;0;34;7;189
11.05.2020 00:00:00;Leibnitz;610;82484;0;183;0;0;0;4;1;176
11.05.2020 00:00:00;Leoben;611;60060;0;24;0;0;0;3;0;21
11.05.2020 00:00:00;Liezen;612;79901;0;88;0;0;0;1;1;85
11.05.2020 00:00:00;Murau;614;27659;0;7;0;0;0;0;0;6
11.05.2020 00:00:00;Voitsberg;616;51161;0;106;2;3,909228;0;4;1;90
11.05.2020 00:00:00;Weiz;617;90343;0;188;24;26,56542;0;13;13;131
11.05.2020 00:00:00;Murtal;620;72004;0;32;0;0;0;1;1;30
11.05.2020 00:00:00;Bruck-Mürzzuschlag;621;98984;0;51;0;0;0;3;0;46
11.05.2020 00:00:00;Hartberg-Fürstenfeld;622;90622;0;317;5;5,517424;0;36;0;237
11.05.2020 00:00:00;Südoststeiermark;623;85947;0;63;4;4,654031;0;1;0;53
11.05.2020 00:00:00;Innsbruck-Stadt;701;132110;0;407;1;0,756945;0;6;2;383
11.05.2020 00:00:00;Imst;702;60056;0;292;2;3,330225;0;6;2;275
11.05.2020 00:00:00;Innsbruck-Land;703;179318;0;387;1;0,5576685;0;13;1;371
11.05.2020 00:00:00;Kitzbühel;704;63881;0;366;0;0;0;11;1;349
11.05.2020 00:00:00;Kufstein;705;109682;0;522;6;5,47036;0;34;2;471
11.05.2020 00:00:00;Landeck;706;44362;0;988;2;4,508363;0;16;0;965
11.05.2020 00:00:00;Lienz;707;48753;0;151;1;2,051156;0;6;0;141
11.05.2020 00:00:00;Reutte;708;32670;0;56;0;0;0;1;0;55
11.05.2020 00:00:00;Schwaz;709;83873;0;346;2;2,384558;0;14;2;327
11.05.2020 00:00:00;Bludenz;801;63714;0;254;0;0;0;4;0;246
11.05.2020 00:00:00;Bregenz;802;134383;0;263;0;0;0;10;1;251
11.05.2020 00:00:00;Dornbirn;803;89041;0;152;0;0;0;4;1;144
11.05.2020 00:00:00;Feldkirch;804;107159;0;212;0;0;0;1;0;207
11.05.2020 00:00:00;Wien;900;1897491;60;2745;202;10,64564;1;181;30;2155
12.05.2020 00:00:00;Eisenstadt(Stadt);101;14637;0;16;0;0;0;0;0;16
12.05.2020 00:00:00;Rust(Stadt);102;1940;0;0;0;0;0;0;0;0
12.05.2020 00:00:00;Eisenstadt-Umgebung;103;42927;0;23;0;0;0;1;0;22
12.05.2020 00:00:00;Güssing;104;25797;0;23;0;0;0;0;0;23
12.05.2020 00:00:00;Jennersdorf;105;17066;0;10;0;0;0;0;0;9
12.05.2020 00:00:00;Mattersburg;106;39925;0;50;1;2,504696;0;1;0;42
12.05.2020 00:00:00;Neusiedl am See;107;59552;0;56;0;0;0;4;0;50
12.05.2020 00:00:00;Oberpullendorf;108;37513;0;24;0;0;0;1;0;22
12.05.2020 00:00:00;Oberwart;109;54076;0;131;0;0;0;4;1;109
12.05.2020 00:00:00;Klagenfurt Stadt;201;100817;0;90;0;0;0;3;1;86
12.05.2020 00:00:00;Villach Stadt;202;62243;0;21;1;1,606606;0;0;0;20
12.05.2020 00:00:00;Hermagor;203;18224;0;5;0;0;0;0;0;5
12.05.2020 00:00:00;Klagenfurt Land;204;59800;0;42;0;0;0;2;0;40
12.05.2020 00:00:00;Sankt Veit an der Glan;205;54555;0;52;0;0;0;0;0;49
12.05.2020 00:00:00;Spittal an der Drau;206;76091;0;42;1;1,314216;0;1;0;40
12.05.2020 00:00:00;Villach Land;207;64668;0;48;0;0;0;2;0;46
12.05.2020 00:00:00;Völkermarkt;208;41878;0;53;0;0;0;4;0;47
12.05.2020 00:00:00;Wolfsberg;209;52726;0;43;0;0;0;1;0;41
12.05.2020 00:00:00;Feldkirchen;210;29937;0;15;0;0;0;0;0;15
12.05.2020 00:00:00;Krems an der Donau(Stadt);301;24876;0;39;0;0;0;3;0;35
12.05.2020 00:00:00;Sankt Pölten(Stadt);302;55044;0;89;1;1,816728;1;3;0;82
12.05.2020 00:00:00;Waidhofen an der Ybbs(Stadt);303;11261;0;24;1;8,880206;0;3;0;19
12.05.2020 00:00:00;Wiener Neustadt(Stadt);304;45277;0;53;7;15,46039;0;0;0;42
12.05.2020 00:00:00;Amstetten;305;116114;0;297;1;0,8612226;0;16;2;275
12.05.2020 00:00:00;Baden;306;146203;2;154;9;6,155825;0;4;0;136
12.05.2020 00:00:00;Bruck an der Leitha;307;102010;0;91;8;7,842369;0;4;0;76
12.05.2020 00:00:00;Gänserndorf;308;103686;0;93;1;0,9644504;0;2;1;83
12.05.2020 00:00:00;Gmünd;309;36773;0;14;0;0;0;0;0;14
12.05.2020 00:00:00;Hollabrunn;310;50858;1;35;1;1,966259;0;0;1;31
12.05.2020 00:00:00;Horn;311;31090;2;54;6;19,29881;0;4;0;42
12.05.2020 00:00:00;Korneuburg;312;90889;1;165;7;7,701702;0;5;0;146
12.05.2020 00:00:00;Krems(Land);313;56596;0;154;1;1,766909;0;8;2;144
12.05.2020 00:00:00;Lilienfeld;314;25812;0;44;2;7,748334;0;5;0;37
12.05.2020 00:00:00;Melk;315;77962;0;172;0;0;0;4;1;167
12.05.2020 00:00:00;Mistelbach;316;75483;0;136;4;5,299206;0;7;1;118
12.05.2020 00:00:00;Mödling;317;118998;0;177;1;0,8403503;0;7;2;164
12.05.2020 00:00:00;Neunkirchen;318;86291;0;188;5;5,794347;0;3;0;186
12.05.2020 00:00:00;Sankt Pölten(Land);319;131044;0;266;0;0;0;11;0;251
12.05.2020 00:00:00;Scheibbs;320;41403;0;103;0;0;0;1;0;100
12.05.2020 00:00:00;Tulln;321;103771;0;169;1;0,9636604;0;5;7;142
12.05.2020 00:00:00;Waidhofen an der Thaya;322;25888;0;72;0;0;0;1;0;70
12.05.2020 00:00:00;Wiener Neustadt(Land);323;77991;0;80;6;7,693195;0;6;2;63
12.05.2020 00:00:00;Zwettl;325;42222;0;72;0;0;0;1;0;67
12.05.2020 00:00:00;Linz(Stadt);401;205726;0;306;2;0,9721668;0;12;2;285
12.05.2020 00:00:00;Steyr(Stadt);402;38193;0;61;0;0;0;2;0;55
12.05.2020 00:00:00;Wels(Stadt);403;61727;0;58;0;0;0;0;0;58
12.05.2020 00:00:00;Braunau am Inn;404;104408;0;131;0;0;0;3;1;124
12.05.2020 00:00:00;Eferding;405;33156;0;53;0;0;0;5;0;47
12.05.2020 00:00:00;Freistadt;406;66621;0;121;1;1,501028;0;5;1;110
12.05.2020 00:00:00;Gmunden;407;101631;0;73;1;0,9839517;0;2;0;66
12.05.2020 00:00:00;Grieskirchen;408;64721;0;74;0;0;0;1;0;71
12.05.2020 00:00:00;Kirchdorf an der Krems;409;56866;0;43;1;1,75852;0;1;0;41
12.05.2020 00:00:00;Linz-Land;410;150273;0;204;0;0;0;9;0;190
12.05.2020 00:00:00;Perg;411;68459;0;250;0;0;0;2;0;246
12.05.2020 00:00:00;Ried im Innkreis;412;61204;0;46;1;1,63388;0;0;0;44
12.05.2020 00:00:00;Rohrbach;413;56524;0;150;0;0;0;0;0;147
12.05.2020 00:00:00;Schärding;414;57307;0;58;0;0;0;1;0;57
12.05.2020 00:00:00;Steyr-Land;415;60427;0;181;0;0;0;7;0;163
12.05.2020 00:00:00;Urfahr-Umgebung;416;85505;0;281;1;1,169522;0;5;2;266
12.05.2020 00:00:00;Vöcklabruck;417;136253;0;108;0;0;0;4;0;103
12.05.2020 00:00:00;Wels-Land;418;73094;0;79;1;1,368101;0;0;0;77
12.05.2020 00:00:00;Salzburg(Stadt);501;154211;0;135;0;0;0;1;0;133
12.05.2020 00:00:00;Hallein;502;60374;0;68;0;0;0;1;1;66
12.05.2020 00:00:00;Salzburg-Umgebung;503;152281;0;200;1;0,6566808;0;10;0;178
12.05.2020 00:00:00;Sankt Johann im Pongau;504;80573;0;433;0;0;0;15;0;410
12.05.2020 00:00:00;Tamsweg;505;20320;0;22;0;0;0;0;0;22
12.05.2020 00:00:00;Zell am See;506;87462;0;359;0;0;0;9;3;346
12.05.2020 00:00:00;Graz(Stadt);601;288806;0;459;5;1,731266;0;40;6;359
12.05.2020 00:00:00;Deutschlandsberg;603;60821;0;48;0;0;0;2;0;43
12.05.2020 00:00:00;Graz-Umgebung;606;154260;0;244;1;0,6482562;0;34;1;190
12.05.2020 00:00:00;Leibnitz;610;82484;0;183;0;0;0;4;0;176
12.05.2020 00:00:00;Leoben;611;60060;0;24;0;0;0;3;0;21
12.05.2020 00:00:00;Liezen;612;79901;0;88;0;0;0;1;0;85
12.05.2020 00:00:00;Murau;614;27659;0;7;0;0;0;0;0;6
12.05.2020 00:00:00;Voitsberg;616;51161;0;106;2;3,909228;0;4;1;91
12.05.2020 00:00:00;Weiz;617;90343;1;189;24;26,56542;0;13;0;131
12.05.2020 00:00:00;Murtal;620;72004;0;32;0;0;0;1;1;31
12.05.2020 00:00:00;Bruck-Mürzzuschlag;621;98984;0;51;0;0;0;3;0;46
12.05.2020 00:00:00;Hartberg-Fürstenfeld;622;90622;0;317;4;4,413939;0;36;1;238
12.05.2020 00:00:00;Südoststeiermark;623;85947;0;63;3;3,490523;0;1;0;53
12.05.2020 00:00:00;Innsbruck-Stadt;701;132110;1;408;1;0,756945;0;6;2;385
12.05.2020 00:00:00;Imst;702;60056;0;292;2;3,330225;0;6;3;278
12.05.2020 00:00:00;Innsbruck-Land;703;179318;0;387;1;0,5576685;0;13;0;371
12.05.2020 00:00:00;Kitzbühel;704;63881;0;366;0;0;0;11;3;352
12.05.2020 00:00:00;Kufstein;705;109682;1;523;6;5,47036;0;34;0;471
12.05.2020 00:00:00;Landeck;706;44362;0;988;2;4,508363;0;16;1;966
12.05.2020 00:00:00;Lienz;707;48753;0;151;0;0;0;6;0;141
12.05.2020 00:00:00;Reutte;708;32670;0;56;0;0;0;1;0;55
12.05.2020 00:00:00;Schwaz;709;83873;0;346;2;2,384558;0;14;0;327
12.05.2020 00:00:00;Bludenz;801;63714;0;254;0;0;0;4;1;247
12.05.2020 00:00:00;Bregenz;802;134383;0;263;0;0;0;10;0;251
12.05.2020 00:00:00;Dornbirn;803;89041;0;152;0;0;0;4;2;146
12.05.2020 00:00:00;Feldkirch;804;107159;0;212;0;0;0;1;1;208
12.05.2020 00:00:00;Wien;900;1897491;28;2773;211;11,11995;0;181;35;2190
13.05.2020 00:00:00;Eisenstadt(Stadt);101;14637;0;16;0;0;0;0;0;16
13.05.2020 00:00:00;Rust(Stadt);102;1940;0;0;0;0;0;0;0;0
13.05.2020 00:00:00;Eisenstadt-Umgebung;103;42927;0;23;0;0;0;1;0;22
13.05.2020 00:00:00;Güssing;104;25797;0;23;0;0;0;0;0;23
13.05.2020 00:00:00;Jennersdorf;105;17066;0;10;0;0;0;0;0;9
13.05.2020 00:00:00;Mattersburg;106;39925;0;50;0;0;0;1;1;43
13.05.2020 00:00:00;Neusiedl am See;107;59552;0;56;0;0;0;4;0;50
13.05.2020 00:00:00;Oberpullendorf;108;37513;0;24;0;0;0;1;0;22
13.05.2020 00:00:00;Oberwart;109;54076;0;131;0;0;0;4;5;114
13.05.2020 00:00:00;Klagenfurt Stadt;201;100817;0;90;0;0;0;3;0;86
13.05.2020 00:00:00;Villach Stadt;202;62243;0;21;0;0;0;0;0;20
13.05.2020 00:00:00;Hermagor;203;18224;0;5;0;0;0;0;0;5
13.05.2020 00:00:00;Klagenfurt Land;204;59800;0;42;0;0;0;2;0;40
13.05.2020 00:00:00;Sankt Veit an der Glan;205;54555;0;52;0;0;0;0;1;50
13.05.2020 00:00:00;Spittal an der Drau;206;76091;0;42;1;1,314216;0;1;0;40
13.05.2020 00:00:00;Villach Land;207;64668;0;48;0;0;0;2;0;46
13.05.2020 00:00:00;Völkermarkt;208;41878;0;53;0;0;0;4;0;47
13.05.2020 00:00:00;Wolfsberg;209;52726;0;43;0;0;0;1;0;41
13.05.2020 00:00:00;Feldkirchen;210;29937;0;15;0;0;0;0;0;15
13.05.2020 00:00:00;Krems an der Donau(Stadt);301;24876;0;39;0;0;0;3;0;35
13.05.2020 00:00:00;Sankt Pölten(Stadt);302;55044;0;89;1;1,816728;0;3;0;82
13.05.2020 00:00:00;Waidhofen an der Ybbs(Stadt);303;11261;0;24;1;8,880206;0;3;0;19
13.05.2020 00:00:00;Wiener Neustadt(Stadt);304;45277;0;53;5;11,04313;0;0;4;46
13.05.2020 00:00:00;Amstetten;305;116114;1;298;2;1,722445;0;16;0;275
13.05.2020 00:00:00;Baden;306;146203;0;154;7;4,787863;0;4;2;138
13.05.2020 00:00:00;Bruck an der Leitha;307;102010;1;92;8;7,842369;0;4;2;78
13.05.2020 00:00:00;Gänserndorf;308;103686;0;93;0;0;0;2;0;83
13.05.2020 00:00:00;Gmünd;309;36773;0;14;0;0;0;0;0;14
13.05.2020 00:00:00;Hollabrunn;310;50858;0;35;1;1,966259;0;0;2;33
13.05.2020 00:00:00;Horn;311;31090;1;55;7;22,51528;0;4;0;42
13.05.2020 00:00:00;Korneuburg;312;90889;1;166;7;7,701702;0;5;1;147
13.05.2020 00:00:00;Krems(Land);313;56596;0;154;1;1,766909;0;8;1;145
13.05.2020 00:00:00;Lilienfeld;314;25812;0;44;2;7,748334;0;5;0;37
13.05.2020 00:00:00;Melk;315;77962;0;172;0;0;0;4;0;167
13.05.2020 00:00:00;Mistelbach;316;75483;0;136;2;2,649603;0;7;2;120
13.05.2020 00:00:00;Mödling;317;118998;0;177;1;0,8403503;0;7;1;165
13.05.2020 00:00:00;Neunkirchen;318;86291;0;188;4;4,635478;0;3;0;186
13.05.2020 00:00:00;Sankt Pölten(Land);319;131044;0;266;0;0;0;11;1;252
13.05.2020 00:00:00;Scheibbs;320;41403;0;103;0;0;0;1;1;101
13.05.2020 00:00:00;Tulln;321;103771;0;169;1;0,9636604;0;5;4;146
13.05.2020 00:00:00;Waidhofen an der Thaya;322;25888;0;72;0;0;0;1;0;70
13.05.2020 00:00:00;Wiener Neustadt(Land);323;77991;2;82;5;6,410996;0;6;0;63
13.05.2020 00:00:00;Zwettl;325;42222;0;72;0;0;0;1;0;67
13.05.2020 00:00:00;Linz(Stadt);401;205726;0;306;2;0,9721668;0;12;1;286
13.05.2020 00:00:00;Steyr(Stadt);402;38193;0;61;0;0;0;2;0;55
13.05.2020 00:00:00;Wels(Stadt);403;61727;0;58;0;0;0;0;0;58
13.05.2020 00:00:00;Braunau am Inn;404;104408;0;131;0;0;0;3;2;126
13.05.2020 00:00:00;Eferding;405;33156;0;53;0;0;0;5;0;47
13.05.2020 00:00:00;Freistadt;406;66621;0;121;0;0;0;5;0;110
13.05.2020 00:00:00;Gmunden;407;101631;0;73;1;0,9839517;0;2;0;66
13.05.2020 00:00:00;Grieskirchen;408;64721;0;74;0;0;0;1;0;71
13.05.2020 00:00:00;Kirchdorf an der Krems;409;56866;0;43;1;1,75852;0;1;0;41
13.05.2020 00:00:00;Linz-Land;410;150273;0;204;0;0;0;9;0;190
13.05.2020 00:00:00;Perg;411;68459;0;250;0;0;0;2;0;246
13.05.2020 00:00:00;Ried im Innkreis;412;61204;0;46;1;1,63388;0;0;0;44
13.05.2020 00:00:00;Rohrbach;413;56524;0;150;0;0;0;0;0;147
13.05.2020 00:00:00;Schärding;414;57307;0;58;0;0;0;1;0;57
13.05.2020 00:00:00;Steyr-Land;415;60427;0;181;0;0;0;7;0;163
13.05.2020 00:00:00;Urfahr-Umgebung;416;85505;0;281;1;1,169522;0;5;0;266
13.05.2020 00:00:00;Vöcklabruck;417;136253;0;108;0;0;0;4;0;103
13.05.2020 00:00:00;Wels-Land;418;73094;0;79;1;1,368101;0;0;0;77
13.05.2020 00:00:00;Salzburg(Stadt);501;154211;0;135;0;0;0;1;0;133
13.05.2020 00:00:00;Hallein;502;60374;0;68;0;0;0;1;0;66
13.05.2020 00:00:00;Salzburg-Umgebung;503;152281;0;200;0;0;0;10;2;180
13.05.2020 00:00:00;Sankt Johann im Pongau;504;80573;0;433;0;0;0;15;0;410
13.05.2020 00:00:00;Tamsweg;505;20320;0;22;0;0;0;0;0;22
13.05.2020 00:00:00;Zell am See;506;87462;0;359;0;0;0;9;2;348
13.05.2020 00:00:00;Graz(Stadt);601;288806;0;459;5;1,731266;0;40;6;365
13.05.2020 00:00:00;Deutschlandsberg;603;60821;0;48;0;0;0;2;1;44
13.05.2020 00:00:00;Graz-Umgebung;606;154260;0;244;1;0,6482562;0;34;2;192
13.05.2020 00:00:00;Leibnitz;610;82484;0;183;0;0;0;4;1;177
13.05.2020 00:00:00;Leoben;611;60060;0;24;0;0;0;3;0;21
13.05.2020 00:00:00;Liezen;612;79901;0;88;0;0;0;1;0;85
13.05.2020 00:00:00;Murau;614;27659;0;7;0;0;0;0;0;6
13.05.2020 00:00:00;Voitsberg;616;51161;0;106;2;3,909228;0;4;3;94
13.05.2020 00:00:00;Weiz;617;90343;0;189;23;25,45853;0;13;0;131
13.05.2020 00:00:00;Murtal;620;72004;0;32;0;0;0;1;0;31
13.05.2020 00:00:00;Bruck-Mürzzuschlag;621;98984;0;51;0;0;0;3;0;46
13.05.2020 00:00:00;Hartberg-Fürstenfeld;622;90622;0;317;2;2,206969;0;36;2;240
13.05.2020 00:00:00;Südoststeiermark;623;85947;0;63;2;2,327015;1;2;1;54
13.05.2020 00:00:00;Innsbruck-Stadt;701;132110;0;408;1;0,756945;0;6;1;386
13.05.2020 00:00:00;Imst;702;60056;1;293;3;4,995337;0;6;0;278
13.05.2020 00:00:00;Innsbruck-Land;703;179318;0;387;0;0;0;13;0;371
13.05.2020 00:00:00;Kitzbühel;704;63881;0;366;0;0;0;11;1;353
13.05.2020 00:00:00;Kufstein;705;109682;0;523;4;3,646907;0;34;0;471
13.05.2020 00:00:00;Landeck;706;44362;0;988;1;2,254182;0;16;1;967
13.05.2020 00:00:00;Lienz;707;48753;0;151;0;0;0;6;0;141
13.05.2020 00:00:00;Reutte;708;32670;0;56;0;0;0;1;0;55
13.05.2020 00:00:00;Schwaz;709;83873;1;347;2;2,384558;0;14;0;327
13.05.2020 00:00:00;Bludenz;801;63714;0;254;0;0;0;4;0;247
13.05.2020 00:00:00;Bregenz;802;134383;0;263;0;0;0;10;0;251
13.05.2020 00:00:00;Dornbirn;803;89041;0;152;0;0;0;4;0;146
13.05.2020 00:00:00;Feldkirch;804;107159;0;212;0;0;0;1;0;208
13.05.2020 00:00:00;Wien;900;1897491;43;2816;225;11,85776;0;181;26;2216
14.05.2020 00:00:00;Eisenstadt(Stadt);101;14637;0;16;0;0;0;0;0;16
14.05.2020 00:00:00;Rust(Stadt);102;1940;0;0;0;0;0;0;0;0
14.05.2020 00:00:00;Eisenstadt-Umgebung;103;42927;0;23;0;0;0;1;0;22
14.05.2020 00:00:00;Güssing;104;25797;0;23;0;0;0;0;0;23
14.05.2020 00:00:00;Jennersdorf;105;17066;0;10;0;0;0;0;0;9
14.05.2020 00:00:00;Mattersburg;106;39925;0;50;0;0;0;1;0;43
14.05.2020 00:00:00;Neusiedl am See;107;59552;0;56;0;0;0;4;1;51
14.05.2020 00:00:00;Oberpullendorf;108;37513;0;24;0;0;0;1;0;22
14.05.2020 00:00:00;Oberwart;109;54076;0;131;0;0;0;4;5;119
14.05.2020 00:00:00;Klagenfurt Stadt;201;100817;0;90;0;0;0;3;0;86
14.05.2020 00:00:00;Villach Stadt;202;62243;0;21;0;0;0;0;0;20
14.05.2020 00:00:00;Hermagor;203;18224;0;5;0;0;0;0;0;5
14.05.2020 00:00:00;Klagenfurt Land;204;59800;0;42;0;0;0;2;0;40
14.05.2020 00:00:00;Sankt Veit an der Glan;205;54555;0;52;0;0;0;0;0;50
14.05.2020 00:00:00;Spittal an der Drau;206;76091;0;42;1;1,314216;0;1;0;40
14.05.2020 00:00:00;Villach Land;207;64668;0;48;0;0;0;2;0;46
14.05.2020 00:00:00;Völkermarkt;208;41878;0;53;0;0;0;4;0;47
14.05.2020 00:00:00;Wolfsberg;209;52726;0;43;0;0;0;1;1;42
14.05.2020 00:00:00;Feldkirchen;210;29937;0;15;0;0;0;0;0;15
14.05.2020 00:00:00;Krems an der Donau(Stadt);301;24876;0;39;0;0;0;3;0;35
14.05.2020 00:00:00;Sankt Pölten(Stadt);302;55044;0;89;1;1,816728;0;3;1;83
14.05.2020 00:00:00;Waidhofen an der Ybbs(Stadt);303;11261;0;24;1;8,880206;0;3;0;19
14.05.2020 00:00:00;Wiener Neustadt(Stadt);304;45277;0;53;3;6,625881;0;0;0;46
14.05.2020 00:00:00;Amstetten;305;116114;0;298;2;1,722445;0;16;2;277
14.05.2020 00:00:00;Baden;306;146203;4;158;11;7,523786;0;4;2;140
14.05.2020 00:00:00;Bruck an der Leitha;307;102010;3;95;9;8,822664;0;4;1;79
14.05.2020 00:00:00;Gänserndorf;308;103686;0;93;0;0;0;2;0;83
14.05.2020 00:00:00;Gmünd;309;36773;0;14;0;0;0;0;0;14
14.05.2020 00:00:00;Hollabrunn;310;50858;0;35;1;1,966259;0;0;0;33
14.05.2020 00:00:00;Horn;311;31090;3;58;10;32,16468;1;5;0;42
14.05.2020 00:00:00;Korneuburg;312;90889;0;166;3;3,30073;0;5;0;147
14.05.2020 00:00:00;Krems(Land);313;56596;0;154;1;1,766909;0;8;0;145
14.05.2020 00:00:00;Lilienfeld;314;25812;0;44;1;3,874167;0;5;0;37
14.05.2020 00:00:00;Melk;315;77962;0;172;0;0;0;4;0;167
14.05.2020 00:00:00;Mistelbach;316;75483;1;137;3;3,974405;0;7;1;121
14.05.2020 00:00:00;Mödling;317;118998;1;178;2;1,680701;0;7;1;166
14.05.2020 00:00:00;Neunkirchen;318;86291;0;188;4;4,635478;0;3;1;187
14.05.2020 00:00:00;Sankt Pölten(Land);319;131044;0;266;0;0;0;11;1;253
14.05.2020 00:00:00;Scheibbs;320;41403;0;103;0;0;0;1;0;101
14.05.2020 00:00:00;Tulln;321;103771;0;169;0;0;0;5;1;147
14.05.2020 00:00:00;Waidhofen an der Thaya;322;25888;0;72;0;0;0;1;0;70
14.05.2020 00:00:00;Wiener Neustadt(Land);323;77991;0;82;4;5,128797;0;6;2;65
14.05.2020 00:00:00;Zwettl;325;42222;0;72;0;0;0;1;0;67
14.05.2020 00:00:00;Linz(Stadt);401;205726;0;306;1;0,4860834;1;13;1;287
14.05.2020 00:00:00;Steyr(Stadt);402;38193;0;61;0;0;0;2;0;55
14.05.2020 00:00:00;Wels(Stadt);403;61727;0;58;0;0;0;0;0;58
14.05.2020 00:00:00;Braunau am Inn;404;104408;0;131;0;0;0;3;0;126
14.05.2020 00:00:00;Eferding;405;33156;0;53;0;0;0;5;0;47
14.05.2020 00:00:00;Freistadt;406;66621;0;121;0;0;0;5;0;110
14.05.2020 00:00:00;Gmunden;407;101631;0;73;1;0,9839517;0;2;1;67
14.05.2020 00:00:00;Grieskirchen;408;64721;0;74;0;0;0;1;0;71
14.05.2020 00:00:00;Kirchdorf an der Krems;409;56866;0;43;0;0;0;1;0;41
14.05.2020 00:00:00;Linz-Land;410;150273;0;204;0;0;0;9;1;191
14.05.2020 00:00:00;Perg;411;68459;0;250;0;0;0;2;0;246
14.05.2020 00:00:00;Ried im Innkreis;412;61204;0;46;0;0;0;0;0;44
14.05.2020 00:00:00;Rohrbach;413;56524;0;150;0;0;0;0;2;149
14.05.2020 00:00:00;Schärding;414;57307;0;58;0;0;0;1;0;57
14.05.2020 00:00:00;Steyr-Land;415;60427;0;181;0;0;0;7;5;168
14.05.2020 00:00:00;Urfahr-Umgebung;416;85505;0;281;1;1,169522;0;5;4;270
14.05.2020 00:00:00;Vöcklabruck;417;136253;0;108;0;0;0;4;0;103
14.05.2020 00:00:00;Wels-Land;418;73094;0;79;1;1,368101;0;0;0;77
14.05.2020 00:00:00;Salzburg(Stadt);501;154211;0;135;0;0;0;1;0;133
14.05.2020 00:00:00;Hallein;502;60374;0;68;0;0;0;1;0;66
14.05.2020 00:00:00;Salzburg-Umgebung;503;152281;0;200;0;0;0;10;3;183
14.05.2020 00:00:00;Sankt Johann im Pongau;504;80573;0;433;0;0;0;15;1;411
14.05.2020 00:00:00;Tamsweg;505;20320;0;22;0;0;0;0;0;22
14.05.2020 00:00:00;Zell am See;506;87462;0;359;0;0;0;9;0;348
14.05.2020 00:00:00;Graz(Stadt);601;288806;0;459;2;0,6925064;0;40;2;367
14.05.2020 00:00:00;Deutschlandsberg;603;60821;0;48;0;0;0;2;0;44
14.05.2020 00:00:00;Graz-Umgebung;606;154260;1;245;1;0,6482562;0;34;2;194
14.05.2020 00:00:00;Leibnitz;610;82484;0;183;0;0;0;4;0;177
14.05.2020 00:00:00;Leoben;611;60060;0;24;0;0;0;3;0;21
14.05.2020 00:00:00;Liezen;612;79901;0;88;0;0;0;1;0;85
14.05.2020 00:00:00;Murau;614;27659;0;7;0;0;0;0;0;6
14.05.2020 00:00:00;Voitsberg;616;51161;0;106;1;1,954614;0;4;0;94
14.05.2020 00:00:00;Weiz;617;90343;0;189;22;24,35164;0;13;0;131
14.05.2020 00:00:00;Murtal;620;72004;0;32;0;0;0;1;0;31
14.05.2020 00:00:00;Bruck-Mürzzuschlag;621;98984;0;51;0;0;0;3;0;46
14.05.2020 00:00:00;Hartberg-Fürstenfeld;622;90622;0;317;2;2,206969;0;36;0;240
14.05.2020 00:00:00;Südoststeiermark;623;85947;0;63;0;0;0;2;2;56
14.05.2020 00:00:00;Innsbruck-Stadt;701;132110;0;408;1;0,756945;0;6;0;386
14.05.2020 00:00:00;Imst;702;60056;0;293;2;3,330225;0;6;2;280
14.05.2020 00:00:00;Innsbruck-Land;703;179318;0;387;0;0;0;13;0;371
14.05.2020 00:00:00;Kitzbühel;704;63881;1;367;1;1,565411;0;11;0;353
14.05.2020 00:00:00;Kufstein;705;109682;0;523;3;2,73518;0;34;4;475
14.05.2020 00:00:00;Landeck;706;44362;0;988;1;2,254182;0;16;2;969
14.05.2020 00:00:00;Lienz;707;48753;0;151;0;0;0;6;0;141
14.05.2020 00:00:00;Reutte;708;32670;1;57;1;3,060912;0;1;0;55
14.05.2020 00:00:00;Schwaz;709;83873;1;348;2;2,384558;0;14;0;327
14.05.2020 00:00:00;Bludenz;801;63714;1;255;1;1,569514;0;4;0;247
14.05.2020 00:00:00;Bregenz;802;134383;0;263;0;0;0;10;1;252
14.05.2020 00:00:00;Dornbirn;803;89041;0;152;0;0;0;4;0;146
14.05.2020 00:00:00;Feldkirch;804;107159;0;212;0;0;0;1;0;208
14.05.2020 00:00:00;Wien;900;1897491;36;2852;240;12,64828;1;182;22;2238
15.05.2020 00:00:00;Eisenstadt(Stadt);101;14637;1;17;1;6,832001;0;0;0;16
15.05.2020 00:00:00;Rust(Stadt);102;1940;0;0;0;0;0;0;0;0
15.05.2020 00:00:00;Eisenstadt-Umgebung;103;42927;0;23;0;0;0;1;0;22
15.05.2020 00:00:00;Güssing;104;25797;0;23;0;0;0;0;0;23
15.05.2020 00:00:00;Jennersdorf;105;17066;0;10;0;0;0;0;1;10
15.05.2020 00:00:00;Mattersburg;106;39925;0;50;0;0;0;1;0;43
15.05.2020 00:00:00;Neusiedl am See;107;59552;0;56;0;0;0;4;1;52
15.05.2020 00:00:00;Oberpullendorf;108;37513;0;24;0;0;0;1;0;22
15.05.2020 00:00:00;Oberwart;109;54076;0;131;0;0;0;4;0;119
15.05.2020 00:00:00;Klagenfurt Stadt;201;100817;0;90;0;0;0;3;0;86
15.05.2020 00:00:00;Villach Stadt;202;62243;0;21;0;0;0;0;0;20
15.05.2020 00:00:00;Hermagor;203;18224;0;5;0;0;0;0;0;5
15.05.2020 00:00:00;Klagenfurt Land;204;59800;0;42;0;0;0;2;0;40
15.05.2020 00:00:00;Sankt Veit an der Glan;205;54555;0;52;0;0;0;0;0;50
15.05.2020 00:00:00;Spittal an der Drau;206;76091;0;42;1;1,314216;0;1;0;40
15.05.2020 00:00:00;Villach Land;207;64668;0;48;0;0;0;2;0;46
15.05.2020 00:00:00;Völkermarkt;208;41878;0;53;0;0;0;4;0;47
15.05.2020 00:00:00;Wolfsberg;209;52726;0;43;0;0;0;1;0;42
15.05.2020 00:00:00;Feldkirchen;210;29937;0;15;0;0;0;0;0;15
15.05.2020 00:00:00;Krems an der Donau(Stadt);301;24876;0;39;0;0;0;3;0;35
15.05.2020 00:00:00;Sankt Pölten(Stadt);302;55044;0;89;0;0;0;3;0;83
15.05.2020 00:00:00;Waidhofen an der Ybbs(Stadt);303;11261;0;24;1;8,880206;0;3;0;19
15.05.2020 00:00:00;Wiener Neustadt(Stadt);304;45277;0;53;3;6,625881;0;0;0;46
15.05.2020 00:00:00;Amstetten;305;116114;0;298;1;0,8612226;0;16;2;279
15.05.2020 00:00:00;Baden;306;146203;1;159;12;8,207766;0;4;1;141
15.05.2020 00:00:00;Bruck an der Leitha;307;102010;3;98;12;11,76355;0;4;1;80
15.05.2020 00:00:00;Gänserndorf;308;103686;0;93;0;0;0;2;1;84
15.05.2020 00:00:00;Gmünd;309;36773;0;14;0;0;0;0;0;14
15.05.2020 00:00:00;Hollabrunn;310;50858;2;37;3;5,898777;0;0;0;33
15.05.2020 00:00:00;Horn;311;31090;0;58;8;25,73175;0;5;0;42
15.05.2020 00:00:00;Korneuburg;312;90889;1;167;4;4,400973;0;5;2;149
15.05.2020 00:00:00;Krems(Land);313;56596;3;157;4;7,067637;0;8;2;147
15.05.2020 00:00:00;Lilienfeld;314;25812;0;44;1;3,874167;0;5;0;37
15.05.2020 00:00:00;Melk;315;77962;0;172;0;0;0;4;1;168
15.05.2020 00:00:00;Mistelbach;316;75483;2;139;4;5,299206;0;7;0;121
15.05.2020 00:00:00;Mödling;317;118998;2;180;3;2,521051;0;7;0;166
15.05.2020 00:00:00;Neunkirchen;318;86291;8;196;12;13,90643;0;3;0;187
15.05.2020 00:00:00;Sankt Pölten(Land);319;131044;0;266;0;0;0;11;1;254
15.05.2020 00:00:00;Scheibbs;320;41403;0;103;0;0;0;1;0;101
15.05.2020 00:00:00;Tulln;321;103771;0;169;0;0;0;5;0;147
15.05.2020 00:00:00;Waidhofen an der Thaya;322;25888;0;72;0;0;0;1;0;70
15.05.2020 00:00:00;Wiener Neustadt(Land);323;77991;0;82;4;5,128797;0;6;0;65
15.05.2020 00:00:00;Zwettl;325;42222;0;72;0;0;0;1;0;67
15.05.2020 00:00:00;Linz(Stadt);401;205726;0;306;0;0;0;13;1;288
15.05.2020 00:00:00;Steyr(Stadt);402;38193;0;61;0;0;0;2;1;56
15.05.2020 00:00:00;Wels(Stadt);403;61727;0;58;0;0;0;0;0;58
15.05.2020 00:00:00;Braunau am Inn;404;104408;0;131;0;0;0;3;2;128
15.05.2020 00:00:00;Eferding;405;33156;0;53;0;0;0;5;0;47
15.05.2020 00:00:00;Freistadt;406;66621;0;121;0;0;0;5;1;111
15.05.2020 00:00:00;Gmunden;407;101631;0;73;1;0,9839517;0;2;0;67
15.05.2020 00:00:00;Grieskirchen;408;64721;0;74;0;0;0;1;0;71
15.05.2020 00:00:00;Kirchdorf an der Krems;409;56866;0;43;0;0;0;1;0;41
15.05.2020 00:00:00;Linz-Land;410;150273;2;206;2;1,330911;0;9;2;193
15.05.2020 00:00:00;Perg;411;68459;0;250;0;0;0;2;0;246
15.05.2020 00:00:00;Ried im Innkreis;412;61204;0;46;0;0;0;0;0;44
15.05.2020 00:00:00;Rohrbach;413;56524;0;150;0;0;0;0;0;149
15.05.2020 00:00:00;Schärding;414;57307;0;58;0;0;0;1;0;57
15.05.2020 00:00:00;Steyr-Land;415;60427;0;181;0;0;0;7;0;168
15.05.2020 00:00:00;Urfahr-Umgebung;416;85505;0;281;1;1,169522;0;5;0;270
15.05.2020 00:00:00;Vöcklabruck;417;136253;0;108;0;0;0;4;0;103
15.05.2020 00:00:00;Wels-Land;418;73094;0;79;1;1,368101;0;0;0;77
15.05.2020 00:00:00;Salzburg(Stadt);501;154211;0;135;0;0;0;1;0;133
15.05.2020 00:00:00;Hallein;502;60374;0;68;0;0;0;1;0;66
15.05.2020 00:00:00;Salzburg-Umgebung;503;152281;0;200;0;0;0;10;2;185
15.05.2020 00:00:00;Sankt Johann im Pongau;504;80573;0;433;0;0;0;15;1;412
15.05.2020 00:00:00;Tamsweg;505;20320;0;22;0;0;0;0;0;22
15.05.2020 00:00:00;Zell am See;506;87462;0;359;0;0;0;9;0;348
15.05.2020 00:00:00;Graz(Stadt);601;288806;0;459;2;0,6925064;0;40;0;367
15.05.2020 00:00:00;Deutschlandsberg;603;60821;0;48;0;0;0;2;1;45
15.05.2020 00:00:00;Graz-Umgebung;606;154260;0;245;1;0,6482562;0;34;3;197
15.05.2020 00:00:00;Leibnitz;610;82484;0;183;0;0;0;4;0;177
15.05.2020 00:00:00;Leoben;611;60060;0;24;0;0;0;3;0;21
15.05.2020 00:00:00;Liezen;612;79901;0;88;0;0;0;1;1;86
15.05.2020 00:00:00;Murau;614;27659;0;7;0;0;0;0;0;6
15.05.2020 00:00:00;Voitsberg;616;51161;0;106;0;0;0;4;0;94
15.05.2020 00:00:00;Weiz;617;90343;1;190;21;23,24475;0;13;4;135
15.05.2020 00:00:00;Murtal;620;72004;0;32;0;0;0;1;0;31
15.05.2020 00:00:00;Bruck-Mürzzuschlag;621;98984;0;51;0;0;0;3;0;46
15.05.2020 00:00:00;Hartberg-Fürstenfeld;622;90622;1;318;2;2,206969;0;36;3;243
15.05.2020 00:00:00;Südoststeiermark;623;85947;0;63;0;0;0;2;1;57
15.05.2020 00:00:00;Innsbruck-Stadt;701;132110;0;408;1;0,756945;0;6;2;388
15.05.2020 00:00:00;Imst;702;60056;0;293;1;1,665113;0;6;1;281
15.05.2020 00:00:00;Innsbruck-Land;703;179318;0;387;0;0;0;13;0;371
15.05.2020 00:00:00;Kitzbühel;704;63881;0;367;1;1,565411;0;11;0;353
15.05.2020 00:00:00;Kufstein;705;109682;1;524;3;2,73518;0;34;0;475
15.05.2020 00:00:00;Landeck;706;44362;0;988;1;2,254182;0;16;0;969
15.05.2020 00:00:00;Lienz;707;48753;0;151;0;0;0;6;1;142
15.05.2020 00:00:00;Reutte;708;32670;0;57;1;3,060912;0;1;0;55
15.05.2020 00:00:00;Schwaz;709;83873;1;349;3;3,576836;0;14;2;329
15.05.2020 00:00:00;Bludenz;801;63714;0;255;1;1,569514;0;4;1;248
15.05.2020 00:00:00;Bregenz;802;134383;0;263;0;0;0;10;0;252
15.05.2020 00:00:00;Dornbirn;803;89041;1;153;1;1,123078;0;4;0;146
15.05.2020 00:00:00;Feldkirch;804;107159;0;212;0;0;0;1;2;210
15.05.2020 00:00:00;Wien;900;1897491;55;2907;271;14,28202;0;182;29;2267
16.05.2020 00:00:00;Eisenstadt(Stadt);101;14637;0;17;1;6,832001;0;0;0;16
16.05.2020 00:00:00;Rust(Stadt);102;1940;0;0;0;0;0;0;0;0
16.05.2020 00:00:00;Eisenstadt-Umgebung;103;42927;0;23;0;0;0;1;0;22
16.05.2020 00:00:00;Güssing;104;25797;0;23;0;0;0;0;0;23
16.05.2020 00:00:00;Jennersdorf;105;17066;0;10;0;0;0;0;0;10
16.05.2020 00:00:00;Mattersburg;106;39925;1;51;1;2,504696;0;1;0;43
16.05.2020 00:00:00;Neusiedl am See;107;59552;0;56;0;0;0;4;0;52
16.05.2020 00:00:00;Oberpullendorf;108;37513;0;24;0;0;0;1;0;22
16.05.2020 00:00:00;Oberwart;109;54076;0;131;0;0;0;4;0;119
16.05.2020 00:00:00;Klagenfurt Stadt;201;100817;0;90;0;0;0;3;0;86
16.05.2020 00:00:00;Villach Stadt;202;62243;0;21;0;0;0;0;0;20
16.05.2020 00:00:00;Hermagor;203;18224;0;5;0;0;0;0;0;5
16.05.2020 00:00:00;Klagenfurt Land;204;59800;0;42;0;0;0;2;0;40
16.05.2020 00:00:00;Sankt Veit an der Glan;205;54555;0;52;0;0;0;0;1;51
16.05.2020 00:00:00;Spittal an der Drau;206;76091;0;42;1;1,314216;0;1;0;40
16.05.2020 00:00:00;Villach Land;207;64668;0;48;0;0;0;2;0;46
16.05.2020 00:00:00;Völkermarkt;208;41878;0;53;0;0;0;4;0;47
16.05.2020 00:00:00;Wolfsberg;209;52726;0;43;0;0;0;1;0;42
16.05.2020 00:00:00;Feldkirchen;210;29937;0;15;0;0;0;0;0;15
16.05.2020 00:00:00;Krems an der Donau(Stadt);301;24876;0;39;0;0;0;3;0;35
16.05.2020 00:00:00;Sankt Pölten(Stadt);302;55044;0;89;0;0;0;3;0;83
16.05.2020 00:00:00;Waidhofen an der Ybbs(Stadt);303;11261;0;24;0;0;0;3;0;19
16.05.2020 00:00:00;Wiener Neustadt(Stadt);304;45277;0;53;1;2,208627;0;0;0;46
16.05.2020 00:00:00;Amstetten;305;116114;0;298;1;0,8612226;0;16;0;279
16.05.2020 00:00:00;Baden;306;146203;0;159;11;7,523786;0;4;1;142
16.05.2020 00:00:00;Bruck an der Leitha;307;102010;0;98;9;8,822664;1;5;0;80
16.05.2020 00:00:00;Gänserndorf;308;103686;1;94;1;0,9644504;0;2;0;84
16.05.2020 00:00:00;Gmünd;309;36773;0;14;0;0;0;0;0;14
16.05.2020 00:00:00;Hollabrunn;310;50858;0;37;3;5,898777;0;0;0;33
16.05.2020 00:00:00;Horn;311;31090;0;58;7;22,51528;0;5;0;42
16.05.2020 00:00:00;Korneuburg;312;90889;1;168;5;5,501216;0;5;0;149
16.05.2020 00:00:00;Krems(Land);313;56596;0;157;4;7,067637;0;8;0;147
16.05.2020 00:00:00;Lilienfeld;314;25812;0;44;0;0;0;5;0;37
16.05.2020 00:00:00;Melk;315;77962;0;172;0;0;0;4;0;168
16.05.2020 00:00:00;Mistelbach;316;75483;0;139;4;5,299206;0;7;0;121
16.05.2020 00:00:00;Mödling;317;118998;0;180;3;2,521051;0;7;0;166
16.05.2020 00:00:00;Neunkirchen;318;86291;0;196;11;12,74756;0;3;0;187
16.05.2020 00:00:00;Sankt Pölten(Land);319;131044;0;266;0;0;0;11;0;254
16.05.2020 00:00:00;Scheibbs;320;41403;0;103;0;0;0;1;0;101
16.05.2020 00:00:00;Tulln;321;103771;0;169;0;0;0;5;0;147
16.05.2020 00:00:00;Waidhofen an der Thaya;322;25888;1;73;1;3,862794;0;1;0;70
16.05.2020 00:00:00;Wiener Neustadt(Land);323;77991;1;83;3;3,846598;0;6;1;66
16.05.2020 00:00:00;Zwettl;325;42222;0;72;0;0;0;1;0;67
16.05.2020 00:00:00;Linz(Stadt);401;205726;0;306;0;0;0;13;2;290
16.05.2020 00:00:00;Steyr(Stadt);402;38193;0;61;0;0;0;2;0;56
16.05.2020 00:00:00;Wels(Stadt);403;61727;0;58;0;0;0;0;0;58
16.05.2020 00:00:00;Braunau am Inn;404;104408;0;131;0;0;0;3;0;128
16.05.2020 00:00:00;Eferding;405;33156;0;53;0;0;0;5;0;47
16.05.2020 00:00:00;Freistadt;406;66621;0;121;0;0;0;5;0;111
16.05.2020 00:00:00;Gmunden;407;101631;0;73;0;0;0;2;0;67
16.05.2020 00:00:00;Grieskirchen;408;64721;0;74;0;0;0;1;0;71
16.05.2020 00:00:00;Kirchdorf an der Krems;409;56866;0;43;0;0;0;1;0;41
16.05.2020 00:00:00;Linz-Land;410;150273;0;206;2;1,330911;0;9;0;193
16.05.2020 00:00:00;Perg;411;68459;0;250;0;0;0;2;0;246
16.05.2020 00:00:00;Ried im Innkreis;412;61204;0;46;0;0;0;0;0;44
16.05.2020 00:00:00;Rohrbach;413;56524;0;150;0;0;0;0;0;149
16.05.2020 00:00:00;Schärding;414;57307;0;58;0;0;0;1;0;57
16.05.2020 00:00:00;Steyr-Land;415;60427;0;181;0;0;0;7;0;168
16.05.2020 00:00:00;Urfahr-Umgebung;416;85505;0;281;1;1,169522;0;5;1;271
16.05.2020 00:00:00;Vöcklabruck;417;136253;0;108;0;0;0;4;0;103
16.05.2020 00:00:00;Wels-Land;418;73094;0;79;1;1,368101;0;0;0;77
16.05.2020 00:00:00;Salzburg(Stadt);501;154211;0;135;0;0;0;1;0;133
16.05.2020 00:00:00;Hallein;502;60374;0;68;0;0;0;1;1;67
16.05.2020 00:00:00;Salzburg-Umgebung;503;152281;0;200;0;0;0;10;0;185
16.05.2020 00:00:00;Sankt Johann im Pongau;504;80573;0;433;0;0;0;15;0;412
16.05.2020 00:00:00;Tamsweg;505;20320;0;22;0;0;0;0;0;22
16.05.2020 00:00:00;Zell am See;506;87462;0;359;0;0;0;9;0;348
16.05.2020 00:00:00;Graz(Stadt);601;288806;1;460;1;0,3462532;0;40;6;373
16.05.2020 00:00:00;Deutschlandsberg;603;60821;0;48;0;0;0;2;0;45
16.05.2020 00:00:00;Graz-Umgebung;606;154260;1;246;2;1,296512;0;34;1;198
16.05.2020 00:00:00;Leibnitz;610;82484;0;183;0;0;0;4;1;178
16.05.2020 00:00:00;Leoben;611;60060;0;24;0;0;0;3;0;21
16.05.2020 00:00:00;Liezen;612;79901;0;88;0;0;0;1;0;86
16.05.2020 00:00:00;Murau;614;27659;0;7;0;0;0;0;0;6
16.05.2020 00:00:00;Voitsberg;616;51161;0;106;0;0;0;4;1;95
16.05.2020 00:00:00;Weiz;617;90343;0;190;19;21,03096;0;13;5;140
16.05.2020 00:00:00;Murtal;620;72004;0;32;0;0;0;1;0;31
16.05.2020 00:00:00;Bruck-Mürzzuschlag;621;98984;0;51;0;0;0;3;2;48
16.05.2020 00:00:00;Hartberg-Fürstenfeld;622;90622;0;318;1;1,103485;0;36;6;249
16.05.2020 00:00:00;Südoststeiermark;623;85947;0;63;0;0;0;2;0;57
16.05.2020 00:00:00;Innsbruck-Stadt;701;132110;0;408;1;0,756945;0;6;5;393
16.05.2020 00:00:00;Imst;702;60056;0;293;1;1,665113;0;6;1;282
16.05.2020 00:00:00;Innsbruck-Land;703;179318;0;387;0;0;0;13;0;371
16.05.2020 00:00:00;Kitzbühel;704;63881;0;367;1;1,565411;0;11;0;353
16.05.2020 00:00:00;Kufstein;705;109682;0;524;3;2,73518;0;34;0;475
16.05.2020 00:00:00;Landeck;706;44362;0;988;1;2,254182;0;16;0;969
16.05.2020 00:00:00;Lienz;707;48753;0;151;0;0;0;6;0;142
16.05.2020 00:00:00;Reutte;708;32670;0;57;1;3,060912;0;1;0;55
16.05.2020 00:00:00;Schwaz;709;83873;0;349;3;3,576836;0;14;0;329
16.05.2020 00:00:00;Bludenz;801;63714;0;255;1;1,569514;0;4;0;248
16.05.2020 00:00:00;Bregenz;802;134383;1;264;1;0,7441418;0;10;0;252
16.05.2020 00:00:00;Dornbirn;803;89041;0;153;1;1,123078;0;4;0;146
16.05.2020 00:00:00;Feldkirch;804;107159;0;212;0;0;0;1;0;210
16.05.2020 00:00:00;Wien;900;1897491;7;2914;245;12,91179;0;182;18;2285
17.05.2020 00:00:00;Eisenstadt(Stadt);101;14637;1;18;2;13,664;0;0;0;16
17.05.2020 00:00:00;Rust(Stadt);102;1940;0;0;0;0;0;0;0;0
17.05.2020 00:00:00;Eisenstadt-Umgebung;103;42927;0;23;0;0;0;1;0;22
17.05.2020 00:00:00;Güssing;104;25797;0;23;0;0;0;0;0;23
17.05.2020 00:00:00;Jennersdorf;105;17066;0;10;0;0;0;0;0;10
17.05.2020 00:00:00;Mattersburg;106;39925;0;51;1;2,504696;0;1;0;43
17.05.2020 00:00:00;Neusiedl am See;107;59552;0;56;0;0;0;4;0;52
17.05.2020 00:00:00;Oberpullendorf;108;37513;0;24;0;0;0;1;0;22
17.05.2020 00:00:00;Oberwart;109;54076;0;131;0;0;0;4;0;119
17.05.2020 00:00:00;Klagenfurt Stadt;201;100817;0;90;0;0;0;3;0;86
17.05.2020 00:00:00;Villach Stadt;202;62243;0;21;0;0;0;0;0;20
17.05.2020 00:00:00;Hermagor;203;18224;0;5;0;0;0;0;0;5
17.05.2020 00:00:00;Klagenfurt Land;204;59800;0;42;0;0;0;2;0;40
17.05.2020 00:00:00;Sankt Veit an der Glan;205;54555;0;52;0;0;0;0;0;51
17.05.2020 00:00:00;Spittal an der Drau;206;76091;0;42;1;1,314216;0;1;0;40
17.05.2020 00:00:00;Villach Land;207;64668;0;48;0;0;0;2;0;46
17.05.2020 00:00:00;Völkermarkt;208;41878;0;53;0;0;0;4;0;47
17.05.2020 00:00:00;Wolfsberg;209;52726;0;43;0;0;0;1;0;42
17.05.2020 00:00:00;Feldkirchen;210;29937;0;15;0;0;0;0;0;15
17.05.2020 00:00:00;Krems an der Donau(Stadt);301;24876;0;39;0;0;0;3;0;35
17.05.2020 00:00:00;Sankt Pölten(Stadt);302;55044;0;89;0;0;0;3;0;83
17.05.2020 00:00:00;Waidhofen an der Ybbs(Stadt);303;11261;0;24;0;0;0;3;0;19
17.05.2020 00:00:00;Wiener Neustadt(Stadt);304;45277;0;53;1;2,208627;0;0;1;47
17.05.2020 00:00:00;Amstetten;305;116114;0;298;1;0,8612226;0;16;0;279
17.05.2020 00:00:00;Baden;306;146203;0;159;9;6,155825;0;4;0;142
17.05.2020 00:00:00;Bruck an der Leitha;307;102010;0;98;9;8,822664;0;5;0;80
17.05.2020 00:00:00;Gänserndorf;308;103686;1;95;2;1,928901;0;2;0;84
17.05.2020 00:00:00;Gmünd;309;36773;0;14;0;0;0;0;0;14
17.05.2020 00:00:00;Hollabrunn;310;50858;0;37;3;5,898777;0;0;0;33
17.05.2020 00:00:00;Horn;311;31090;1;59;8;25,73175;0;5;0;42
17.05.2020 00:00:00;Korneuburg;312;90889;0;168;5;5,501216;0;5;0;149
17.05.2020 00:00:00;Krems(Land);313;56596;0;157;4;7,067637;0;8;0;147
17.05.2020 00:00:00;Lilienfeld;314;25812;1;45;1;3,874167;0;5;0;37
17.05.2020 00:00:00;Melk;315;77962;0;172;0;0;0;4;0;168
17.05.2020 00:00:00;Mistelbach;316;75483;1;140;4;5,299206;0;7;0;121
17.05.2020 00:00:00;Mödling;317;118998;0;180;3;2,521051;0;7;0;166
17.05.2020 00:00:00;Neunkirchen;318;86291;0;196;8;9,270955;0;3;1;188
17.05.2020 00:00:00;Sankt Pölten(Land);319;131044;0;266;0;0;0;11;0;254
17.05.2020 00:00:00;Scheibbs;320;41403;0;103;0;0;0;1;0;101
17.05.2020 00:00:00;Tulln;321;103771;0;169;0;0;1;6;0;147
17.05.2020 00:00:00;Waidhofen an der Thaya;322;25888;0;73;1;3,862794;0;1;0;70
17.05.2020 00:00:00;Wiener Neustadt(Land);323;77991;0;83;3;3,846598;0;6;1;67
17.05.2020 00:00:00;Zwettl;325;42222;0;72;0;0;0;1;0;67
17.05.2020 00:00:00;Linz(Stadt);401;205726;0;306;0;0;0;13;0;290
17.05.2020 00:00:00;Steyr(Stadt);402;38193;0;61;0;0;0;2;0;56
17.05.2020 00:00:00;Wels(Stadt);403;61727;0;58;0;0;0;0;0;58
17.05.2020 00:00:00;Braunau am Inn;404;104408;0;131;0;0;0;3;0;128
17.05.2020 00:00:00;Eferding;405;33156;0;53;0;0;0;5;0;47
17.05.2020 00:00:00;Freistadt;406;66621;0;121;0;0;0;5;0;111
17.05.2020 00:00:00;Gmunden;407;101631;0;73;0;0;0;2;0;67
17.05.2020 00:00:00;Grieskirchen;408;64721;0;74;0;0;0;1;0;71
17.05.2020 00:00:00;Kirchdorf an der Krems;409;56866;0;43;0;0;0;1;0;41
17.05.2020 00:00:00;Linz-Land;410;150273;0;206;2;1,330911;0;9;0;193
17.05.2020 00:00:00;Perg;411;68459;0;250;0;0;0;2;0;246
17.05.2020 00:00:00;Ried im Innkreis;412;61204;0;46;0;0;0;0;0;44
17.05.2020 00:00:00;Rohrbach;413;56524;0;150;0;0;0;0;0;149
17.05.2020 00:00:00;Schärding;414;57307;0;58;0;0;0;1;0;57
17.05.2020 00:00:00;Steyr-Land;415;60427;0;181;0;0;0;7;0;168
17.05.2020 00:00:00;Urfahr-Umgebung;416;85505;0;281;1;1,169522;0;5;1;272
17.05.2020 00:00:00;Vöcklabruck;417;136253;0;108;0;0;0;4;0;103
17.05.2020 00:00:00;Wels-Land;418;73094;0;79;0;0;0;0;0;77
17.05.2020 00:00:00;Salzburg(Stadt);501;154211;0;135;0;0;0;1;0;133
17.05.2020 00:00:00;Hallein;502;60374;0;68;0;0;0;1;0;67
17.05.2020 00:00:00;Salzburg-Umgebung;503;152281;0;200;0;0;0;10;0;185
17.05.2020 00:00:00;Sankt Johann im Pongau;504;80573;0;433;0;0;0;15;0;412
17.05.2020 00:00:00;Tamsweg;505;20320;0;22;0;0;0;0;0;22
17.05.2020 00:00:00;Zell am See;506;87462;0;359;0;0;0;9;0;348
17.05.2020 00:00:00;Graz(Stadt);601;288806;0;460;1;0,3462532;0;40;0;373
17.05.2020 00:00:00;Deutschlandsberg;603;60821;0;48;0;0;0;2;1;46
17.05.2020 00:00:00;Graz-Umgebung;606;154260;0;246;2;1,296512;0;34;0;198
17.05.2020 00:00:00;Leibnitz;610;82484;0;183;0;0;0;4;0;178
17.05.2020 00:00:00;Leoben;611;60060;0;24;0;0;0;3;0;21
17.05.2020 00:00:00;Liezen;612;79901;0;88;0;0;0;1;0;86
17.05.2020 00:00:00;Murau;614;27659;0;7;0;0;0;0;0;6
17.05.2020 00:00:00;Voitsberg;616;51161;0;106;0;0;0;4;0;95
17.05.2020 00:00:00;Weiz;617;90343;0;190;2;2,213785;0;13;0;140
17.05.2020 00:00:00;Murtal;620;72004;0;32;0;0;0;1;0;31
17.05.2020 00:00:00;Bruck-Mürzzuschlag;621;98984;1;52;1;1,010264;0;3;0;48
17.05.2020 00:00:00;Hartberg-Fürstenfeld;622;90622;0;318;1;1,103485;0;36;0;249
17.05.2020 00:00:00;Südoststeiermark;623;85947;0;63;0;0;0;2;0;57
17.05.2020 00:00:00;Innsbruck-Stadt;701;132110;0;408;1;0,756945;0;6;0;393
17.05.2020 00:00:00;Imst;702;60056;0;293;1;1,665113;0;6;0;282
17.05.2020 00:00:00;Innsbruck-Land;703;179318;0;387;0;0;0;13;0;371
17.05.2020 00:00:00;Kitzbühel;704;63881;0;367;1;1,565411;0;11;0;353
17.05.2020 00:00:00;Kufstein;705;109682;0;524;3;2,73518;0;34;0;475
17.05.2020 00:00:00;Landeck;706;44362;0;988;0;0;0;16;0;969
17.05.2020 00:00:00;Lienz;707;48753;1;152;1;2,051156;0;6;1;143
17.05.2020 00:00:00;Reutte;708;32670;0;57;1;3,060912;0;1;0;55
17.05.2020 00:00:00;Schwaz;709;83873;1;350;4;4,769115;0;14;0;329
17.05.2020 00:00:00;Bludenz;801;63714;1;256;2;3,139028;0;4;0;248
17.05.2020 00:00:00;Bregenz;802;134383;1;265;2;1,488284;0;10;0;252
17.05.2020 00:00:00;Dornbirn;803;89041;0;153;1;1,123078;0;4;0;146
17.05.2020 00:00:00;Feldkirch;804;107159;0;212;0;0;0;1;0;210
17.05.2020 00:00:00;Wien;900;1897491;16;2930;255;13,4388;0;182;20;2305
18.05.2020 00:00:00;Eisenstadt(Stadt);101;14637;0;18;2;13,664;0;0;0;16
18.05.2020 00:00:00;Rust(Stadt);102;1940;0;0;0;0;0;0;0;0
18.05.2020 00:00:00;Eisenstadt-Umgebung;103;42927;0;23;0;0;0;1;0;22
18.05.2020 00:00:00;Güssing;104;25797;0;23;0;0;0;0;0;23
18.05.2020 00:00:00;Jennersdorf;105;17066;0;10;0;0;0;0;0;10
18.05.2020 00:00:00;Mattersburg;106;39925;0;51;1;2,504696;0;1;0;43
18.05.2020 00:00:00;Neusiedl am See;107;59552;0;56;0;0;0;4;0;52
18.05.2020 00:00:00;Oberpullendorf;108;37513;0;24;0;0;0;1;0;22
18.05.2020 00:00:00;Oberwart;109;54076;1;132;1;1,849249;0;4;5;124
18.05.2020 00:00:00;Klagenfurt Stadt;201;100817;0;90;0;0;0;3;0;86
18.05.2020 00:00:00;Villach Stadt;202;62243;0;21;0;0;0;0;1;21
18.05.2020 00:00:00;Hermagor;203;18224;0;5;0;0;0;0;0;5
18.05.2020 00:00:00;Klagenfurt Land;204;59800;0;42;0;0;0;2;0;40
18.05.2020 00:00:00;Sankt Veit an der Glan;205;54555;0;52;0;0;0;0;0;51
18.05.2020 00:00:00;Spittal an der Drau;206;76091;0;42;1;1,314216;0;1;0;40
18.05.2020 00:00:00;Villach Land;207;64668;0;48;0;0;0;2;0;46
18.05.2020 00:00:00;Völkermarkt;208;41878;0;53;0;0;0;4;0;47
18.05.2020 00:00:00;Wolfsberg;209;52726;0;43;0;0;0;1;0;42
18.05.2020 00:00:00;Feldkirchen;210;29937;0;15;0;0;0;0;0;15
18.05.2020 00:00:00;Krems an der Donau(Stadt);301;24876;0;39;0;0;0;3;1;36
18.05.2020 00:00:00;Sankt Pölten(Stadt);302;55044;0;89;0;0;0;3;2;85
18.05.2020 00:00:00;Waidhofen an der Ybbs(Stadt);303;11261;0;24;0;0;0;3;0;19
18.05.2020 00:00:00;Wiener Neustadt(Stadt);304;45277;1;54;2;4,417254;0;0;0;47
18.05.2020 00:00:00;Amstetten;305;116114;0;298;1;0,8612226;0;16;1;280
18.05.2020 00:00:00;Baden;306;146203;0;159;8;5,471844;0;4;0;142
18.05.2020 00:00:00;Bruck an der Leitha;307;102010;3;101;12;11,76355;0;5;1;81
18.05.2020 00:00:00;Gänserndorf;308;103686;1;96;3;2,893351;0;2;0;84
18.05.2020 00:00:00;Gmünd;309;36773;0;14;0;0;0;0;0;14
18.05.2020 00:00:00;Hollabrunn;310;50858;0;37;3;5,898777;0;0;0;33
18.05.2020 00:00:00;Horn;311;31090;0;59;7;22,51528;0;5;1;43
18.05.2020 00:00:00;Korneuburg;312;90889;1;169;6;6,601459;0;5;2;151
18.05.2020 00:00:00;Krems(Land);313;56596;0;157;4;7,067637;0;8;0;147
18.05.2020 00:00:00;Lilienfeld;314;25812;0;45;1;3,874167;0;5;0;37
18.05.2020 00:00:00;Melk;315;77962;0;172;0;0;0;4;0;168
18.05.2020 00:00:00;Mistelbach;316;75483;2;142;6;7,94881;0;7;1;122
18.05.2020 00:00:00;Mödling;317;118998;2;182;5;4,201751;0;7;0;166
18.05.2020 00:00:00;Neunkirchen;318;86291;2;198;10;11,58869;0;3;0;188
18.05.2020 00:00:00;Sankt Pölten(Land);319;131044;0;266;0;0;0;11;0;254
18.05.2020 00:00:00;Scheibbs;320;41403;0;103;0;0;0;1;0;101
18.05.2020 00:00:00;Tulln;321;103771;0;169;0;0;0;6;1;148
18.05.2020 00:00:00;Waidhofen an der Thaya;322;25888;0;73;1;3,862794;0;1;0;70
18.05.2020 00:00:00;Wiener Neustadt(Land);323;77991;1;84;4;5,128797;0;6;3;70
18.05.2020 00:00:00;Zwettl;325;42222;0;72;0;0;0;1;0;67
18.05.2020 00:00:00;Linz(Stadt);401;205726;0;306;0;0;0;13;0;290
18.05.2020 00:00:00;Steyr(Stadt);402;38193;0;61;0;0;0;2;0;56
18.05.2020 00:00:00;Wels(Stadt);403;61727;0;58;0;0;0;0;0;58
18.05.2020 00:00:00;Braunau am Inn;404;104408;0;131;0;0;0;3;0;128
18.05.2020 00:00:00;Eferding;405;33156;0;53;0;0;0;5;0;47
18.05.2020 00:00:00;Freistadt;406;66621;0;121;0;0;0;5;0;111
18.05.2020 00:00:00;Gmunden;407;101631;0;73;0;0;0;2;0;67
18.05.2020 00:00:00;Grieskirchen;408;64721;0;74;0;0;0;1;1;72
18.05.2020 00:00:00;Kirchdorf an der Krems;409;56866;0;43;0;0;0;1;0;41
18.05.2020 00:00:00;Linz-Land;410;150273;0;206;2;1,330911;0;9;0;193
18.05.2020 00:00:00;Perg;411;68459;1;251;1;1,460728;0;2;1;247
18.05.2020 00:00:00;Ried im Innkreis;412;61204;0;46;0;0;0;0;0;44
18.05.2020 00:00:00;Rohrbach;413;56524;0;150;0;0;0;0;0;149
18.05.2020 00:00:00;Schärding;414;57307;0;58;0;0;0;1;0;57
18.05.2020 00:00:00;Steyr-Land;415;60427;0;181;0;0;0;7;0;168
18.05.2020 00:00:00;Urfahr-Umgebung;416;85505;0;281;0;0;0;5;0;272
18.05.2020 00:00:00;Vöcklabruck;417;136253;0;108;0;0;0;4;0;103
18.05.2020 00:00:00;Wels-Land;418;73094;0;79;0;0;0;0;0;77
18.05.2020 00:00:00;Salzburg(Stadt);501;154211;0;135;0;0;0;1;0;133
18.05.2020 00:00:00;Hallein;502;60374;0;68;0;0;0;1;0;67
18.05.2020 00:00:00;Salzburg-Umgebung;503;152281;0;200;0;0;0;10;0;185
18.05.2020 00:00:00;Sankt Johann im Pongau;504;80573;0;433;0;0;0;15;1;413
18.05.2020 00:00:00;Tamsweg;505;20320;0;22;0;0;0;0;0;22
18.05.2020 00:00:00;Zell am See;506;87462;1;360;1;1,143354;0;9;0;348
18.05.2020 00:00:00;Graz(Stadt);601;288806;0;460;1;0,3462532;0;40;2;375
18.05.2020 00:00:00;Deutschlandsberg;603;60821;0;48;0;0;0;2;0;46
18.05.2020 00:00:00;Graz-Umgebung;606;154260;0;246;2;1,296512;0;34;0;198
18.05.2020 00:00:00;Leibnitz;610;82484;0;183;0;0;0;4;0;178
18.05.2020 00:00:00;Leoben;611;60060;0;24;0;0;0;3;0;21
18.05.2020 00:00:00;Liezen;612;79901;0;88;0;0;0;1;0;86
18.05.2020 00:00:00;Murau;614;27659;0;7;0;0;0;0;0;6
18.05.2020 00:00:00;Voitsberg;616;51161;0;106;0;0;0;4;0;95
18.05.2020 00:00:00;Weiz;617;90343;3;193;5;5,534463;0;13;0;140
18.05.2020 00:00:00;Murtal;620;72004;0;32;0;0;0;1;0;31
18.05.2020 00:00:00;Bruck-Mürzzuschlag;621;98984;0;52;1;1,010264;0;3;0;48
18.05.2020 00:00:00;Hartberg-Fürstenfeld;622;90622;0;318;1;1,103485;2;38;5;254
18.05.2020 00:00:00;Südoststeiermark;623;85947;0;63;0;0;0;2;0;57
18.05.2020 00:00:00;Innsbruck-Stadt;701;132110;0;408;1;0,756945;0;6;1;394
18.05.2020 00:00:00;Imst;702;60056;0;293;1;1,665113;0;6;0;282
18.05.2020 00:00:00;Innsbruck-Land;703;179318;0;387;0;0;0;13;1;372
18.05.2020 00:00:00;Kitzbühel;704;63881;0;367;1;1,565411;0;11;0;353
18.05.2020 00:00:00;Kufstein;705;109682;0;524;2;1,823453;0;34;3;478
18.05.2020 00:00:00;Landeck;706;44362;1;989;1;2,254182;0;16;0;969
18.05.2020 00:00:00;Lienz;707;48753;0;152;1;2,051156;0;6;0;143
18.05.2020 00:00:00;Reutte;708;32670;0;57;1;3,060912;0;1;0;55
18.05.2020 00:00:00;Schwaz;709;83873;0;350;4;4,769115;0;14;0;329
18.05.2020 00:00:00;Bludenz;801;63714;0;256;2;3,139028;0;4;0;248
18.05.2020 00:00:00;Bregenz;802;134383;0;265;2;1,488284;0;10;0;252
18.05.2020 00:00:00;Dornbirn;803;89041;0;153;1;1,123078;0;4;0;146
18.05.2020 00:00:00;Feldkirch;804;107159;0;212;0;0;0;1;0;210
18.05.2020 00:00:00;Wien;900;1897491;39;2969;284;14,96713;0;182;18;2323
19.05.2020 00:00:00;Eisenstadt(Stadt);101;14637;0;18;2;13,664;0;0;0;16
19.05.2020 00:00:00;Rust(Stadt);102;1940;0;0;0;0;0;0;0;0
19.05.2020 00:00:00;Eisenstadt-Umgebung;103;42927;0;23;0;0;0;1;0;22
19.05.2020 00:00:00;Güssing;104;25797;0;23;0;0;0;0;0;23
19.05.2020 00:00:00;Jennersdorf;105;17066;0;10;0;0;0;0;0;10
19.05.2020 00:00:00;Mattersburg;106;39925;0;51;1;2,504696;0;1;0;43
19.05.2020 00:00:00;Neusiedl am See;107;59552;0;56;0;0;0;4;0;52
19.05.2020 00:00:00;Oberpullendorf;108;37513;0;24;0;0;0;1;0;22
19.05.2020 00:00:00;Oberwart;109;54076;0;132;1;1,849249;0;4;0;124
19.05.2020 00:00:00;Klagenfurt Stadt;201;100817;0;90;0;0;0;3;0;86
19.05.2020 00:00:00;Villach Stadt;202;62243;0;21;0;0;0;0;0;21
19.05.2020 00:00:00;Hermagor;203;18224;0;5;0;0;0;0;0;5
19.05.2020 00:00:00;Klagenfurt Land;204;59800;0;42;0;0;0;2;0;40
19.05.2020 00:00:00;Sankt Veit an der Glan;205;54555;0;52;0;0;0;0;0;51
19.05.2020 00:00:00;Spittal an der Drau;206;76091;0;42;0;0;0;1;0;40
19.05.2020 00:00:00;Villach Land;207;64668;0;48;0;0;0;2;0;46
19.05.2020 00:00:00;Völkermarkt;208;41878;0;53;0;0;0;4;2;49
19.05.2020 00:00:00;Wolfsberg;209;52726;0;43;0;0;0;1;0;42
19.05.2020 00:00:00;Feldkirchen;210;29937;0;15;0;0;0;0;0;15
19.05.2020 00:00:00;Krems an der Donau(Stadt);301;24876;0;39;0;0;0;3;0;36
19.05.2020 00:00:00;Sankt Pölten(Stadt);302;55044;0;89;0;0;0;3;0;85
19.05.2020 00:00:00;Waidhofen an der Ybbs(Stadt);303;11261;1;25;1;8,880206;0;3;0;19
19.05.2020 00:00:00;Wiener Neustadt(Stadt);304;45277;0;54;1;2,208627;0;0;0;47
19.05.2020 00:00:00;Amstetten;305;116114;0;298;1;0,8612226;0;16;1;281
19.05.2020 00:00:00;Baden;306;146203;0;159;7;4,787863;0;4;1;143
19.05.2020 00:00:00;Bruck an der Leitha;307;102010;1;102;11;10,78326;0;5;2;83
19.05.2020 00:00:00;Gänserndorf;308;103686;0;96;3;2,893351;0;2;2;86
19.05.2020 00:00:00;Gmünd;309;36773;0;14;0;0;0;0;0;14
19.05.2020 00:00:00;Hollabrunn;310;50858;0;37;3;5,898777;0;0;0;33
19.05.2020 00:00:00;Horn;311;31090;1;60;8;25,73175;0;5;0;43
19.05.2020 00:00:00;Korneuburg;312;90889;1;170;6;6,601459;0;5;5;156
19.05.2020 00:00:00;Krems(Land);313;56596;0;157;3;5,300728;0;8;0;147
19.05.2020 00:00:00;Lilienfeld;314;25812;0;45;1;3,874167;0;5;1;38
19.05.2020 00:00:00;Melk;315;77962;0;172;0;0;0;4;0;168
19.05.2020 00:00:00;Mistelbach;316;75483;0;142;6;7,94881;0;7;0;122
19.05.2020 00:00:00;Mödling;317;118998;0;182;5;4,201751;0;7;1;167
19.05.2020 00:00:00;Neunkirchen;318;86291;0;198;10;11,58869;0;3;0;188
19.05.2020 00:00:00;Sankt Pölten(Land);319;131044;0;266;0;0;0;11;0;254
19.05.2020 00:00:00;Scheibbs;320;41403;0;103;0;0;0;1;0;101
19.05.2020 00:00:00;Tulln;321;103771;2;171;2;1,927321;0;6;3;151
19.05.2020 00:00:00;Waidhofen an der Thaya;322;25888;0;73;1;3,862794;0;1;0;70
19.05.2020 00:00:00;Wiener Neustadt(Land);323;77991;0;84;4;5,128797;0;6;1;71
19.05.2020 00:00:00;Zwettl;325;42222;0;72;0;0;0;1;3;70
19.05.2020 00:00:00;Linz(Stadt);401;205726;3;309;3;1,45825;0;13;0;290
19.05.2020 00:00:00;Steyr(Stadt);402;38193;0;61;0;0;0;2;0;56
19.05.2020 00:00:00;Wels(Stadt);403;61727;0;58;0;0;0;0;0;58
19.05.2020 00:00:00;Braunau am Inn;404;104408;0;131;0;0;0;3;0;128
19.05.2020 00:00:00;Eferding;405;33156;0;53;0;0;0;5;0;47
19.05.2020 00:00:00;Freistadt;406;66621;0;121;0;0;0;5;0;111
19.05.2020 00:00:00;Gmunden;407;101631;0;73;0;0;0;2;2;69
19.05.2020 00:00:00;Grieskirchen;408;64721;0;74;0;0;0;1;0;72
19.05.2020 00:00:00;Kirchdorf an der Krems;409;56866;0;43;0;0;0;1;0;41
19.05.2020 00:00:00;Linz-Land;410;150273;4;210;6;3,992733;0;9;0;193
19.05.2020 00:00:00;Perg;411;68459;0;251;1;1,460728;0;2;0;247
19.05.2020 00:00:00;Ried im Innkreis;412;61204;0;46;0;0;0;0;0;44
19.05.2020 00:00:00;Rohrbach;413;56524;0;150;0;0;0;0;0;149
19.05.2020 00:00:00;Schärding;414;57307;0;58;0;0;0;1;0;57
19.05.2020 00:00:00;Steyr-Land;415;60427;0;181;0;0;0;7;0;168
19.05.2020 00:00:00;Urfahr-Umgebung;416;85505;0;281;0;0;0;5;0;272
19.05.2020 00:00:00;Vöcklabruck;417;136253;0;108;0;0;0;4;0;103
19.05.2020 00:00:00;Wels-Land;418;73094;0;79;0;0;0;0;0;77
19.05.2020 00:00:00;Salzburg(Stadt);501;154211;0;135;0;0;0;1;0;133
19.05.2020 00:00:00;Hallein;502;60374;1;69;1;1,656342;0;1;0;67
19.05.2020 00:00:00;Salzburg-Umgebung;503;152281;0;200;0;0;0;10;1;186
19.05.2020 00:00:00;Sankt Johann im Pongau;504;80573;0;433;0;0;1;16;0;413
19.05.2020 00:00:00;Tamsweg;505;20320;0;22;0;0;0;0;0;22
19.05.2020 00:00:00;Zell am See;506;87462;0;360;1;1,143354;0;9;0;348
19.05.2020 00:00:00;Graz(Stadt);601;288806;1;461;2;0,6925064;0;40;6;381
19.05.2020 00:00:00;Deutschlandsberg;603;60821;0;48;0;0;0;2;0;46
19.05.2020 00:00:00;Graz-Umgebung;606;154260;2;248;4;2,593025;0;34;4;202
19.05.2020 00:00:00;Leibnitz;610;82484;0;183;0;0;0;4;0;178
19.05.2020 00:00:00;Leoben;611;60060;0;24;0;0;0;3;0;21
19.05.2020 00:00:00;Liezen;612;79901;0;88;0;0;0;1;1;87
19.05.2020 00:00:00;Murau;614;27659;0;7;0;0;0;0;0;6
19.05.2020 00:00:00;Voitsberg;616;51161;0;106;0;0;0;4;0;95
19.05.2020 00:00:00;Weiz;617;90343;0;193;5;5,534463;0;13;0;140
19.05.2020 00:00:00;Murtal;620;72004;0;32;0;0;0;1;0;31
19.05.2020 00:00:00;Bruck-Mürzzuschlag;621;98984;0;52;1;1,010264;0;3;0;48
19.05.2020 00:00:00;Hartberg-Fürstenfeld;622;90622;0;318;1;1,103485;0;38;1;255
19.05.2020 00:00:00;Südoststeiermark;623;85947;0;63;0;0;0;2;2;59
19.05.2020 00:00:00;Innsbruck-Stadt;701;132110;0;408;1;0,756945;0;6;0;394
19.05.2020 00:00:00;Imst;702;60056;0;293;1;1,665113;0;6;1;283
19.05.2020 00:00:00;Innsbruck-Land;703;179318;2;389;2;1,115337;0;13;0;372
19.05.2020 00:00:00;Kitzbühel;704;63881;0;367;1;1,565411;0;11;0;353
19.05.2020 00:00:00;Kufstein;705;109682;0;524;2;1,823453;0;34;3;481
19.05.2020 00:00:00;Landeck;706;44362;0;989;1;2,254182;0;16;1;970
19.05.2020 00:00:00;Lienz;707;48753;0;152;1;2,051156;0;6;0;143
19.05.2020 00:00:00;Reutte;708;32670;0;57;1;3,060912;0;1;0;55
19.05.2020 00:00:00;Schwaz;709;83873;0;350;4;4,769115;0;14;1;330
19.05.2020 00:00:00;Bludenz;801;63714;0;256;2;3,139028;0;4;1;249
19.05.2020 00:00:00;Bregenz;802;134383;6;271;8;5,953134;0;10;0;252
19.05.2020 00:00:00;Dornbirn;803;89041;0;153;1;1,123078;0;4;0;146
19.05.2020 00:00:00;Feldkirch;804;107159;1;213;1;0,9331927;0;1;0;210
19.05.2020 00:00:00;Wien;900;1897491;34;3003;258;13,5969;0;182;23;2346
20.05.2020 00:00:00;Eisenstadt(Stadt);101;14637;0;18;2;13,664;0;0;0;16
20.05.2020 00:00:00;Rust(Stadt);102;1940;0;0;0;0;0;0;0;0
20.05.2020 00:00:00;Eisenstadt-Umgebung;103;42927;0;23;0;0;0;1;0;22
20.05.2020 00:00:00;Güssing;104;25797;0;23;0;0;0;0;0;23
20.05.2020 00:00:00;Jennersdorf;105;17066;0;10;0;0;0;0;0;10
20.05.2020 00:00:00;Mattersburg;106;39925;0;51;1;2,504696;0;1;1;44
20.05.2020 00:00:00;Neusiedl am See;107;59552;0;56;0;0;0;4;0;52
20.05.2020 00:00:00;Oberpullendorf;108;37513;0;24;0;0;0;1;0;22
20.05.2020 00:00:00;Oberwart;109;54076;0;132;1;1,849249;0;4;0;124
20.05.2020 00:00:00;Klagenfurt Stadt;201;100817;0;90;0;0;0;3;0;86
20.05.2020 00:00:00;Villach Stadt;202;62243;0;21;0;0;0;0;0;21
20.05.2020 00:00:00;Hermagor;203;18224;0;5;0;0;0;0;0;5
20.05.2020 00:00:00;Klagenfurt Land;204;59800;0;42;0;0;0;2;0;40
20.05.2020 00:00:00;Sankt Veit an der Glan;205;54555;0;52;0;0;0;0;0;51
20.05.2020 00:00:00;Spittal an der Drau;206;76091;0;42;0;0;0;1;0;40
20.05.2020 00:00:00;Villach Land;207;64668;0;48;0;0;0;2;0;46
20.05.2020 00:00:00;Völkermarkt;208;41878;0;53;0;0;0;4;0;49
20.05.2020 00:00:00;Wolfsberg;209;52726;0;43;0;0;0;1;0;42
20.05.2020 00:00:00;Feldkirchen;210;29937;0;15;0;0;0;0;0;15
20.05.2020 00:00:00;Krems an der Donau(Stadt);301;24876;1;40;1;4,019939;0;3;0;36
20.05.2020 00:00:00;Sankt Pölten(Stadt);302;55044;0;89;0;0;0;3;0;85
20.05.2020 00:00:00;Waidhofen an der Ybbs(Stadt);303;11261;0;25;1;8,880206;0;3;0;19
20.05.2020 00:00:00;Wiener Neustadt(Stadt);304;45277;0;54;1;2,208627;0;0;1;48
20.05.2020 00:00:00;Amstetten;305;116114;0;298;1;0,8612226;0;16;0;281
20.05.2020 00:00:00;Baden;306;146203;0;159;5;3,419903;0;4;1;144
20.05.2020 00:00:00;Bruck an der Leitha;307;102010;2;104;13;12,74385;0;5;0;83
20.05.2020 00:00:00;Gänserndorf;308;103686;0;96;3;2,893351;0;2;2;88
20.05.2020 00:00:00;Gmünd;309;36773;0;14;0;0;0;0;0;14
20.05.2020 00:00:00;Hollabrunn;310;50858;0;37;2;3,932518;0;0;0;33
20.05.2020 00:00:00;Horn;311;31090;0;60;6;19,29881;0;5;1;44
20.05.2020 00:00:00;Korneuburg;312;90889;2;172;7;7,701702;0;5;1;157
20.05.2020 00:00:00;Krems(Land);313;56596;0;157;3;5,300728;0;8;0;147
20.05.2020 00:00:00;Lilienfeld;314;25812;0;45;1;3,874167;0;5;0;38
20.05.2020 00:00:00;Melk;315;77962;0;172;0;0;0;4;0;168
20.05.2020 00:00:00;Mistelbach;316;75483;0;142;6;7,94881;0;7;0;122
20.05.2020 00:00:00;Mödling;317;118998;1;183;6;5,042101;0;7;2;169
20.05.2020 00:00:00;Neunkirchen;318;86291;1;199;11;12,74756;0;3;0;188
20.05.2020 00:00:00;Sankt Pölten(Land);319;131044;0;266;0;0;0;11;0;254
20.05.2020 00:00:00;Scheibbs;320;41403;0;103;0;0;0;1;0;101
20.05.2020 00:00:00;Tulln;321;103771;0;171;2;1,927321;0;6;0;151
20.05.2020 00:00:00;Waidhofen an der Thaya;322;25888;0;73;1;3,862794;1;2;0;70
20.05.2020 00:00:00;Wiener Neustadt(Land);323;77991;0;84;4;5,128797;0;6;0;71
20.05.2020 00:00:00;Zwettl;325;42222;0;72;0;0;0;1;0;70
20.05.2020 00:00:00;Linz(Stadt);401;205726;2;311;5;2,430417;0;13;1;291
20.05.2020 00:00:00;Steyr(Stadt);402;38193;0;61;0;0;0;2;0;56
20.05.2020 00:00:00;Wels(Stadt);403;61727;0;58;0;0;0;0;0;58
20.05.2020 00:00:00;Braunau am Inn;404;104408;0;131;0;0;0;3;0;128
20.05.2020 00:00:00;Eferding;405;33156;0;53;0;0;0;5;0;47
20.05.2020 00:00:00;Freistadt;406;66621;0;121;0;0;0;5;1;112
20.05.2020 00:00:00;Gmunden;407;101631;0;73;0;0;0;2;0;69
20.05.2020 00:00:00;Grieskirchen;408;64721;0;74;0;0;0;1;0;72
20.05.2020 00:00:00;Kirchdorf an der Krems;409;56866;0;43;0;0;0;1;1;42
20.05.2020 00:00:00;Linz-Land;410;150273;0;210;6;3,992733;0;9;0;193
20.05.2020 00:00:00;Perg;411;68459;0;251;1;1,460728;0;2;0;247
20.05.2020 00:00:00;Ried im Innkreis;412;61204;0;46;0;0;0;0;0;44
20.05.2020 00:00:00;Rohrbach;413;56524;0;150;0;0;0;0;0;149
20.05.2020 00:00:00;Schärding;414;57307;0;58;0;0;0;1;0;57
20.05.2020 00:00:00;Steyr-Land;415;60427;0;181;0;0;0;7;0;168
20.05.2020 00:00:00;Urfahr-Umgebung;416;85505;0;281;0;0;0;5;0;272
20.05.2020 00:00:00;Vöcklabruck;417;136253;0;108;0;0;0;4;0;103
20.05.2020 00:00:00;Wels-Land;418;73094;0;79;0;0;0;0;0;77
20.05.2020 00:00:00;Salzburg(Stadt);501;154211;0;135;0;0;0;1;0;133
20.05.2020 00:00:00;Hallein;502;60374;0;69;1;1,656342;0;1;0;67
20.05.2020 00:00:00;Salzburg-Umgebung;503;152281;0;200;0;0;0;10;1;187
20.05.2020 00:00:00;Sankt Johann im Pongau;504;80573;0;433;0;0;0;16;1;414
20.05.2020 00:00:00;Tamsweg;505;20320;0;22;0;0;0;0;0;22
20.05.2020 00:00:00;Zell am See;506;87462;0;360;1;1,143354;0;9;0;348
20.05.2020 00:00:00;Graz(Stadt);601;288806;0;461;2;0,6925064;0;40;1;382
20.05.2020 00:00:00;Deutschlandsberg;603;60821;1;49;1;1,644169;0;2;0;46
20.05.2020 00:00:00;Graz-Umgebung;606;154260;0;248;4;2,593025;0;34;0;202
20.05.2020 00:00:00;Leibnitz;610;82484;0;183;0;0;0;4;0;178
20.05.2020 00:00:00;Leoben;611;60060;0;24;0;0;0;3;0;21
20.05.2020 00:00:00;Liezen;612;79901;0;88;0;0;0;1;0;87
20.05.2020 00:00:00;Murau;614;27659;0;7;0;0;0;0;0;6
20.05.2020 00:00:00;Voitsberg;616;51161;0;106;0;0;0;4;0;95
20.05.2020 00:00:00;Weiz;617;90343;2;195;6;6,641356;1;14;4;144
20.05.2020 00:00:00;Murtal;620;72004;0;32;0;0;0;1;0;31
20.05.2020 00:00:00;Bruck-Mürzzuschlag;621;98984;0;52;1;1,010264;0;3;1;49
20.05.2020 00:00:00;Hartberg-Fürstenfeld;622;90622;0;318;1;1,103485;0;38;5;260
20.05.2020 00:00:00;Südoststeiermark;623;85947;0;63;0;0;0;2;0;59
20.05.2020 00:00:00;Innsbruck-Stadt;701;132110;0;408;0;0;0;6;0;394
20.05.2020 00:00:00;Imst;702;60056;0;293;1;1,665113;0;6;0;283
20.05.2020 00:00:00;Innsbruck-Land;703;179318;0;389;2;1,115337;0;13;0;372
20.05.2020 00:00:00;Kitzbühel;704;63881;0;367;1;1,565411;0;11;1;354
20.05.2020 00:00:00;Kufstein;705;109682;0;524;1;0,9117267;1;35;0;481
20.05.2020 00:00:00;Landeck;706;44362;0;989;1;2,254182;0;16;0;970
20.05.2020 00:00:00;Lienz;707;48753;0;152;1;2,051156;0;6;0;143
20.05.2020 00:00:00;Reutte;708;32670;0;57;1;3,060912;0;1;0;55
20.05.2020 00:00:00;Schwaz;709;83873;2;352;6;7,153673;0;14;0;330
20.05.2020 00:00:00;Bludenz;801;63714;0;256;2;3,139028;0;4;0;249
20.05.2020 00:00:00;Bregenz;802;134383;0;271;8;5,953134;0;10;0;252
20.05.2020 00:00:00;Dornbirn;803;89041;0;153;1;1,123078;0;4;0;146
20.05.2020 00:00:00;Feldkirch;804;107159;0;213;1;0,9331927;0;1;0;210
20.05.2020 00:00:00;Wien;900;1897491;16;3019;246;12,96449;0;182;25;2371
21.05.2020 00:00:00;Eisenstadt(Stadt);101;14637;1;19;3;20,496;0;0;0;16
21.05.2020 00:00:00;Rust(Stadt);102;1940;0;0;0;0;0;0;0;0
21.05.2020 00:00:00;Eisenstadt-Umgebung;103;42927;0;23;0;0;0;1;0;22
21.05.2020 00:00:00;Güssing;104;25797;0;23;0;0;0;0;0;23
21.05.2020 00:00:00;Jennersdorf;105;17066;0;10;0;0;0;0;0;10
21.05.2020 00:00:00;Mattersburg;106;39925;1;52;2;5,009393;0;1;0;44
21.05.2020 00:00:00;Neusiedl am See;107;59552;0;56;0;0;0;4;0;52
21.05.2020 00:00:00;Oberpullendorf;108;37513;0;24;0;0;0;1;0;22
21.05.2020 00:00:00;Oberwart;109;54076;0;132;1;1,849249;0;4;0;124
21.05.2020 00:00:00;Klagenfurt Stadt;201;100817;0;90;0;0;0;3;0;86
21.05.2020 00:00:00;Villach Stadt;202;62243;0;21;0;0;0;0;0;21
21.05.2020 00:00:00;Hermagor;203;18224;0;5;0;0;0;0;0;5
21.05.2020 00:00:00;Klagenfurt Land;204;59800;0;42;0;0;0;2;0;40
21.05.2020 00:00:00;Sankt Veit an der Glan;205;54555;0;52;0;0;0;0;0;51
21.05.2020 00:00:00;Spittal an der Drau;206;76091;0;42;0;0;0;1;0;40
21.05.2020 00:00:00;Villach Land;207;64668;0;48;0;0;0;2;0;46
21.05.2020 00:00:00;Völkermarkt;208;41878;0;53;0;0;0;4;0;49
21.05.2020 00:00:00;Wolfsberg;209;52726;0;43;0;0;0;1;0;42
21.05.2020 00:00:00;Feldkirchen;210;29937;0;15;0;0;0;0;0;15
21.05.2020 00:00:00;Krems an der Donau(Stadt);301;24876;0;40;1;4,019939;0;3;0;36
21.05.2020 00:00:00;Sankt Pölten(Stadt);302;55044;0;89;0;0;0;3;0;85
21.05.2020 00:00:00;Waidhofen an der Ybbs(Stadt);303;11261;0;25;1;8,880206;0;3;0;19
21.05.2020 00:00:00;Wiener Neustadt(Stadt);304;45277;0;54;1;2,208627;0;0;2;50
21.05.2020 00:00:00;Amstetten;305;116114;0;298;0;0;0;16;0;281
21.05.2020 00:00:00;Baden;306;146203;0;159;5;3,419903;0;4;0;144
21.05.2020 00:00:00;Bruck an der Leitha;307;102010;2;106;14;13,72414;0;5;2;85
21.05.2020 00:00:00;Gänserndorf;308;103686;0;96;3;2,893351;0;2;0;88
21.05.2020 00:00:00;Gmünd;309;36773;0;14;0;0;0;0;0;14
21.05.2020 00:00:00;Hollabrunn;310;50858;0;37;2;3,932518;0;0;0;33
21.05.2020 00:00:00;Horn;311;31090;0;60;5;16,08234;0;5;1;45
21.05.2020 00:00:00;Korneuburg;312;90889;1;173;7;7,701702;0;5;0;157
21.05.2020 00:00:00;Krems(Land);313;56596;0;157;3;5,300728;0;8;0;147
21.05.2020 00:00:00;Lilienfeld;314;25812;1;46;2;7,748334;0;5;0;38
21.05.2020 00:00:00;Melk;315;77962;0;172;0;0;0;4;0;168
21.05.2020 00:00:00;Mistelbach;316;75483;1;143;7;9,273611;0;7;2;124
21.05.2020 00:00:00;Mödling;317;118998;0;183;6;5,042101;0;7;1;170
21.05.2020 00:00:00;Neunkirchen;318;86291;0;199;11;12,74756;0;3;0;188
21.05.2020 00:00:00;Sankt Pölten(Land);319;131044;0;266;0;0;0;11;0;254
21.05.2020 00:00:00;Scheibbs;320;41403;0;103;0;0;0;1;0;101
21.05.2020 00:00:00;Tulln;321;103771;1;172;3;2,890981;0;6;7;158
21.05.2020 00:00:00;Waidhofen an der Thaya;322;25888;0;73;1;3,862794;0;2;0;70
21.05.2020 00:00:00;Wiener Neustadt(Land);323;77991;1;85;3;3,846598;0;6;1;72
21.05.2020 00:00:00;Zwettl;325;42222;0;72;0;0;0;1;0;70
21.05.2020 00:00:00;Linz(Stadt);401;205726;0;311;5;2,430417;0;13;0;291
21.05.2020 00:00:00;Steyr(Stadt);402;38193;0;61;0;0;0;2;0;56
21.05.2020 00:00:00;Wels(Stadt);403;61727;0;58;0;0;0;0;0;58
21.05.2020 00:00:00;Braunau am Inn;404;104408;0;131;0;0;0;3;0;128
21.05.2020 00:00:00;Eferding;405;33156;0;53;0;0;0;5;0;47
21.05.2020 00:00:00;Freistadt;406;66621;0;121;0;0;0;5;0;112
21.05.2020 00:00:00;Gmunden;407;101631;0;73;0;0;0;2;0;69
21.05.2020 00:00:00;Grieskirchen;408;64721;0;74;0;0;0;1;0;72
21.05.2020 00:00:00;Kirchdorf an der Krems;409;56866;0;43;0;0;0;1;0;42
21.05.2020 00:00:00;Linz-Land;410;150273;0;210;6;3,992733;0;9;1;194
21.05.2020 00:00:00;Perg;411;68459;0;251;1;1,460728;0;2;0;247
21.05.2020 00:00:00;Ried im Innkreis;412;61204;0;46;0;0;0;0;0;44
21.05.2020 00:00:00;Rohrbach;413;56524;1;151;1;1,76916;0;0;0;149
21.05.2020 00:00:00;Schärding;414;57307;0;58;0;0;0;1;0;57
21.05.2020 00:00:00;Steyr-Land;415;60427;0;181;0;0;0;7;0;168
21.05.2020 00:00:00;Urfahr-Umgebung;416;85505;0;281;0;0;0;5;1;273
21.05.2020 00:00:00;Vöcklabruck;417;136253;0;108;0;0;0;4;0;103
21.05.2020 00:00:00;Wels-Land;418;73094;0;79;0;0;0;0;0;77
21.05.2020 00:00:00;Salzburg(Stadt);501;154211;0;135;0;0;0;1;0;133
21.05.2020 00:00:00;Hallein;502;60374;0;69;1;1,656342;0;1;0;67
21.05.2020 00:00:00;Salzburg-Umgebung;503;152281;0;200;0;0;0;10;0;187
21.05.2020 00:00:00;Sankt Johann im Pongau;504;80573;0;433;0;0;0;16;0;414
21.05.2020 00:00:00;Tamsweg;505;20320;0;22;0;0;0;0;0;22
21.05.2020 00:00:00;Zell am See;506;87462;0;360;1;1,143354;0;9;1;349
21.05.2020 00:00:00;Graz(Stadt);601;288806;0;461;2;0,6925064;0;40;2;384
21.05.2020 00:00:00;Deutschlandsberg;603;60821;0;49;1;1,644169;0;2;0;46
21.05.2020 00:00:00;Graz-Umgebung;606;154260;0;248;4;2,593025;0;34;0;202
21.05.2020 00:00:00;Leibnitz;610;82484;0;183;0;0;0;4;1;179
21.05.2020 00:00:00;Leoben;611;60060;0;24;0;0;0;3;0;21
21.05.2020 00:00:00;Liezen;612;79901;0;88;0;0;0;1;0;87
21.05.2020 00:00:00;Murau;614;27659;0;7;0;0;0;0;0;6
21.05.2020 00:00:00;Voitsberg;616;51161;0;106;0;0;0;4;1;96
21.05.2020 00:00:00;Weiz;617;90343;0;195;6;6,641356;1;15;0;144
21.05.2020 00:00:00;Murtal;620;72004;0;32;0;0;0;1;0;31
21.05.2020 00:00:00;Bruck-Mürzzuschlag;621;98984;0;52;1;1,010264;0;3;0;49
21.05.2020 00:00:00;Hartberg-Fürstenfeld;622;90622;0;318;1;1,103485;0;38;0;260
21.05.2020 00:00:00;Südoststeiermark;623;85947;0;63;0;0;0;2;1;60
21.05.2020 00:00:00;Innsbruck-Stadt;701;132110;0;408;0;0;0;6;0;394
21.05.2020 00:00:00;Imst;702;60056;0;293;0;0;0;6;0;283
21.05.2020 00:00:00;Innsbruck-Land;703;179318;0;389;2;1,115337;0;13;0;372
21.05.2020 00:00:00;Kitzbühel;704;63881;0;367;1;1,565411;0;11;1;355
21.05.2020 00:00:00;Kufstein;705;109682;0;524;1;0,9117267;0;35;0;481
21.05.2020 00:00:00;Landeck;706;44362;0;989;1;2,254182;0;16;0;970
21.05.2020 00:00:00;Lienz;707;48753;0;152;1;2,051156;0;6;0;143
21.05.2020 00:00:00;Reutte;708;32670;0;57;1;3,060912;0;1;0;55
21.05.2020 00:00:00;Schwaz;709;83873;0;352;5;5,961394;0;14;0;330
21.05.2020 00:00:00;Bludenz;801;63714;0;256;2;3,139028;0;4;0;249
21.05.2020 00:00:00;Bregenz;802;134383;1;272;9;6,697276;0;10;0;252
21.05.2020 00:00:00;Dornbirn;803;89041;0;153;1;1,123078;0;4;0;146
21.05.2020 00:00:00;Feldkirch;804;107159;0;213;1;0,9331927;0;1;0;210
21.05.2020 00:00:00;Wien;900;1897491;20;3039;223;11,75236;1;183;32;2403
22.05.2020 00:00:00;Eisenstadt(Stadt);101;14637;0;19;3;20,496;0;0;0;16
22.05.2020 00:00:00;Rust(Stadt);102;1940;0;0;0;0;0;0;0;0
22.05.2020 00:00:00;Eisenstadt-Umgebung;103;42927;0;23;0;0;0;1;0;22
22.05.2020 00:00:00;Güssing;104;25797;0;23;0;0;0;0;0;23
22.05.2020 00:00:00;Jennersdorf;105;17066;0;10;0;0;0;0;0;10
22.05.2020 00:00:00;Mattersburg;106;39925;0;52;2;5,009393;0;1;1;45
22.05.2020 00:00:00;Neusiedl am See;107;59552;0;56;0;0;0;4;0;52
22.05.2020 00:00:00;Oberpullendorf;108;37513;0;24;0;0;0;1;0;22
22.05.2020 00:00:00;Oberwart;109;54076;0;132;1;1,849249;0;4;0;124
22.05.2020 00:00:00;Klagenfurt Stadt;201;100817;0;90;0;0;0;3;0;86
22.05.2020 00:00:00;Villach Stadt;202;62243;0;21;0;0;0;0;0;21
22.05.2020 00:00:00;Hermagor;203;18224;0;5;0;0;0;0;0;5
22.05.2020 00:00:00;Klagenfurt Land;204;59800;0;42;0;0;0;2;0;40
22.05.2020 00:00:00;Sankt Veit an der Glan;205;54555;0;52;0;0;0;0;0;51
22.05.2020 00:00:00;Spittal an der Drau;206;76091;0;42;0;0;0;1;0;40
22.05.2020 00:00:00;Villach Land;207;64668;0;48;0;0;0;2;0;46
22.05.2020 00:00:00;Völkermarkt;208;41878;0;53;0;0;0;4;0;49
22.05.2020 00:00:00;Wolfsberg;209;52726;0;43;0;0;0;1;0;42
22.05.2020 00:00:00;Feldkirchen;210;29937;0;15;0;0;0;0;0;15
22.05.2020 00:00:00;Krems an der Donau(Stadt);301;24876;0;40;1;4,019939;0;3;0;36
22.05.2020 00:00:00;Sankt Pölten(Stadt);302;55044;0;89;0;0;0;3;0;85
22.05.2020 00:00:00;Waidhofen an der Ybbs(Stadt);303;11261;0;25;1;8,880206;0;3;1;20
22.05.2020 00:00:00;Wiener Neustadt(Stadt);304;45277;1;55;2;4,417254;0;0;2;52
22.05.2020 00:00:00;Amstetten;305;116114;0;298;0;0;0;16;0;281
22.05.2020 00:00:00;Baden;306;146203;0;159;1;0,6839805;0;4;0;144
22.05.2020 00:00:00;Bruck an der Leitha;307;102010;1;107;12;11,76355;0;5;1;86
22.05.2020 00:00:00;Gänserndorf;308;103686;0;96;3;2,893351;0;2;1;89
22.05.2020 00:00:00;Gmünd;309;36773;0;14;0;0;0;0;0;14
22.05.2020 00:00:00;Hollabrunn;310;50858;0;37;2;3,932518;0;0;0;33
22.05.2020 00:00:00;Horn;311;31090;0;60;2;6,432937;0;5;1;46
22.05.2020 00:00:00;Korneuburg;312;90889;0;173;7;7,701702;0;5;0;157
22.05.2020 00:00:00;Krems(Land);313;56596;0;157;3;5,300728;0;8;0;147
22.05.2020 00:00:00;Lilienfeld;314;25812;0;46;2;7,748334;0;5;1;39
22.05.2020 00:00:00;Melk;315;77962;0;172;0;0;0;4;0;168
22.05.2020 00:00:00;Mistelbach;316;75483;0;143;6;7,94881;0;7;0;124
22.05.2020 00:00:00;Mödling;317;118998;1;184;6;5,042101;0;7;0;170
22.05.2020 00:00:00;Neunkirchen;318;86291;0;199;11;12,74756;0;3;1;189
22.05.2020 00:00:00;Sankt Pölten(Land);319;131044;0;266;0;0;0;11;0;254
22.05.2020 00:00:00;Scheibbs;320;41403;0;103;0;0;0;1;0;101
22.05.2020 00:00:00;Tulln;321;103771;0;172;3;2,890981;0;6;0;158
22.05.2020 00:00:00;Waidhofen an der Thaya;322;25888;0;73;1;3,862794;0;2;0;70
22.05.2020 00:00:00;Wiener Neustadt(Land);323;77991;0;85;3;3,846598;0;6;1;73
22.05.2020 00:00:00;Zwettl;325;42222;0;72;0;0;0;1;0;70
22.05.2020 00:00:00;Linz(Stadt);401;205726;1;312;6;2,916501;0;13;0;291
22.05.2020 00:00:00;Steyr(Stadt);402;38193;1;62;1;2,618281;0;2;0;56
22.05.2020 00:00:00;Wels(Stadt);403;61727;0;58;0;0;0;0;0;58
22.05.2020 00:00:00;Braunau am Inn;404;104408;0;131;0;0;0;3;0;128
22.05.2020 00:00:00;Eferding;405;33156;0;53;0;0;0;5;0;47
22.05.2020 00:00:00;Freistadt;406;66621;0;121;0;0;0;5;1;113
22.05.2020 00:00:00;Gmunden;407;101631;0;73;0;0;0;2;0;69
22.05.2020 00:00:00;Grieskirchen;408;64721;0;74;0;0;0;1;0;72
22.05.2020 00:00:00;Kirchdorf an der Krems;409;56866;0;43;0;0;0;1;0;42
22.05.2020 00:00:00;Linz-Land;410;150273;0;210;6;3,992733;0;9;0;194
22.05.2020 00:00:00;Perg;411;68459;0;251;1;1,460728;0;2;0;247
22.05.2020 00:00:00;Ried im Innkreis;412;61204;0;46;0;0;0;0;0;44
22.05.2020 00:00:00;Rohrbach;413;56524;0;151;1;1,76916;0;0;0;149
22.05.2020 00:00:00;Schärding;414;57307;0;58;0;0;0;1;0;57
22.05.2020 00:00:00;Steyr-Land;415;60427;0;181;0;0;0;7;2;170
22.05.2020 00:00:00;Urfahr-Umgebung;416;85505;0;281;0;0;0;5;0;273
22.05.2020 00:00:00;Vöcklabruck;417;136253;0;108;0;0;0;4;0;103
22.05.2020 00:00:00;Wels-Land;418;73094;0;79;0;0;0;0;0;77
22.05.2020 00:00:00;Salzburg(Stadt);501;154211;0;135;0;0;0;1;0;133
22.05.2020 00:00:00;Hallein;502;60374;0;69;1;1,656342;0;1;0;67
22.05.2020 00:00:00;Salzburg-Umgebung;503;152281;0;200;0;0;0;10;1;188
22.05.2020 00:00:00;Sankt Johann im Pongau;504;80573;0;433;0;0;0;16;0;414
22.05.2020 00:00:00;Tamsweg;505;20320;0;22;0;0;0;0;0;22
22.05.2020 00:00:00;Zell am See;506;87462;0;360;1;1,143354;0;9;0;349
22.05.2020 00:00:00;Graz(Stadt);601;288806;0;461;2;0,6925064;0;40;4;388
22.05.2020 00:00:00;Deutschlandsberg;603;60821;0;49;1;1,644169;0;2;0;46
22.05.2020 00:00:00;Graz-Umgebung;606;154260;0;248;3;1,944769;0;34;4;206
22.05.2020 00:00:00;Leibnitz;610;82484;0;183;0;0;0;4;0;179
22.05.2020 00:00:00;Leoben;611;60060;0;24;0;0;0;3;0;21
22.05.2020 00:00:00;Liezen;612;79901;0;88;0;0;0;1;0;87
22.05.2020 00:00:00;Murau;614;27659;0;7;0;0;0;0;0;6
22.05.2020 00:00:00;Voitsberg;616;51161;0;106;0;0;1;5;0;96
22.05.2020 00:00:00;Weiz;617;90343;3;198;9;9,962033;0;15;0;144
22.05.2020 00:00:00;Murtal;620;72004;0;32;0;0;0;1;0;31
22.05.2020 00:00:00;Bruck-Mürzzuschlag;621;98984;0;52;1;1,010264;0;3;0;49
22.05.2020 00:00:00;Hartberg-Fürstenfeld;622;90622;0;318;1;1,103485;0;38;1;261
22.05.2020 00:00:00;Südoststeiermark;623;85947;0;63;0;0;0;2;0;60
22.05.2020 00:00:00;Innsbruck-Stadt;701;132110;0;408;0;0;0;6;0;394
22.05.2020 00:00:00;Imst;702;60056;1;294;1;1,665113;0;6;1;284
22.05.2020 00:00:00;Innsbruck-Land;703;179318;0;389;2;1,115337;0;13;0;372
22.05.2020 00:00:00;Kitzbühel;704;63881;0;367;0;0;0;11;0;355
22.05.2020 00:00:00;Kufstein;705;109682;0;524;1;0,9117267;0;35;0;481
22.05.2020 00:00:00;Landeck;706;44362;0;989;1;2,254182;0;16;1;971
22.05.2020 00:00:00;Lienz;707;48753;0;152;1;2,051156;0;6;0;143
22.05.2020 00:00:00;Reutte;708;32670;0;57;0;0;0;1;0;55
22.05.2020 00:00:00;Schwaz;709;83873;0;352;4;4,769115;0;14;0;330
22.05.2020 00:00:00;Bludenz;801;63714;0;256;1;1,569514;0;4;0;249
22.05.2020 00:00:00;Bregenz;802;134383;1;273;10;7,441417;0;10;0;252
22.05.2020 00:00:00;Dornbirn;803;89041;0;153;1;1,123078;0;4;1;147
22.05.2020 00:00:00;Feldkirch;804;107159;0;213;1;0,9331927;0;1;0;210
22.05.2020 00:00:00;Wien;900;1897491;19;3058;206;10,85644;2;185;23;2426
23.05.2020 00:00:00;Eisenstadt(Stadt);101;14637;0;19;2;13,664;0;0;0;16
23.05.2020 00:00:00;Rust(Stadt);102;1940;0;0;0;0;0;0;0;0
23.05.2020 00:00:00;Eisenstadt-Umgebung;103;42927;0;23;0;0;0;1;0;22
23.05.2020 00:00:00;Güssing;104;25797;0;23;0;0;0;0;0;23
23.05.2020 00:00:00;Jennersdorf;105;17066;0;10;0;0;0;0;0;10
23.05.2020 00:00:00;Mattersburg;106;39925;0;52;2;5,009393;0;1;0;45
23.05.2020 00:00:00;Neusiedl am See;107;59552;0;56;0;0;0;4;0;52
23.05.2020 00:00:00;Oberpullendorf;108;37513;0;24;0;0;0;1;0;22
23.05.2020 00:00:00;Oberwart;109;54076;0;132;1;1,849249;0;4;0;124
23.05.2020 00:00:00;Klagenfurt Stadt;201;100817;0;90;0;0;0;3;0;86
23.05.2020 00:00:00;Villach Stadt;202;62243;0;21;0;0;0;0;0;21
23.05.2020 00:00:00;Hermagor;203;18224;0;5;0;0;0;0;0;5
23.05.2020 00:00:00;Klagenfurt Land;204;59800;0;42;0;0;0;2;0;40
23.05.2020 00:00:00;Sankt Veit an der Glan;205;54555;0;52;0;0;0;0;0;51
23.05.2020 00:00:00;Spittal an der Drau;206;76091;0;42;0;0;0;1;1;41
23.05.2020 00:00:00;Villach Land;207;64668;0;48;0;0;0;2;0;46
23.05.2020 00:00:00;Völkermarkt;208;41878;0;53;0;0;0;4;0;49
23.05.2020 00:00:00;Wolfsberg;209;52726;0;43;0;0;0;1;0;42
23.05.2020 00:00:00;Feldkirchen;210;29937;0;15;0;0;0;0;0;15
23.05.2020 00:00:00;Krems an der Donau(Stadt);301;24876;0;40;1;4,019939;0;3;0;36
23.05.2020 00:00:00;Sankt Pölten(Stadt);302;55044;0;89;0;0;0;3;0;85
23.05.2020 00:00:00;Waidhofen an der Ybbs(Stadt);303;11261;0;25;1;8,880206;0;3;1;21
23.05.2020 00:00:00;Wiener Neustadt(Stadt);304;45277;0;55;2;4,417254;0;0;0;52
23.05.2020 00:00:00;Amstetten;305;116114;0;298;0;0;0;16;0;281
23.05.2020 00:00:00;Baden;306;146203;5;164;5;3,419903;0;4;1;145
23.05.2020 00:00:00;Bruck an der Leitha;307;102010;0;107;9;8,822664;0;5;2;88
23.05.2020 00:00:00;Gänserndorf;308;103686;0;96;3;2,893351;0;2;0;89
23.05.2020 00:00:00;Gmünd;309;36773;0;14;0;0;0;0;0;14
23.05.2020 00:00:00;Hollabrunn;310;50858;0;37;0;0;0;0;0;33
23.05.2020 00:00:00;Horn;311;31090;0;60;2;6,432937;0;5;0;46
23.05.2020 00:00:00;Korneuburg;312;90889;0;173;6;6,601459;0;5;0;157
23.05.2020 00:00:00;Krems(Land);313;56596;0;157;0;0;0;8;0;147
23.05.2020 00:00:00;Lilienfeld;314;25812;0;46;2;7,748334;0;5;0;39
23.05.2020 00:00:00;Melk;315;77962;0;172;0;0;0;4;0;168
23.05.2020 00:00:00;Mistelbach;316;75483;0;143;4;5,299206;0;7;1;125
23.05.2020 00:00:00;Mödling;317;118998;0;184;4;3,361401;0;7;0;170
23.05.2020 00:00:00;Neunkirchen;318;86291;0;199;3;3,476608;0;3;3;192
23.05.2020 00:00:00;Sankt Pölten(Land);319;131044;0;266;0;0;0;11;0;254
23.05.2020 00:00:00;Scheibbs;320;41403;0;103;0;0;0;1;1;102
23.05.2020 00:00:00;Tulln;321;103771;0;172;3;2,890981;0;6;1;159
23.05.2020 00:00:00;Waidhofen an der Thaya;322;25888;0;73;1;3,862794;0;2;0;70
23.05.2020 00:00:00;Wiener Neustadt(Land);323;77991;0;85;3;3,846598;0;6;0;73
23.05.2020 00:00:00;Zwettl;325;42222;0;72;0;0;0;1;0;70
23.05.2020 00:00:00;Linz(Stadt);401;205726;0;312;6;2,916501;0;13;0;291
23.05.2020 00:00:00;Steyr(Stadt);402;38193;0;62;1;2,618281;0;2;0;56
23.05.2020 00:00:00;Wels(Stadt);403;61727;0;58;0;0;0;0;0;58
23.05.2020 00:00:00;Braunau am Inn;404;104408;0;131;0;0;0;3;0;128
23.05.2020 00:00:00;Eferding;405;33156;0;53;0;0;0;5;0;47
23.05.2020 00:00:00;Freistadt;406;66621;0;121;0;0;0;5;0;113
23.05.2020 00:00:00;Gmunden;407;101631;0;73;0;0;0;2;0;69
23.05.2020 00:00:00;Grieskirchen;408;64721;0;74;0;0;0;1;0;72
23.05.2020 00:00:00;Kirchdorf an der Krems;409;56866;0;43;0;0;0;1;0;42
23.05.2020 00:00:00;Linz-Land;410;150273;0;210;4;2,661822;0;9;0;194
23.05.2020 00:00:00;Perg;411;68459;0;251;1;1,460728;0;2;0;247
23.05.2020 00:00:00;Ried im Innkreis;412;61204;0;46;0;0;0;0;0;44
23.05.2020 00:00:00;Rohrbach;413;56524;0;151;1;1,76916;0;0;0;149
23.05.2020 00:00:00;Schärding;414;57307;0;58;0;0;0;1;0;57
23.05.2020 00:00:00;Steyr-Land;415;60427;0;181;0;0;0;7;0;170
23.05.2020 00:00:00;Urfahr-Umgebung;416;85505;0;281;0;0;0;5;1;274
23.05.2020 00:00:00;Vöcklabruck;417;136253;0;108;0;0;0;4;0;103
23.05.2020 00:00:00;Wels-Land;418;73094;0;79;0;0;0;0;0;77
23.05.2020 00:00:00;Salzburg(Stadt);501;154211;0;135;0;0;0;1;0;133
23.05.2020 00:00:00;Hallein;502;60374;0;69;1;1,656342;0;1;0;67
23.05.2020 00:00:00;Salzburg-Umgebung;503;152281;0;200;0;0;0;10;1;189
23.05.2020 00:00:00;Sankt Johann im Pongau;504;80573;0;433;0;0;0;16;0;414
23.05.2020 00:00:00;Tamsweg;505;20320;0;22;0;0;0;0;0;22
23.05.2020 00:00:00;Zell am See;506;87462;0;360;1;1,143354;0;9;0;349
23.05.2020 00:00:00;Graz(Stadt);601;288806;0;461;2;0,6925064;0;40;0;388
23.05.2020 00:00:00;Deutschlandsberg;603;60821;0;49;1;1,644169;0;2;0;46
23.05.2020 00:00:00;Graz-Umgebung;606;154260;0;248;3;1,944769;0;34;0;206
23.05.2020 00:00:00;Leibnitz;610;82484;0;183;0;0;0;4;0;179
23.05.2020 00:00:00;Leoben;611;60060;0;24;0;0;0;3;0;21
23.05.2020 00:00:00;Liezen;612;79901;0;88;0;0;0;1;0;87
23.05.2020 00:00:00;Murau;614;27659;0;7;0;0;0;0;0;6
23.05.2020 00:00:00;Voitsberg;616;51161;0;106;0;0;0;5;1;97
23.05.2020 00:00:00;Weiz;617;90343;0;198;8;8,855141;0;15;3;147
23.05.2020 00:00:00;Murtal;620;72004;0;32;0;0;0;1;0;31
23.05.2020 00:00:00;Bruck-Mürzzuschlag;621;98984;0;52;1;1,010264;0;3;0;49
23.05.2020 00:00:00;Hartberg-Fürstenfeld;622;90622;0;318;0;0;0;38;0;261
23.05.2020 00:00:00;Südoststeiermark;623;85947;0;63;0;0;0;2;0;60
23.05.2020 00:00:00;Innsbruck-Stadt;701;132110;0;408;0;0;0;6;0;394
23.05.2020 00:00:00;Imst;702;60056;0;294;1;1,665113;0;6;0;284
23.05.2020 00:00:00;Innsbruck-Land;703;179318;0;389;2;1,115337;0;13;0;372
23.05.2020 00:00:00;Kitzbühel;704;63881;1;368;1;1,565411;0;11;1;356
23.05.2020 00:00:00;Kufstein;705;109682;0;524;0;0;0;35;0;481
23.05.2020 00:00:00;Landeck;706;44362;0;989;1;2,254182;0;16;0;971
23.05.2020 00:00:00;Lienz;707;48753;0;152;1;2,051156;0;6;0;143
23.05.2020 00:00:00;Reutte;708;32670;0;57;0;0;0;1;0;55
23.05.2020 00:00:00;Schwaz;709;83873;0;352;3;3,576836;0;14;0;330
23.05.2020 00:00:00;Bludenz;801;63714;0;256;1;1,569514;0;4;0;249
23.05.2020 00:00:00;Bregenz;802;134383;0;273;10;7,441417;0;10;0;252
23.05.2020 00:00:00;Dornbirn;803;89041;0;153;0;0;0;4;0;147
23.05.2020 00:00:00;Feldkirch;804;107159;0;213;1;0,9331927;0;1;0;210
23.05.2020 00:00:00;Wien;900;1897491;18;3076;169;8,906498;1;186;28;2454
24.05.2020 00:00:00;Eisenstadt(Stadt);101;14637;0;19;2;13,664;0;0;0;16
24.05.2020 00:00:00;Rust(Stadt);102;1940;0;0;0;0;0;0;0;0
24.05.2020 00:00:00;Eisenstadt-Umgebung;103;42927;0;23;0;0;0;1;0;22
24.05.2020 00:00:00;Güssing;104;25797;0;23;0;0;0;0;0;23
24.05.2020 00:00:00;Jennersdorf;105;17066;0;10;0;0;0;0;0;10
24.05.2020 00:00:00;Mattersburg;106;39925;1;53;2;5,009393;0;1;1;46
24.05.2020 00:00:00;Neusiedl am See;107;59552;0;56;0;0;0;4;0;52
24.05.2020 00:00:00;Oberpullendorf;108;37513;0;24;0;0;0;1;0;22
24.05.2020 00:00:00;Oberwart;109;54076;0;132;1;1,849249;0;4;0;124
24.05.2020 00:00:00;Klagenfurt Stadt;201;100817;0;90;0;0;0;3;1;87
24.05.2020 00:00:00;Villach Stadt;202;62243;0;21;0;0;0;0;0;21
24.05.2020 00:00:00;Hermagor;203;18224;0;5;0;0;0;0;0;5
24.05.2020 00:00:00;Klagenfurt Land;204;59800;0;42;0;0;0;2;0;40
24.05.2020 00:00:00;Sankt Veit an der Glan;205;54555;0;52;0;0;0;0;0;51
24.05.2020 00:00:00;Spittal an der Drau;206;76091;0;42;0;0;0;1;0;41
24.05.2020 00:00:00;Villach Land;207;64668;0;48;0;0;0;2;0;46
24.05.2020 00:00:00;Völkermarkt;208;41878;0;53;0;0;0;4;0;49
24.05.2020 00:00:00;Wolfsberg;209;52726;0;43;0;0;0;1;0;42
24.05.2020 00:00:00;Feldkirchen;210;29937;0;15;0;0;0;0;0;15
24.05.2020 00:00:00;Krems an der Donau(Stadt);301;24876;0;40;1;4,019939;0;3;0;36
24.05.2020 00:00:00;Sankt Pölten(Stadt);302;55044;0;89;0;0;0;3;0;85
24.05.2020 00:00:00;Waidhofen an der Ybbs(Stadt);303;11261;0;25;1;8,880206;0;3;0;21
24.05.2020 00:00:00;Wiener Neustadt(Stadt);304;45277;0;55;2;4,417254;0;0;0;52
24.05.2020 00:00:00;Amstetten;305;116114;0;298;0;0;0;16;0;281
24.05.2020 00:00:00;Baden;306;146203;6;170;11;7,523786;0;4;0;145
24.05.2020 00:00:00;Bruck an der Leitha;307;102010;1;108;10;9,80296;0;5;0;88
24.05.2020 00:00:00;Gänserndorf;308;103686;1;97;3;2,893351;0;2;0;89
24.05.2020 00:00:00;Gmünd;309;36773;0;14;0;0;0;0;0;14
24.05.2020 00:00:00;Hollabrunn;310;50858;0;37;0;0;0;0;0;33
24.05.2020 00:00:00;Horn;311;31090;0;60;2;6,432937;0;5;1;47
24.05.2020 00:00:00;Korneuburg;312;90889;0;173;5;5,501216;0;5;4;161
24.05.2020 00:00:00;Krems(Land);313;56596;0;157;0;0;0;8;1;148
24.05.2020 00:00:00;Lilienfeld;314;25812;0;46;2;7,748334;0;5;0;39
24.05.2020 00:00:00;Melk;315;77962;0;172;0;0;0;4;0;168
24.05.2020 00:00:00;Mistelbach;316;75483;0;143;4;5,299206;0;7;0;125
24.05.2020 00:00:00;Mödling;317;118998;1;185;5;4,201751;0;7;0;170
24.05.2020 00:00:00;Neunkirchen;318;86291;0;199;3;3,476608;0;3;0;192
24.05.2020 00:00:00;Sankt Pölten(Land);319;131044;0;266;0;0;0;11;1;255
24.05.2020 00:00:00;Scheibbs;320;41403;0;103;0;0;0;1;0;102
24.05.2020 00:00:00;Tulln;321;103771;0;172;3;2,890981;0;6;0;159
24.05.2020 00:00:00;Waidhofen an der Thaya;322;25888;0;73;0;0;0;2;0;70
24.05.2020 00:00:00;Wiener Neustadt(Land);323;77991;0;85;2;2,564399;0;6;0;73
24.05.2020 00:00:00;Zwettl;325;42222;1;73;1;2,368433;0;1;0;70
24.05.2020 00:00:00;Linz(Stadt);401;205726;0;312;6;2,916501;0;13;0;291
24.05.2020 00:00:00;Steyr(Stadt);402;38193;0;62;1;2,618281;0;2;0;56
24.05.2020 00:00:00;Wels(Stadt);403;61727;0;58;0;0;0;0;0;58
24.05.2020 00:00:00;Braunau am Inn;404;104408;0;131;0;0;0;3;0;128
24.05.2020 00:00:00;Eferding;405;33156;0;53;0;0;0;5;0;47
24.05.2020 00:00:00;Freistadt;406;66621;0;121;0;0;0;5;0;113
24.05.2020 00:00:00;Gmunden;407;101631;0;73;0;0;0;2;0;69
24.05.2020 00:00:00;Grieskirchen;408;64721;0;74;0;0;0;1;0;72
24.05.2020 00:00:00;Kirchdorf an der Krems;409;56866;0;43;0;0;0;1;0;42
24.05.2020 00:00:00;Linz-Land;410;150273;0;210;4;2,661822;0;9;0;194
24.05.2020 00:00:00;Perg;411;68459;0;251;1;1,460728;0;2;0;247
24.05.2020 00:00:00;Ried im Innkreis;412;61204;0;46;0;0;0;0;0;44
24.05.2020 00:00:00;Rohrbach;413;56524;0;151;1;1,76916;0;0;0;149
24.05.2020 00:00:00;Schärding;414;57307;0;58;0;0;0;1;0;57
24.05.2020 00:00:00;Steyr-Land;415;60427;0;181;0;0;0;7;0;170
24.05.2020 00:00:00;Urfahr-Umgebung;416;85505;1;282;1;1,169522;0;5;0;274
24.05.2020 00:00:00;Vöcklabruck;417;136253;0;108;0;0;0;4;0;103
24.05.2020 00:00:00;Wels-Land;418;73094;0;79;0;0;0;0;0;77
24.05.2020 00:00:00;Salzburg(Stadt);501;154211;0;135;0;0;0;1;0;133
24.05.2020 00:00:00;Hallein;502;60374;0;69;1;1,656342;0;1;0;67
24.05.2020 00:00:00;Salzburg-Umgebung;503;152281;1;201;1;0,6566808;0;10;0;189
24.05.2020 00:00:00;Sankt Johann im Pongau;504;80573;0;433;0;0;0;16;0;414
24.05.2020 00:00:00;Tamsweg;505;20320;0;22;0;0;0;0;0;22
24.05.2020 00:00:00;Zell am See;506;87462;0;360;1;1,143354;0;9;0;349
24.05.2020 00:00:00;Graz(Stadt);601;288806;1;462;2;0,6925064;0;40;2;390
24.05.2020 00:00:00;Deutschlandsberg;603;60821;0;49;1;1,644169;0;2;0;46
24.05.2020 00:00:00;Graz-Umgebung;606;154260;0;248;2;1,296512;0;34;1;207
24.05.2020 00:00:00;Leibnitz;610;82484;0;183;0;0;0;4;0;179
24.05.2020 00:00:00;Leoben;611;60060;0;24;0;0;0;3;0;21
24.05.2020 00:00:00;Liezen;612;79901;0;88;0;0;0;1;0;87
24.05.2020 00:00:00;Murau;614;27659;0;7;0;0;0;0;0;6
24.05.2020 00:00:00;Voitsberg;616;51161;0;106;0;0;0;5;0;97
24.05.2020 00:00:00;Weiz;617;90343;0;198;8;8,855141;0;15;1;148
24.05.2020 00:00:00;Murtal;620;72004;0;32;0;0;0;1;0;31
24.05.2020 00:00:00;Bruck-Mürzzuschlag;621;98984;0;52;1;1,010264;0;3;0;49
24.05.2020 00:00:00;Hartberg-Fürstenfeld;622;90622;0;318;0;0;0;38;0;261
24.05.2020 00:00:00;Südoststeiermark;623;85947;0;63;0;0;0;2;0;60
24.05.2020 00:00:00;Innsbruck-Stadt;701;132110;0;408;0;0;0;6;0;394
24.05.2020 00:00:00;Imst;702;60056;0;294;1;1,665113;0;6;0;284
24.05.2020 00:00:00;Innsbruck-Land;703;179318;0;389;2;1,115337;0;13;1;373
24.05.2020 00:00:00;Kitzbühel;704;63881;0;368;1;1,565411;0;11;0;356
24.05.2020 00:00:00;Kufstein;705;109682;0;524;0;0;0;35;0;481
24.05.2020 00:00:00;Landeck;706;44362;0;989;1;2,254182;0;16;0;971
24.05.2020 00:00:00;Lienz;707;48753;0;152;1;2,051156;0;6;0;143
24.05.2020 00:00:00;Reutte;708;32670;0;57;0;0;0;1;0;55
24.05.2020 00:00:00;Schwaz;709;83873;0;352;3;3,576836;0;14;0;330
24.05.2020 00:00:00;Bludenz;801;63714;0;256;1;1,569514;0;4;0;249
24.05.2020 00:00:00;Bregenz;802;134383;0;273;9;6,697276;0;10;0;252
24.05.2020 00:00:00;Dornbirn;803;89041;0;153;0;0;0;4;0;147
24.05.2020 00:00:00;Feldkirch;804;107159;0;213;1;0,9331927;0;1;0;210
24.05.2020 00:00:00;Wien;900;1897491;17;3093;179;9,43351;0;186;25;2479
25.05.2020 00:00:00;Eisenstadt(Stadt);101;14637;0;19;1;6,832001;0;0;0;16
25.05.2020 00:00:00;Rust(Stadt);102;1940;0;0;0;0;0;0;0;0
25.05.2020 00:00:00;Eisenstadt-Umgebung;103;42927;0;23;0;0;0;1;0;22
25.05.2020 00:00:00;Güssing;104;25797;0;23;0;0;0;0;0;23
25.05.2020 00:00:00;Jennersdorf;105;17066;0;10;0;0;0;0;0;10
25.05.2020 00:00:00;Mattersburg;106;39925;0;53;2;5,009393;0;1;0;46
25.05.2020 00:00:00;Neusiedl am See;107;59552;0;56;0;0;0;4;0;52
25.05.2020 00:00:00;Oberpullendorf;108;37513;0;24;0;0;0;1;1;23
25.05.2020 00:00:00;Oberwart;109;54076;0;132;1;1,849249;0;4;0;124
25.05.2020 00:00:00;Klagenfurt Stadt;201;100817;0;90;0;0;0;3;0;87
25.05.2020 00:00:00;Villach Stadt;202;62243;1;22;1;1,606606;0;0;0;21
25.05.2020 00:00:00;Hermagor;203;18224;0;5;0;0;0;0;0;5
25.05.2020 00:00:00;Klagenfurt Land;204;59800;0;42;0;0;0;2;0;40
25.05.2020 00:00:00;Sankt Veit an der Glan;205;54555;0;52;0;0;0;0;0;51
25.05.2020 00:00:00;Spittal an der Drau;206;76091;0;42;0;0;0;1;0;41
25.05.2020 00:00:00;Villach Land;207;64668;0;48;0;0;0;2;0;46
25.05.2020 00:00:00;Völkermarkt;208;41878;0;53;0;0;0;4;0;49
25.05.2020 00:00:00;Wolfsberg;209;52726;0;43;0;0;0;1;0;42
25.05.2020 00:00:00;Feldkirchen;210;29937;0;15;0;0;0;0;0;15
25.05.2020 00:00:00;Krems an der Donau(Stadt);301;24876;0;40;1;4,019939;0;3;0;36
25.05.2020 00:00:00;Sankt Pölten(Stadt);302;55044;0;89;0;0;0;3;0;85
25.05.2020 00:00:00;Waidhofen an der Ybbs(Stadt);303;11261;0;25;1;8,880206;0;3;0;21
25.05.2020 00:00:00;Wiener Neustadt(Stadt);304;45277;0;55;2;4,417254;0;0;0;52
25.05.2020 00:00:00;Amstetten;305;116114;0;298;0;0;0;16;0;281
25.05.2020 00:00:00;Baden;306;146203;1;171;12;8,207766;0;4;3;148
25.05.2020 00:00:00;Bruck an der Leitha;307;102010;0;108;10;9,80296;0;5;2;90
25.05.2020 00:00:00;Gänserndorf;308;103686;0;97;2;1,928901;0;2;0;89
25.05.2020 00:00:00;Gmünd;309;36773;0;14;0;0;0;0;0;14
25.05.2020 00:00:00;Hollabrunn;310;50858;0;37;0;0;0;0;0;33
25.05.2020 00:00:00;Horn;311;31090;0;60;1;3,216468;0;5;2;49
25.05.2020 00:00:00;Korneuburg;312;90889;0;173;5;5,501216;0;5;1;162
25.05.2020 00:00:00;Krems(Land);313;56596;0;157;0;0;0;8;2;150
25.05.2020 00:00:00;Lilienfeld;314;25812;0;46;1;3,874167;0;5;0;39
25.05.2020 00:00:00;Melk;315;77962;0;172;0;0;0;4;0;168
25.05.2020 00:00:00;Mistelbach;316;75483;0;143;3;3,974405;0;7;0;125
25.05.2020 00:00:00;Mödling;317;118998;3;188;8;6,722802;0;7;0;170
25.05.2020 00:00:00;Neunkirchen;318;86291;0;199;3;3,476608;0;3;0;192
25.05.2020 00:00:00;Sankt Pölten(Land);319;131044;0;266;0;0;0;11;0;255
25.05.2020 00:00:00;Scheibbs;320;41403;0;103;0;0;0;1;0;102
25.05.2020 00:00:00;Tulln;321;103771;0;172;3;2,890981;0;6;1;160
25.05.2020 00:00:00;Waidhofen an der Thaya;322;25888;0;73;0;0;0;2;0;70
25.05.2020 00:00:00;Wiener Neustadt(Land);323;77991;0;85;2;2,564399;0;6;3;76
25.05.2020 00:00:00;Zwettl;325;42222;0;73;1;2,368433;0;1;0;70
25.05.2020 00:00:00;Linz(Stadt);401;205726;0;312;6;2,916501;0;13;0;291
25.05.2020 00:00:00;Steyr(Stadt);402;38193;0;62;1;2,618281;0;2;0;56
25.05.2020 00:00:00;Wels(Stadt);403;61727;0;58;0;0;0;0;0;58
25.05.2020 00:00:00;Braunau am Inn;404;104408;0;131;0;0;0;3;0;128
25.05.2020 00:00:00;Eferding;405;33156;0;53;0;0;0;5;0;47
25.05.2020 00:00:00;Freistadt;406;66621;0;121;0;0;0;5;0;113
25.05.2020 00:00:00;Gmunden;407;101631;0;73;0;0;0;2;0;69
25.05.2020 00:00:00;Grieskirchen;408;64721;0;74;0;0;0;1;0;72
25.05.2020 00:00:00;Kirchdorf an der Krems;409;56866;0;43;0;0;0;1;0;42
25.05.2020 00:00:00;Linz-Land;410;150273;0;210;4;2,661822;0;9;3;197
25.05.2020 00:00:00;Perg;411;68459;0;251;1;1,460728;0;2;0;247
25.05.2020 00:00:00;Ried im Innkreis;412;61204;0;46;0;0;0;0;1;45
25.05.2020 00:00:00;Rohrbach;413;56524;0;151;1;1,76916;0;0;0;149
25.05.2020 00:00:00;Schärding;414;57307;0;58;0;0;0;1;0;57
25.05.2020 00:00:00;Steyr-Land;415;60427;0;181;0;0;0;7;2;172
25.05.2020 00:00:00;Urfahr-Umgebung;416;85505;0;282;1;1,169522;0;5;0;274
25.05.2020 00:00:00;Vöcklabruck;417;136253;0;108;0;0;0;4;0;103
25.05.2020 00:00:00;Wels-Land;418;73094;0;79;0;0;0;0;1;78
25.05.2020 00:00:00;Salzburg(Stadt);501;154211;0;135;0;0;0;1;0;133
25.05.2020 00:00:00;Hallein;502;60374;0;69;1;1,656342;0;1;0;67
25.05.2020 00:00:00;Salzburg-Umgebung;503;152281;0;201;1;0,6566808;0;10;0;189
25.05.2020 00:00:00;Sankt Johann im Pongau;504;80573;0;433;0;0;0;16;0;414
25.05.2020 00:00:00;Tamsweg;505;20320;0;22;0;0;0;0;0;22
25.05.2020 00:00:00;Zell am See;506;87462;0;360;1;1,143354;0;9;0;349
25.05.2020 00:00:00;Graz(Stadt);601;288806;0;462;2;0,6925064;0;40;3;393
25.05.2020 00:00:00;Deutschlandsberg;603;60821;0;49;1;1,644169;0;2;0;46
25.05.2020 00:00:00;Graz-Umgebung;606;154260;0;248;2;1,296512;0;34;2;209
25.05.2020 00:00:00;Leibnitz;610;82484;0;183;0;0;0;4;0;179
25.05.2020 00:00:00;Leoben;611;60060;0;24;0;0;0;3;0;21
25.05.2020 00:00:00;Liezen;612;79901;0;88;0;0;0;1;0;87
25.05.2020 00:00:00;Murau;614;27659;0;7;0;0;0;0;0;6
25.05.2020 00:00:00;Voitsberg;616;51161;0;106;0;0;0;5;0;97
25.05.2020 00:00:00;Weiz;617;90343;0;198;8;8,855141;0;15;0;148
25.05.2020 00:00:00;Murtal;620;72004;0;32;0;0;0;1;0;31
25.05.2020 00:00:00;Bruck-Mürzzuschlag;621;98984;0;52;0;0;0;3;0;49
25.05.2020 00:00:00;Hartberg-Fürstenfeld;622;90622;0;318;0;0;0;38;0;261
25.05.2020 00:00:00;Südoststeiermark;623;85947;0;63;0;0;0;2;0;60
25.05.2020 00:00:00;Innsbruck-Stadt;701;132110;0;408;0;0;0;6;0;394
25.05.2020 00:00:00;Imst;702;60056;0;294;1;1,665113;0;6;0;284
25.05.2020 00:00:00;Innsbruck-Land;703;179318;0;389;2;1,115337;0;13;0;373
25.05.2020 00:00:00;Kitzbühel;704;63881;0;368;1;1,565411;0;11;0;356
25.05.2020 00:00:00;Kufstein;705;109682;0;524;0;0;0;35;4;485
25.05.2020 00:00:00;Landeck;706;44362;0;989;1;2,254182;0;16;0;971
25.05.2020 00:00:00;Lienz;707;48753;0;152;0;0;0;6;0;143
25.05.2020 00:00:00;Reutte;708;32670;0;57;0;0;0;1;0;55
25.05.2020 00:00:00;Schwaz;709;83873;0;352;2;2,384558;0;14;0;330
25.05.2020 00:00:00;Bludenz;801;63714;0;256;0;0;0;4;0;249
25.05.2020 00:00:00;Bregenz;802;134383;0;273;8;5,953134;0;10;0;252
25.05.2020 00:00:00;Dornbirn;803;89041;0;153;0;0;0;4;0;147
25.05.2020 00:00:00;Feldkirch;804;107159;0;213;1;0,9331927;0;1;0;210
25.05.2020 00:00:00;Wien;900;1897491;20;3113;183;9,644315;1;187;28;2507
26.05.2020 00:00:00;Eisenstadt(Stadt);101;14637;0;19;1;6,832001;0;0;0;16
26.05.2020 00:00:00;Rust(Stadt);102;1940;0;0;0;0;0;0;0;0
26.05.2020 00:00:00;Eisenstadt-Umgebung;103;42927;0;23;0;0;0;1;0;22
26.05.2020 00:00:00;Güssing;104;25797;0;23;0;0;0;0;0;23
26.05.2020 00:00:00;Jennersdorf;105;17066;0;10;0;0;0;0;0;10
26.05.2020 00:00:00;Mattersburg;106;39925;0;53;2;5,009393;0;1;0;46
26.05.2020 00:00:00;Neusiedl am See;107;59552;0;56;0;0;0;4;0;52
26.05.2020 00:00:00;Oberpullendorf;108;37513;0;24;0;0;0;1;0;23
26.05.2020 00:00:00;Oberwart;109;54076;0;132;0;0;0;4;1;125
26.05.2020 00:00:00;Klagenfurt Stadt;201;100817;0;90;0;0;0;3;0;87
26.05.2020 00:00:00;Villach Stadt;202;62243;1;23;2;3,213213;0;0;0;21
26.05.2020 00:00:00;Hermagor;203;18224;0;5;0;0;0;0;0;5
26.05.2020 00:00:00;Klagenfurt Land;204;59800;0;42;0;0;0;2;0;40
26.05.2020 00:00:00;Sankt Veit an der Glan;205;54555;0;52;0;0;0;0;0;51
26.05.2020 00:00:00;Spittal an der Drau;206;76091;0;42;0;0;0;1;0;41
26.05.2020 00:00:00;Villach Land;207;64668;0;48;0;0;0;2;0;46
26.05.2020 00:00:00;Völkermarkt;208;41878;0;53;0;0;0;4;0;49
26.05.2020 00:00:00;Wolfsberg;209;52726;0;43;0;0;0;1;0;42
26.05.2020 00:00:00;Feldkirchen;210;29937;0;15;0;0;0;0;0;15
26.05.2020 00:00:00;Krems an der Donau(Stadt);301;24876;0;40;1;4,019939;0;3;0;36
26.05.2020 00:00:00;Sankt Pölten(Stadt);302;55044;0;89;0;0;0;3;0;85
26.05.2020 00:00:00;Waidhofen an der Ybbs(Stadt);303;11261;0;25;1;8,880206;0;3;0;21
26.05.2020 00:00:00;Wiener Neustadt(Stadt);304;45277;0;55;1;2,208627;0;0;0;52
26.05.2020 00:00:00;Amstetten;305;116114;0;298;0;0;0;16;0;281
26.05.2020 00:00:00;Baden;306;146203;1;172;13;8,891747;0;4;2;150
26.05.2020 00:00:00;Bruck an der Leitha;307;102010;2;110;9;8,822664;0;5;7;97
26.05.2020 00:00:00;Gänserndorf;308;103686;0;97;1;0,9644504;0;2;0;89
26.05.2020 00:00:00;Gmünd;309;36773;0;14;0;0;0;0;0;14
26.05.2020 00:00:00;Hollabrunn;310;50858;0;37;0;0;0;0;1;34
26.05.2020 00:00:00;Horn;311;31090;0;60;1;3,216468;0;5;2;51
26.05.2020 00:00:00;Korneuburg;312;90889;0;173;4;4,400973;0;5;0;162
26.05.2020 00:00:00;Krems(Land);313;56596;1;158;1;1,766909;0;8;0;150
26.05.2020 00:00:00;Lilienfeld;314;25812;0;46;1;3,874167;0;5;0;39
26.05.2020 00:00:00;Melk;315;77962;0;172;0;0;0;4;0;168
26.05.2020 00:00:00;Mistelbach;316;75483;0;143;1;1,324802;0;7;2;127
26.05.2020 00:00:00;Mödling;317;118998;1;189;7;5,882452;0;7;0;170
26.05.2020 00:00:00;Neunkirchen;318;86291;0;199;1;1,158869;0;3;0;192
26.05.2020 00:00:00;Sankt Pölten(Land);319;131044;0;266;0;0;0;11;0;255
26.05.2020 00:00:00;Scheibbs;320;41403;0;103;0;0;0;1;0;102
26.05.2020 00:00:00;Tulln;321;103771;0;172;3;2,890981;0;6;0;160
26.05.2020 00:00:00;Waidhofen an der Thaya;322;25888;0;73;0;0;0;2;0;70
26.05.2020 00:00:00;Wiener Neustadt(Land);323;77991;0;85;1;1,282199;0;6;0;76
26.05.2020 00:00:00;Zwettl;325;42222;0;73;1;2,368433;0;1;0;70
26.05.2020 00:00:00;Linz(Stadt);401;205726;0;312;6;2,916501;0;13;1;292
26.05.2020 00:00:00;Steyr(Stadt);402;38193;0;62;1;2,618281;0;2;0;56
26.05.2020 00:00:00;Wels(Stadt);403;61727;0;58;0;0;0;0;0;58
26.05.2020 00:00:00;Braunau am Inn;404;104408;0;131;0;0;0;3;0;128
26.05.2020 00:00:00;Eferding;405;33156;0;53;0;0;1;6;0;47
26.05.2020 00:00:00;Freistadt;406;66621;0;121;0;0;0;5;0;113
26.05.2020 00:00:00;Gmunden;407;101631;0;73;0;0;0;2;1;70
26.05.2020 00:00:00;Grieskirchen;408;64721;0;74;0;0;0;1;0;72
26.05.2020 00:00:00;Kirchdorf an der Krems;409;56866;0;43;0;0;0;1;0;42
26.05.2020 00:00:00;Linz-Land;410;150273;0;210;4;2,661822;0;9;0;197
26.05.2020 00:00:00;Perg;411;68459;0;251;0;0;0;2;0;247
26.05.2020 00:00:00;Ried im Innkreis;412;61204;0;46;0;0;0;0;0;45
26.05.2020 00:00:00;Rohrbach;413;56524;1;152;2;3,53832;0;0;0;149
26.05.2020 00:00:00;Schärding;414;57307;0;58;0;0;0;1;0;57
26.05.2020 00:00:00;Steyr-Land;415;60427;0;181;0;0;0;7;0;172
26.05.2020 00:00:00;Urfahr-Umgebung;416;85505;0;282;1;1,169522;0;5;0;274
26.05.2020 00:00:00;Vöcklabruck;417;136253;0;108;0;0;0;4;0;103
26.05.2020 00:00:00;Wels-Land;418;73094;0;79;0;0;0;0;0;78
26.05.2020 00:00:00;Salzburg(Stadt);501;154211;0;135;0;0;0;1;0;133
26.05.2020 00:00:00;Hallein;502;60374;0;69;1;1,656342;0;1;0;67
26.05.2020 00:00:00;Salzburg-Umgebung;503;152281;0;201;1;0,6566808;0;10;0;189
26.05.2020 00:00:00;Sankt Johann im Pongau;504;80573;0;433;0;0;0;16;0;414
26.05.2020 00:00:00;Tamsweg;505;20320;0;22;0;0;0;0;0;22
26.05.2020 00:00:00;Zell am See;506;87462;0;360;0;0;0;9;0;349
26.05.2020 00:00:00;Graz(Stadt);601;288806;0;462;2;0,6925064;0;40;2;395
26.05.2020 00:00:00;Deutschlandsberg;603;60821;0;49;1;1,644169;0;2;0;46
26.05.2020 00:00:00;Graz-Umgebung;606;154260;0;248;2;1,296512;0;34;0;209
26.05.2020 00:00:00;Leibnitz;610;82484;0;183;0;0;0;4;0;179
26.05.2020 00:00:00;Leoben;611;60060;0;24;0;0;0;3;0;21
26.05.2020 00:00:00;Liezen;612;79901;0;88;0;0;0;1;0;87
26.05.2020 00:00:00;Murau;614;27659;0;7;0;0;0;0;1;7
26.05.2020 00:00:00;Voitsberg;616;51161;0;106;0;0;0;5;0;97
26.05.2020 00:00:00;Weiz;617;90343;0;198;5;5,534463;0;15;5;153
26.05.2020 00:00:00;Murtal;620;72004;0;32;0;0;0;1;0;31
26.05.2020 00:00:00;Bruck-Mürzzuschlag;621;98984;0;52;0;0;0;3;0;49
26.05.2020 00:00:00;Hartberg-Fürstenfeld;622;90622;0;318;0;0;0;38;3;264
26.05.2020 00:00:00;Südoststeiermark;623;85947;0;63;0;0;0;2;1;61
26.05.2020 00:00:00;Innsbruck-Stadt;701;132110;0;408;0;0;0;6;1;395
26.05.2020 00:00:00;Imst;702;60056;0;294;1;1,665113;0;6;0;284
26.05.2020 00:00:00;Innsbruck-Land;703;179318;0;389;2;1,115337;0;13;0;373
26.05.2020 00:00:00;Kitzbühel;704;63881;0;368;1;1,565411;0;11;0;356
26.05.2020 00:00:00;Kufstein;705;109682;0;524;0;0;0;35;1;486
26.05.2020 00:00:00;Landeck;706;44362;0;989;0;0;0;16;0;971
26.05.2020 00:00:00;Lienz;707;48753;0;152;0;0;0;6;0;143
26.05.2020 00:00:00;Reutte;708;32670;0;57;0;0;0;1;0;55
26.05.2020 00:00:00;Schwaz;709;83873;0;352;2;2,384558;0;14;0;330
26.05.2020 00:00:00;Bludenz;801;63714;0;256;0;0;0;4;1;250
26.05.2020 00:00:00;Bregenz;802;134383;0;273;8;5,953134;0;10;0;252
26.05.2020 00:00:00;Dornbirn;803;89041;0;153;0;0;0;4;0;147
26.05.2020 00:00:00;Feldkirch;804;107159;0;213;1;0,9331927;0;1;0;210
26.05.2020 00:00:00;Wien;900;1897491;15;3128;159;8,379486;1;188;57;2564
27.05.2020 00:00:00;Eisenstadt(Stadt);101;14637;0;19;1;6,832001;0;0;0;16
27.05.2020 00:00:00;Rust(Stadt);102;1940;0;0;0;0;0;0;0;0
27.05.2020 00:00:00;Eisenstadt-Umgebung;103;42927;0;23;0;0;0;1;0;22
27.05.2020 00:00:00;Güssing;104;25797;0;23;0;0;0;0;0;23
27.05.2020 00:00:00;Jennersdorf;105;17066;0;10;0;0;0;0;0;10
27.05.2020 00:00:00;Mattersburg;106;39925;0;53;2;5,009393;0;1;3;49
27.05.2020 00:00:00;Neusiedl am See;107;59552;0;56;0;0;0;4;0;52
27.05.2020 00:00:00;Oberpullendorf;108;37513;0;24;0;0;0;1;0;23
27.05.2020 00:00:00;Oberwart;109;54076;0;132;0;0;0;4;0;125
27.05.2020 00:00:00;Klagenfurt Stadt;201;100817;1;91;1;0,9918962;0;3;0;87
27.05.2020 00:00:00;Villach Stadt;202;62243;0;23;2;3,213213;0;0;0;21
27.05.2020 00:00:00;Hermagor;203;18224;0;5;0;0;0;0;0;5
27.05.2020 00:00:00;Klagenfurt Land;204;59800;0;42;0;0;0;2;0;40
27.05.2020 00:00:00;Sankt Veit an der Glan;205;54555;0;52;0;0;0;0;0;51
27.05.2020 00:00:00;Spittal an der Drau;206;76091;0;42;0;0;0;1;0;41
27.05.2020 00:00:00;Villach Land;207;64668;0;48;0;0;0;2;0;46
27.05.2020 00:00:00;Völkermarkt;208;41878;0;53;0;0;0;4;0;49
27.05.2020 00:00:00;Wolfsberg;209;52726;0;43;0;0;0;1;0;42
27.05.2020 00:00:00;Feldkirchen;210;29937;0;15;0;0;0;0;0;15
27.05.2020 00:00:00;Krems an der Donau(Stadt);301;24876;0;40;1;4,019939;0;3;0;36
27.05.2020 00:00:00;Sankt Pölten(Stadt);302;55044;0;89;0;0;0;3;0;85
27.05.2020 00:00:00;Waidhofen an der Ybbs(Stadt);303;11261;0;25;0;0;0;3;0;21
27.05.2020 00:00:00;Wiener Neustadt(Stadt);304;45277;0;55;1;2,208627;0;0;0;52
27.05.2020 00:00:00;Amstetten;305;116114;1;299;1;0,8612226;0;16;1;282
27.05.2020 00:00:00;Baden;306;146203;1;173;14;9,575727;0;4;0;150
27.05.2020 00:00:00;Bruck an der Leitha;307;102010;1;111;9;8,822664;0;5;2;99
27.05.2020 00:00:00;Gänserndorf;308;103686;0;97;1;0,9644504;0;2;3;92
27.05.2020 00:00:00;Gmünd;309;36773;0;14;0;0;0;0;0;14
27.05.2020 00:00:00;Hollabrunn;310;50858;0;37;0;0;0;0;2;36
27.05.2020 00:00:00;Horn;311;31090;3;63;3;9,649405;0;5;0;51
27.05.2020 00:00:00;Korneuburg;312;90889;0;173;3;3,30073;0;5;0;162
27.05.2020 00:00:00;Krems(Land);313;56596;0;158;1;1,766909;0;8;0;150
27.05.2020 00:00:00;Lilienfeld;314;25812;0;46;1;3,874167;0;5;0;39
27.05.2020 00:00:00;Melk;315;77962;0;172;0;0;0;4;0;168
27.05.2020 00:00:00;Mistelbach;316;75483;1;144;2;2,649603;0;7;1;128
27.05.2020 00:00:00;Mödling;317;118998;1;190;8;6,722802;0;7;2;172
27.05.2020 00:00:00;Neunkirchen;318;86291;0;199;1;1,158869;0;3;0;192
27.05.2020 00:00:00;Sankt Pölten(Land);319;131044;1;267;1;0,7631025;0;11;1;256
27.05.2020 00:00:00;Scheibbs;320;41403;0;103;0;0;0;1;0;102
27.05.2020 00:00:00;Tulln;321;103771;2;174;3;2,890981;0;6;1;161
27.05.2020 00:00:00;Waidhofen an der Thaya;322;25888;0;73;0;0;0;2;0;70
27.05.2020 00:00:00;Wiener Neustadt(Land);323;77991;0;85;1;1,282199;0;6;0;76
27.05.2020 00:00:00;Zwettl;325;42222;0;73;1;2,368433;0;1;0;70
27.05.2020 00:00:00;Linz(Stadt);401;205726;0;312;3;1,45825;0;13;0;292
27.05.2020 00:00:00;Steyr(Stadt);402;38193;0;62;1;2,618281;0;2;2;58
27.05.2020 00:00:00;Wels(Stadt);403;61727;0;58;0;0;0;0;0;58
27.05.2020 00:00:00;Braunau am Inn;404;104408;0;131;0;0;0;3;0;128
27.05.2020 00:00:00;Eferding;405;33156;0;53;0;0;0;6;0;47
27.05.2020 00:00:00;Freistadt;406;66621;0;121;0;0;0;5;1;114
27.05.2020 00:00:00;Gmunden;407;101631;0;73;0;0;0;2;0;70
27.05.2020 00:00:00;Grieskirchen;408;64721;0;74;0;0;0;1;0;72
27.05.2020 00:00:00;Kirchdorf an der Krems;409;56866;0;43;0;0;0;1;0;42
27.05.2020 00:00:00;Linz-Land;410;150273;0;210;0;0;0;9;0;197
27.05.2020 00:00:00;Perg;411;68459;0;251;0;0;0;2;0;247
27.05.2020 00:00:00;Ried im Innkreis;412;61204;0;46;0;0;0;0;0;45
27.05.2020 00:00:00;Rohrbach;413;56524;0;152;2;3,53832;0;0;1;150
27.05.2020 00:00:00;Schärding;414;57307;0;58;0;0;0;1;0;57
27.05.2020 00:00:00;Steyr-Land;415;60427;0;181;0;0;0;7;0;172
27.05.2020 00:00:00;Urfahr-Umgebung;416;85505;0;282;1;1,169522;0;5;2;276
27.05.2020 00:00:00;Vöcklabruck;417;136253;0;108;0;0;0;4;0;103
27.05.2020 00:00:00;Wels-Land;418;73094;0;79;0;0;0;0;0;78
27.05.2020 00:00:00;Salzburg(Stadt);501;154211;0;135;0;0;0;1;0;133
27.05.2020 00:00:00;Hallein;502;60374;0;69;0;0;0;1;0;67
27.05.2020 00:00:00;Salzburg-Umgebung;503;152281;0;201;1;0,6566808;0;10;0;189
27.05.2020 00:00:00;Sankt Johann im Pongau;504;80573;0;433;0;0;0;16;0;414
27.05.2020 00:00:00;Tamsweg;505;20320;0;22;0;0;0;0;0;22
27.05.2020 00:00:00;Zell am See;506;87462;1;361;1;1,143354;0;9;0;349
27.05.2020 00:00:00;Graz(Stadt);601;288806;0;462;1;0,3462532;0;40;2;397
27.05.2020 00:00:00;Deutschlandsberg;603;60821;0;49;1;1,644169;0;2;0;46
27.05.2020 00:00:00;Graz-Umgebung;606;154260;0;248;0;0;0;34;1;210
27.05.2020 00:00:00;Leibnitz;610;82484;0;183;0;0;0;4;0;179
27.05.2020 00:00:00;Leoben;611;60060;0;24;0;0;0;3;0;21
27.05.2020 00:00:00;Liezen;612;79901;0;88;0;0;0;1;0;87
27.05.2020 00:00:00;Murau;614;27659;0;7;0;0;0;0;0;7
27.05.2020 00:00:00;Voitsberg;616;51161;0;106;0;0;0;5;0;97
27.05.2020 00:00:00;Weiz;617;90343;0;198;5;5,534463;0;15;1;154
27.05.2020 00:00:00;Murtal;620;72004;0;32;0;0;0;1;0;31
27.05.2020 00:00:00;Bruck-Mürzzuschlag;621;98984;0;52;0;0;0;3;0;49
27.05.2020 00:00:00;Hartberg-Fürstenfeld;622;90622;0;318;0;0;0;38;1;265
27.05.2020 00:00:00;Südoststeiermark;623;85947;0;63;0;0;0;2;0;61
27.05.2020 00:00:00;Innsbruck-Stadt;701;132110;0;408;0;0;0;6;1;396
27.05.2020 00:00:00;Imst;702;60056;0;294;1;1,665113;0;6;0;284
27.05.2020 00:00:00;Innsbruck-Land;703;179318;0;389;0;0;0;13;0;373
27.05.2020 00:00:00;Kitzbühel;704;63881;0;368;1;1,565411;0;11;0;356
27.05.2020 00:00:00;Kufstein;705;109682;0;524;0;0;0;35;3;489
27.05.2020 00:00:00;Landeck;706;44362;0;989;0;0;0;16;0;971
27.05.2020 00:00:00;Lienz;707;48753;0;152;0;0;0;6;2;145
27.05.2020 00:00:00;Reutte;708;32670;0;57;0;0;0;1;0;55
27.05.2020 00:00:00;Schwaz;709;83873;0;352;2;2,384558;0;14;1;331
27.05.2020 00:00:00;Bludenz;801;63714;0;256;0;0;0;4;1;251
27.05.2020 00:00:00;Bregenz;802;134383;0;273;2;1,488284;0;10;1;253
27.05.2020 00:00:00;Dornbirn;803;89041;0;153;0;0;0;4;0;147
27.05.2020 00:00:00;Feldkirch;804;107159;0;213;0;0;0;1;0;210
27.05.2020 00:00:00;Wien;900;1897491;37;3165;162;8,53759;0;188;39;2603
28.05.2020 00:00:00;Eisenstadt(Stadt);101;14637;0;19;1;6,832001;0;0;0;16
28.05.2020 00:00:00;Rust(Stadt);102;1940;0;0;0;0;0;0;0;0
28.05.2020 00:00:00;Eisenstadt-Umgebung;103;42927;0;23;0;0;0;1;0;22
28.05.2020 00:00:00;Güssing;104;25797;0;23;0;0;0;0;0;23
28.05.2020 00:00:00;Jennersdorf;105;17066;0;10;0;0;0;0;0;10
28.05.2020 00:00:00;Mattersburg;106;39925;0;53;2;5,009393;0;1;1;50
28.05.2020 00:00:00;Neusiedl am See;107;59552;0;56;0;0;0;4;0;52
28.05.2020 00:00:00;Oberpullendorf;108;37513;0;24;0;0;0;1;0;23
28.05.2020 00:00:00;Oberwart;109;54076;1;133;1;1,849249;0;4;0;125
28.05.2020 00:00:00;Klagenfurt Stadt;201;100817;0;91;1;0,9918962;0;3;0;87
28.05.2020 00:00:00;Villach Stadt;202;62243;0;23;2;3,213213;0;0;0;21
28.05.2020 00:00:00;Hermagor;203;18224;0;5;0;0;0;0;0;5
28.05.2020 00:00:00;Klagenfurt Land;204;59800;0;42;0;0;0;2;0;40
28.05.2020 00:00:00;Sankt Veit an der Glan;205;54555;0;52;0;0;0;0;1;52
28.05.2020 00:00:00;Spittal an der Drau;206;76091;0;42;0;0;0;1;0;41
28.05.2020 00:00:00;Villach Land;207;64668;0;48;0;0;0;2;0;46
28.05.2020 00:00:00;Völkermarkt;208;41878;0;53;0;0;0;4;0;49
28.05.2020 00:00:00;Wolfsberg;209;52726;0;43;0;0;0;1;0;42
28.05.2020 00:00:00;Feldkirchen;210;29937;0;15;0;0;0;0;0;15
28.05.2020 00:00:00;Krems an der Donau(Stadt);301;24876;0;40;0;0;0;3;0;36
28.05.2020 00:00:00;Sankt Pölten(Stadt);302;55044;0;89;0;0;0;3;0;85
28.05.2020 00:00:00;Waidhofen an der Ybbs(Stadt);303;11261;0;25;0;0;0;3;0;21
28.05.2020 00:00:00;Wiener Neustadt(Stadt);304;45277;0;55;1;2,208627;0;0;1;53
28.05.2020 00:00:00;Amstetten;305;116114;0;299;1;0,8612226;0;16;0;282
28.05.2020 00:00:00;Baden;306;146203;0;173;14;9,575727;0;4;3;153
28.05.2020 00:00:00;Bruck an der Leitha;307;102010;0;111;7;6,862072;0;5;0;99
28.05.2020 00:00:00;Gänserndorf;308;103686;0;97;1;0,9644504;0;2;0;92
28.05.2020 00:00:00;Gmünd;309;36773;0;14;0;0;0;0;0;14
28.05.2020 00:00:00;Hollabrunn;310;50858;0;37;0;0;0;0;0;36
28.05.2020 00:00:00;Horn;311;31090;0;63;3;9,649405;0;5;0;51
28.05.2020 00:00:00;Korneuburg;312;90889;0;173;1;1,100243;0;5;1;163
28.05.2020 00:00:00;Krems(Land);313;56596;0;158;1;1,766909;0;8;0;150
28.05.2020 00:00:00;Lilienfeld;314;25812;0;46;1;3,874167;0;5;0;39
28.05.2020 00:00:00;Melk;315;77962;0;172;0;0;0;4;0;168
28.05.2020 00:00:00;Mistelbach;316;75483;1;145;3;3,974405;0;7;0;128
28.05.2020 00:00:00;Mödling;317;118998;0;190;7;5,882452;0;7;0;172
28.05.2020 00:00:00;Neunkirchen;318;86291;0;199;0;0;0;3;2;194
28.05.2020 00:00:00;Sankt Pölten(Land);319;131044;0;267;1;0,7631025;0;11;0;256
28.05.2020 00:00:00;Scheibbs;320;41403;0;103;0;0;0;1;0;102
28.05.2020 00:00:00;Tulln;321;103771;0;174;3;2,890981;0;6;1;162
28.05.2020 00:00:00;Waidhofen an der Thaya;322;25888;0;73;0;0;0;2;0;70
28.05.2020 00:00:00;Wiener Neustadt(Land);323;77991;0;85;1;1,282199;0;6;2;78
28.05.2020 00:00:00;Zwettl;325;42222;0;73;1;2,368433;0;1;0;70
28.05.2020 00:00:00;Linz(Stadt);401;205726;2;314;3;1,45825;0;13;0;292
28.05.2020 00:00:00;Steyr(Stadt);402;38193;0;62;1;2,618281;0;2;0;58
28.05.2020 00:00:00;Wels(Stadt);403;61727;0;58;0;0;0;0;0;58
28.05.2020 00:00:00;Braunau am Inn;404;104408;0;131;0;0;0;3;0;128
28.05.2020 00:00:00;Eferding;405;33156;0;53;0;0;0;6;0;47
28.05.2020 00:00:00;Freistadt;406;66621;0;121;0;0;0;5;0;114
28.05.2020 00:00:00;Gmunden;407;101631;0;73;0;0;0;2;0;70
28.05.2020 00:00:00;Grieskirchen;408;64721;0;74;0;0;0;1;0;72
28.05.2020 00:00:00;Kirchdorf an der Krems;409;56866;0;43;0;0;0;1;0;42
28.05.2020 00:00:00;Linz-Land;410;150273;0;210;0;0;0;9;0;197
28.05.2020 00:00:00;Perg;411;68459;0;251;0;0;0;2;0;247
28.05.2020 00:00:00;Ried im Innkreis;412;61204;0;46;0;0;0;0;0;45
28.05.2020 00:00:00;Rohrbach;413;56524;0;152;2;3,53832;0;0;0;150
28.05.2020 00:00:00;Schärding;414;57307;0;58;0;0;0;1;0;57
28.05.2020 00:00:00;Steyr-Land;415;60427;0;181;0;0;0;7;0;172
28.05.2020 00:00:00;Urfahr-Umgebung;416;85505;0;282;1;1,169522;0;5;0;276
28.05.2020 00:00:00;Vöcklabruck;417;136253;0;108;0;0;0;4;0;103
28.05.2020 00:00:00;Wels-Land;418;73094;0;79;0;0;0;0;0;78
28.05.2020 00:00:00;Salzburg(Stadt);501;154211;0;135;0;0;0;1;0;133
28.05.2020 00:00:00;Hallein;502;60374;0;69;0;0;0;1;0;67
28.05.2020 00:00:00;Salzburg-Umgebung;503;152281;0;201;1;0,6566808;0;10;0;189
28.05.2020 00:00:00;Sankt Johann im Pongau;504;80573;0;433;0;0;0;16;1;415
28.05.2020 00:00:00;Tamsweg;505;20320;0;22;0;0;0;0;0;22
28.05.2020 00:00:00;Zell am See;506;87462;1;362;2;2,286707;0;9;1;350
28.05.2020 00:00:00;Graz(Stadt);601;288806;0;462;1;0,3462532;0;40;1;398
28.05.2020 00:00:00;Deutschlandsberg;603;60821;0;49;0;0;0;2;0;46
28.05.2020 00:00:00;Graz-Umgebung;606;154260;0;248;0;0;0;34;0;210
28.05.2020 00:00:00;Leibnitz;610;82484;0;183;0;0;0;4;0;179
28.05.2020 00:00:00;Leoben;611;60060;0;24;0;0;0;3;0;21
28.05.2020 00:00:00;Liezen;612;79901;0;88;0;0;0;1;0;87
28.05.2020 00:00:00;Murau;614;27659;0;7;0;0;0;0;0;7
28.05.2020 00:00:00;Voitsberg;616;51161;0;106;0;0;0;5;0;97
28.05.2020 00:00:00;Weiz;617;90343;0;198;3;3,320678;0;15;0;154
28.05.2020 00:00:00;Murtal;620;72004;0;32;0;0;0;1;0;31
28.05.2020 00:00:00;Bruck-Mürzzuschlag;621;98984;0;52;0;0;0;3;0;49
28.05.2020 00:00:00;Hartberg-Fürstenfeld;622;90622;0;318;0;0;0;38;1;266
28.05.2020 00:00:00;Südoststeiermark;623;85947;0;63;0;0;0;2;0;61
28.05.2020 00:00:00;Innsbruck-Stadt;701;132110;0;408;0;0;0;6;3;399
28.05.2020 00:00:00;Imst;702;60056;0;294;1;1,665113;0;6;2;286
28.05.2020 00:00:00;Innsbruck-Land;703;179318;1;390;1;0,5576685;0;13;0;373
28.05.2020 00:00:00;Kitzbühel;704;63881;0;368;1;1,565411;0;11;0;356
28.05.2020 00:00:00;Kufstein;705;109682;0;524;0;0;0;35;0;489
28.05.2020 00:00:00;Landeck;706;44362;0;989;0;0;0;16;0;971
28.05.2020 00:00:00;Lienz;707;48753;0;152;0;0;0;6;0;145
28.05.2020 00:00:00;Reutte;708;32670;0;57;0;0;0;1;0;55
28.05.2020 00:00:00;Schwaz;709;83873;0;352;0;0;0;14;2;333
28.05.2020 00:00:00;Bludenz;801;63714;0;256;0;0;0;4;0;251
28.05.2020 00:00:00;Bregenz;802;134383;1;274;3;2,232425;0;10;2;255
28.05.2020 00:00:00;Dornbirn;803;89041;0;153;0;0;0;4;0;147
28.05.2020 00:00:00;Feldkirch;804;107159;0;213;0;0;0;1;0;210
28.05.2020 00:00:00;Wien;900;1897491;12;3177;158;8,326785;0;188;57;2660
29.05.2020 00:00:00;Eisenstadt(Stadt);101;14637;0;19;0;0;0;0;1;17
29.05.2020 00:00:00;Rust(Stadt);102;1940;0;0;0;0;0;0;0;0
29.05.2020 00:00:00;Eisenstadt-Umgebung;103;42927;0;23;0;0;0;1;0;22
29.05.2020 00:00:00;Güssing;104;25797;0;23;0;0;0;0;0;23
29.05.2020 00:00:00;Jennersdorf;105;17066;0;10;0;0;0;0;0;10
29.05.2020 00:00:00;Mattersburg;106;39925;0;53;1;2,504696;0;1;0;50
29.05.2020 00:00:00;Neusiedl am See;107;59552;0;56;0;0;0;4;0;52
29.05.2020 00:00:00;Oberpullendorf;108;37513;0;24;0;0;0;1;0;23
29.05.2020 00:00:00;Oberwart;109;54076;0;133;1;1,849249;0;4;0;125
29.05.2020 00:00:00;Klagenfurt Stadt;201;100817;0;91;1;0,9918962;0;3;0;87
29.05.2020 00:00:00;Villach Stadt;202;62243;0;23;2;3,213213;0;0;0;21
29.05.2020 00:00:00;Hermagor;203;18224;0;5;0;0;0;0;0;5
29.05.2020 00:00:00;Klagenfurt Land;204;59800;0;42;0;0;0;2;0;40
29.05.2020 00:00:00;Sankt Veit an der Glan;205;54555;0;52;0;0;0;0;0;52
29.05.2020 00:00:00;Spittal an der Drau;206;76091;0;42;0;0;0;1;0;41
29.05.2020 00:00:00;Villach Land;207;64668;0;48;0;0;0;2;0;46
29.05.2020 00:00:00;Völkermarkt;208;41878;0;53;0;0;0;4;0;49
29.05.2020 00:00:00;Wolfsberg;209;52726;0;43;0;0;0;1;0;42
29.05.2020 00:00:00;Feldkirchen;210;29937;0;15;0;0;0;0;0;15
29.05.2020 00:00:00;Krems an der Donau(Stadt);301;24876;0;40;0;0;0;3;0;36
29.05.2020 00:00:00;Sankt Pölten(Stadt);302;55044;0;89;0;0;0;3;0;85
29.05.2020 00:00:00;Waidhofen an der Ybbs(Stadt);303;11261;0;25;0;0;0;3;0;21
29.05.2020 00:00:00;Wiener Neustadt(Stadt);304;45277;0;55;1;2,208627;0;0;0;53
29.05.2020 00:00:00;Amstetten;305;116114;0;299;1;0,8612226;0;16;0;282
29.05.2020 00:00:00;Baden;306;146203;0;173;14;9,575727;0;4;3;156
29.05.2020 00:00:00;Bruck an der Leitha;307;102010;0;111;5;4,90148;0;5;0;99
29.05.2020 00:00:00;Gänserndorf;308;103686;0;97;1;0,9644504;0;2;0;92
29.05.2020 00:00:00;Gmünd;309;36773;0;14;0;0;0;0;0;14
29.05.2020 00:00:00;Hollabrunn;310;50858;0;37;0;0;0;0;0;36
29.05.2020 00:00:00;Horn;311;31090;0;63;3;9,649405;0;5;0;51
29.05.2020 00:00:00;Korneuburg;312;90889;0;173;0;0;0;5;1;164
29.05.2020 00:00:00;Krems(Land);313;56596;0;158;1;1,766909;0;8;0;150
29.05.2020 00:00:00;Lilienfeld;314;25812;0;46;0;0;0;5;0;39
29.05.2020 00:00:00;Melk;315;77962;0;172;0;0;0;4;0;168
29.05.2020 00:00:00;Mistelbach;316;75483;0;145;2;2,649603;0;7;2;130
29.05.2020 00:00:00;Mödling;317;118998;0;190;7;5,882452;0;7;3;175
29.05.2020 00:00:00;Neunkirchen;318;86291;0;199;0;0;0;3;1;195
29.05.2020 00:00:00;Sankt Pölten(Land);319;131044;0;267;1;0,7631025;0;11;0;256
29.05.2020 00:00:00;Scheibbs;320;41403;0;103;0;0;0;1;0;102
29.05.2020 00:00:00;Tulln;321;103771;0;174;2;1,927321;0;6;0;162
29.05.2020 00:00:00;Waidhofen an der Thaya;322;25888;0;73;0;0;0;2;0;70
29.05.2020 00:00:00;Wiener Neustadt(Land);323;77991;0;85;0;0;0;6;0;78
29.05.2020 00:00:00;Zwettl;325;42222;0;73;1;2,368433;0;1;0;70
29.05.2020 00:00:00;Linz(Stadt);401;205726;0;314;3;1,45825;0;13;1;293
29.05.2020 00:00:00;Steyr(Stadt);402;38193;0;62;1;2,618281;0;2;0;58
29.05.2020 00:00:00;Wels(Stadt);403;61727;0;58;0;0;0;0;0;58
29.05.2020 00:00:00;Braunau am Inn;404;104408;0;131;0;0;0;3;0;128
29.05.2020 00:00:00;Eferding;405;33156;0;53;0;0;0;6;0;47
29.05.2020 00:00:00;Freistadt;406;66621;0;121;0;0;0;5;0;114
29.05.2020 00:00:00;Gmunden;407;101631;0;73;0;0;0;2;1;71
29.05.2020 00:00:00;Grieskirchen;408;64721;0;74;0;0;0;1;0;72
29.05.2020 00:00:00;Kirchdorf an der Krems;409;56866;0;43;0;0;0;1;0;42
29.05.2020 00:00:00;Linz-Land;410;150273;0;210;0;0;0;9;2;199
29.05.2020 00:00:00;Perg;411;68459;0;251;0;0;0;2;0;247
29.05.2020 00:00:00;Ried im Innkreis;412;61204;0;46;0;0;0;0;0;45
29.05.2020 00:00:00;Rohrbach;413;56524;0;152;1;1,76916;0;0;0;150
29.05.2020 00:00:00;Schärding;414;57307;0;58;0;0;0;1;0;57
29.05.2020 00:00:00;Steyr-Land;415;60427;0;181;0;0;0;7;0;172
29.05.2020 00:00:00;Urfahr-Umgebung;416;85505;0;282;1;1,169522;0;5;0;276
29.05.2020 00:00:00;Vöcklabruck;417;136253;0;108;0;0;0;4;0;103
29.05.2020 00:00:00;Wels-Land;418;73094;0;79;0;0;0;0;0;78
29.05.2020 00:00:00;Salzburg(Stadt);501;154211;0;135;0;0;0;1;0;133
29.05.2020 00:00:00;Hallein;502;60374;0;69;0;0;0;1;0;67
29.05.2020 00:00:00;Salzburg-Umgebung;503;152281;0;201;1;0,6566808;0;10;0;189
29.05.2020 00:00:00;Sankt Johann im Pongau;504;80573;0;433;0;0;0;16;0;415
29.05.2020 00:00:00;Tamsweg;505;20320;0;22;0;0;0;0;0;22
29.05.2020 00:00:00;Zell am See;506;87462;0;362;2;2,286707;0;9;0;350
29.05.2020 00:00:00;Graz(Stadt);601;288806;0;462;1;0,3462532;0;40;3;401
29.05.2020 00:00:00;Deutschlandsberg;603;60821;0;49;0;0;0;2;0;46
29.05.2020 00:00:00;Graz-Umgebung;606;154260;0;248;0;0;0;34;0;210
29.05.2020 00:00:00;Leibnitz;610;82484;0;183;0;0;0;4;0;179
29.05.2020 00:00:00;Leoben;611;60060;0;24;0;0;0;3;0;21
29.05.2020 00:00:00;Liezen;612;79901;0;88;0;0;0;1;0;87
29.05.2020 00:00:00;Murau;614;27659;0;7;0;0;0;0;0;7
29.05.2020 00:00:00;Voitsberg;616;51161;0;106;0;0;0;5;0;97
29.05.2020 00:00:00;Weiz;617;90343;1;199;4;4,42757;1;16;0;154
29.05.2020 00:00:00;Murtal;620;72004;0;32;0;0;0;1;0;31
29.05.2020 00:00:00;Bruck-Mürzzuschlag;621;98984;0;52;0;0;0;3;0;49
29.05.2020 00:00:00;Hartberg-Fürstenfeld;622;90622;0;318;0;0;0;38;0;266
29.05.2020 00:00:00;Südoststeiermark;623;85947;0;63;0;0;0;2;0;61
29.05.2020 00:00:00;Innsbruck-Stadt;701;132110;0;408;0;0;0;6;0;399
29.05.2020 00:00:00;Imst;702;60056;0;294;1;1,665113;0;6;0;286
29.05.2020 00:00:00;Innsbruck-Land;703;179318;0;390;1;0,5576685;0;13;0;373
29.05.2020 00:00:00;Kitzbühel;704;63881;0;368;1;1,565411;0;11;0;356
29.05.2020 00:00:00;Kufstein;705;109682;0;524;0;0;0;35;0;489
29.05.2020 00:00:00;Landeck;706;44362;0;989;0;0;0;16;1;972
29.05.2020 00:00:00;Lienz;707;48753;0;152;0;0;0;6;0;145
29.05.2020 00:00:00;Reutte;708;32670;0;57;0;0;0;1;0;55
29.05.2020 00:00:00;Schwaz;709;83873;0;352;0;0;0;14;0;333
29.05.2020 00:00:00;Bludenz;801;63714;0;256;0;0;0;4;0;251
29.05.2020 00:00:00;Bregenz;802;134383;0;274;2;1,488284;0;10;0;255
29.05.2020 00:00:00;Dornbirn;803;89041;0;153;0;0;0;4;0;147
29.05.2020 00:00:00;Feldkirch;804;107159;0;213;0;0;0;1;0;210
29.05.2020 00:00:00;Wien;900;1897491;41;3218;179;9,43351;0;188;33;2693
30.05.2020 00:00:00;Eisenstadt(Stadt);101;14637;0;19;0;0;0;0;0;17
30.05.2020 00:00:00;Rust(Stadt);102;1940;0;0;0;0;0;0;0;0
30.05.2020 00:00:00;Eisenstadt-Umgebung;103;42927;0;23;0;0;0;1;0;22
30.05.2020 00:00:00;Güssing;104;25797;0;23;0;0;0;0;0;23
30.05.2020 00:00:00;Jennersdorf;105;17066;0;10;0;0;0;0;0;10
30.05.2020 00:00:00;Mattersburg;106;39925;0;53;1;2,504696;0;1;1;51
30.05.2020 00:00:00;Neusiedl am See;107;59552;0;56;0;0;0;4;0;52
30.05.2020 00:00:00;Oberpullendorf;108;37513;0;24;0;0;0;1;0;23
30.05.2020 00:00:00;Oberwart;109;54076;1;134;2;3,698498;0;4;0;125
30.05.2020 00:00:00;Klagenfurt Stadt;201;100817;0;91;1;0,9918962;0;3;0;87
30.05.2020 00:00:00;Villach Stadt;202;62243;0;23;2;3,213213;0;0;0;21
30.05.2020 00:00:00;Hermagor;203;18224;0;5;0;0;0;0;0;5
30.05.2020 00:00:00;Klagenfurt Land;204;59800;0;42;0;0;0;2;0;40
30.05.2020 00:00:00;Sankt Veit an der Glan;205;54555;0;52;0;0;0;0;0;52
30.05.2020 00:00:00;Spittal an der Drau;206;76091;0;42;0;0;0;1;0;41
30.05.2020 00:00:00;Villach Land;207;64668;0;48;0;0;0;2;0;46
30.05.2020 00:00:00;Völkermarkt;208;41878;0;53;0;0;0;4;0;49
30.05.2020 00:00:00;Wolfsberg;209;52726;0;43;0;0;0;1;0;42
30.05.2020 00:00:00;Feldkirchen;210;29937;0;15;0;0;0;0;0;15
30.05.2020 00:00:00;Krems an der Donau(Stadt);301;24876;0;40;0;0;0;3;0;36
30.05.2020 00:00:00;Sankt Pölten(Stadt);302;55044;0;89;0;0;0;3;0;85
30.05.2020 00:00:00;Waidhofen an der Ybbs(Stadt);303;11261;0;25;0;0;0;3;0;21
30.05.2020 00:00:00;Wiener Neustadt(Stadt);304;45277;0;55;0;0;0;0;0;53
30.05.2020 00:00:00;Amstetten;305;116114;0;299;1;0,8612226;0;16;0;282
30.05.2020 00:00:00;Baden;306;146203;0;173;14;9,575727;0;4;7;163
30.05.2020 00:00:00;Bruck an der Leitha;307;102010;0;111;4;3,921184;0;5;0;99
30.05.2020 00:00:00;Gänserndorf;308;103686;0;97;1;0,9644504;0;2;0;92
30.05.2020 00:00:00;Gmünd;309;36773;0;14;0;0;0;0;0;14
30.05.2020 00:00:00;Hollabrunn;310;50858;0;37;0;0;0;0;0;36
30.05.2020 00:00:00;Horn;311;31090;1;64;4;12,86587;0;5;2;53
30.05.2020 00:00:00;Korneuburg;312;90889;0;173;0;0;0;5;1;165
30.05.2020 00:00:00;Krems(Land);313;56596;0;158;1;1,766909;0;8;0;150
30.05.2020 00:00:00;Lilienfeld;314;25812;0;46;0;0;0;5;0;39
30.05.2020 00:00:00;Melk;315;77962;0;172;0;0;0;4;0;168
30.05.2020 00:00:00;Mistelbach;316;75483;0;145;2;2,649603;0;7;0;130
30.05.2020 00:00:00;Mödling;317;118998;0;190;6;5,042101;0;7;1;176
30.05.2020 00:00:00;Neunkirchen;318;86291;0;199;0;0;0;3;0;195
30.05.2020 00:00:00;Sankt Pölten(Land);319;131044;0;267;1;0,7631025;0;11;0;256
30.05.2020 00:00:00;Scheibbs;320;41403;0;103;0;0;0;1;0;102
30.05.2020 00:00:00;Tulln;321;103771;0;174;2;1,927321;0;6;0;162
30.05.2020 00:00:00;Waidhofen an der Thaya;322;25888;0;73;0;0;0;2;0;70
30.05.2020 00:00:00;Wiener Neustadt(Land);323;77991;0;85;0;0;0;6;0;78
30.05.2020 00:00:00;Zwettl;325;42222;0;73;1;2,368433;0;1;0;70
30.05.2020 00:00:00;Linz(Stadt);401;205726;0;314;2;0,9721668;0;13;0;293
30.05.2020 00:00:00;Steyr(Stadt);402;38193;0;62;0;0;0;2;0;58
30.05.2020 00:00:00;Wels(Stadt);403;61727;0;58;0;0;0;0;0;58
30.05.2020 00:00:00;Braunau am Inn;404;104408;0;131;0;0;0;3;0;128
30.05.2020 00:00:00;Eferding;405;33156;0;53;0;0;0;6;0;47
30.05.2020 00:00:00;Freistadt;406;66621;0;121;0;0;0;5;0;114
30.05.2020 00:00:00;Gmunden;407;101631;0;73;0;0;0;2;0;71
30.05.2020 00:00:00;Grieskirchen;408;64721;0;74;0;0;0;1;0;72
30.05.2020 00:00:00;Kirchdorf an der Krems;409;56866;0;43;0;0;0;1;0;42
30.05.2020 00:00:00;Linz-Land;410;150273;0;210;0;0;0;9;0;199
30.05.2020 00:00:00;Perg;411;68459;1;252;1;1,460728;0;2;0;247
30.05.2020 00:00:00;Ried im Innkreis;412;61204;0;46;0;0;0;0;0;45
30.05.2020 00:00:00;Rohrbach;413;56524;0;152;1;1,76916;0;0;0;150
30.05.2020 00:00:00;Schärding;414;57307;0;58;0;0;0;1;0;57
30.05.2020 00:00:00;Steyr-Land;415;60427;0;181;0;0;0;7;0;172
30.05.2020 00:00:00;Urfahr-Umgebung;416;85505;0;282;1;1,169522;0;5;0;276
30.05.2020 00:00:00;Vöcklabruck;417;136253;0;108;0;0;0;4;0;103
30.05.2020 00:00:00;Wels-Land;418;73094;0;79;0;0;0;0;0;78
30.05.2020 00:00:00;Salzburg(Stadt);501;154211;0;135;0;0;0;1;0;133
30.05.2020 00:00:00;Hallein;502;60374;0;69;0;0;0;1;0;67
30.05.2020 00:00:00;Salzburg-Umgebung;503;152281;0;201;1;0,6566808;0;10;0;189
30.05.2020 00:00:00;Sankt Johann im Pongau;504;80573;0;433;0;0;0;16;0;415
30.05.2020 00:00:00;Tamsweg;505;20320;0;22;0;0;0;0;0;22
30.05.2020 00:00:00;Zell am See;506;87462;0;362;2;2,286707;0;9;0;350
30.05.2020 00:00:00;Graz(Stadt);601;288806;0;462;1;0,3462532;0;40;1;402
30.05.2020 00:00:00;Deutschlandsberg;603;60821;0;49;0;0;0;2;0;46
30.05.2020 00:00:00;Graz-Umgebung;606;154260;0;248;0;0;0;34;0;210
30.05.2020 00:00:00;Leibnitz;610;82484;0;183;0;0;0;4;0;179
30.05.2020 00:00:00;Leoben;611;60060;0;24;0;0;0;3;0;21
30.05.2020 00:00:00;Liezen;612;79901;0;88;0;0;0;1;0;87
30.05.2020 00:00:00;Murau;614;27659;0;7;0;0;0;0;0;7
30.05.2020 00:00:00;Voitsberg;616;51161;0;106;0;0;0;5;0;97
30.05.2020 00:00:00;Weiz;617;90343;0;199;1;1,106893;0;16;2;156
30.05.2020 00:00:00;Murtal;620;72004;0;32;0;0;0;1;0;31
30.05.2020 00:00:00;Bruck-Mürzzuschlag;621;98984;0;52;0;0;0;3;0;49
30.05.2020 00:00:00;Hartberg-Fürstenfeld;622;90622;0;318;0;0;0;38;0;266
30.05.2020 00:00:00;Südoststeiermark;623;85947;0;63;0;0;0;2;0;61
30.05.2020 00:00:00;Innsbruck-Stadt;701;132110;0;408;0;0;0;6;0;399
30.05.2020 00:00:00;Imst;702;60056;0;294;0;0;0;6;0;286
30.05.2020 00:00:00;Innsbruck-Land;703;179318;0;390;1;0,5576685;0;13;0;373
30.05.2020 00:00:00;Kitzbühel;704;63881;0;368;1;1,565411;0;11;0;356
30.05.2020 00:00:00;Kufstein;705;109682;0;524;0;0;0;35;0;489
30.05.2020 00:00:00;Landeck;706;44362;0;989;0;0;0;16;0;972
30.05.2020 00:00:00;Lienz;707;48753;0;152;0;0;0;6;0;145
30.05.2020 00:00:00;Reutte;708;32670;0;57;0;0;0;1;1;56
30.05.2020 00:00:00;Schwaz;709;83873;0;352;0;0;0;14;0;333
30.05.2020 00:00:00;Bludenz;801;63714;0;256;0;0;0;4;0;251
30.05.2020 00:00:00;Bregenz;802;134383;0;274;1;0,7441418;0;10;0;255
30.05.2020 00:00:00;Dornbirn;803;89041;0;153;0;0;0;4;0;147
30.05.2020 00:00:00;Feldkirch;804;107159;1;214;1;0,9331927;0;1;0;210
30.05.2020 00:00:00;Wien;900;1897491;28;3246;188;9,907821;0;188;21;2714
31.05.2020 00:00:00;Eisenstadt(Stadt);101;14637;0;19;0;0;0;0;0;17
31.05.2020 00:00:00;Rust(Stadt);102;1940;0;0;0;0;0;0;0;0
31.05.2020 00:00:00;Eisenstadt-Umgebung;103;42927;0;23;0;0;0;1;0;22
31.05.2020 00:00:00;Güssing;104;25797;0;23;0;0;0;0;0;23
31.05.2020 00:00:00;Jennersdorf;105;17066;0;10;0;0;0;0;0;10
31.05.2020 00:00:00;Mattersburg;106;39925;0;53;1;2,504696;0;1;1;52
31.05.2020 00:00:00;Neusiedl am See;107;59552;0;56;0;0;0;4;0;52
31.05.2020 00:00:00;Oberpullendorf;108;37513;0;24;0;0;0;1;0;23
31.05.2020 00:00:00;Oberwart;109;54076;0;134;2;3,698498;0;4;0;125
31.05.2020 00:00:00;Klagenfurt Stadt;201;100817;0;91;1;0,9918962;0;3;0;87
31.05.2020 00:00:00;Villach Stadt;202;62243;0;23;2;3,213213;0;0;0;21
31.05.2020 00:00:00;Hermagor;203;18224;0;5;0;0;0;0;0;5
31.05.2020 00:00:00;Klagenfurt Land;204;59800;0;42;0;0;0;2;0;40
31.05.2020 00:00:00;Sankt Veit an der Glan;205;54555;0;52;0;0;0;0;0;52
31.05.2020 00:00:00;Spittal an der Drau;206;76091;0;42;0;0;0;1;0;41
31.05.2020 00:00:00;Villach Land;207;64668;0;48;0;0;0;2;0;46
31.05.2020 00:00:00;Völkermarkt;208;41878;0;53;0;0;0;4;0;49
31.05.2020 00:00:00;Wolfsberg;209;52726;0;43;0;0;0;1;0;42
31.05.2020 00:00:00;Feldkirchen;210;29937;0;15;0;0;0;0;0;15
31.05.2020 00:00:00;Krems an der Donau(Stadt);301;24876;0;40;0;0;0;3;0;36
31.05.2020 00:00:00;Sankt Pölten(Stadt);302;55044;0;89;0;0;0;3;0;85
31.05.2020 00:00:00;Waidhofen an der Ybbs(Stadt);303;11261;0;25;0;0;0;3;0;21
31.05.2020 00:00:00;Wiener Neustadt(Stadt);304;45277;0;55;0;0;0;0;0;53
31.05.2020 00:00:00;Amstetten;305;116114;0;299;1;0,8612226;0;16;0;282
31.05.2020 00:00:00;Baden;306;146203;0;173;9;6,155825;0;4;0;163
31.05.2020 00:00:00;Bruck an der Leitha;307;102010;0;111;4;3,921184;0;5;0;99
31.05.2020 00:00:00;Gänserndorf;308;103686;0;97;1;0,9644504;0;2;0;92
31.05.2020 00:00:00;Gmünd;309;36773;0;14;0;0;0;0;0;14
31.05.2020 00:00:00;Hollabrunn;310;50858;0;37;0;0;0;0;0;36
31.05.2020 00:00:00;Horn;311;31090;0;64;4;12,86587;0;5;0;53
31.05.2020 00:00:00;Korneuburg;312;90889;0;173;0;0;0;5;0;165
31.05.2020 00:00:00;Krems(Land);313;56596;0;158;1;1,766909;0;8;0;150
31.05.2020 00:00:00;Lilienfeld;314;25812;0;46;0;0;0;5;0;39
31.05.2020 00:00:00;Melk;315;77962;0;172;0;0;0;4;0;168
31.05.2020 00:00:00;Mistelbach;316;75483;0;145;2;2,649603;0;7;1;131
31.05.2020 00:00:00;Mödling;317;118998;0;190;6;5,042101;0;7;0;176
31.05.2020 00:00:00;Neunkirchen;318;86291;0;199;0;0;0;3;0;195
31.05.2020 00:00:00;Sankt Pölten(Land);319;131044;0;267;1;0,7631025;0;11;0;256
31.05.2020 00:00:00;Scheibbs;320;41403;0;103;0;0;0;1;0;102
31.05.2020 00:00:00;Tulln;321;103771;0;174;2;1,927321;0;6;1;163
31.05.2020 00:00:00;Waidhofen an der Thaya;322;25888;0;73;0;0;0;2;0;70
31.05.2020 00:00:00;Wiener Neustadt(Land);323;77991;0;85;0;0;0;6;0;78
31.05.2020 00:00:00;Zwettl;325;42222;0;73;1;2,368433;0;1;0;70
31.05.2020 00:00:00;Linz(Stadt);401;205726;1;315;3;1,45825;0;13;0;293
31.05.2020 00:00:00;Steyr(Stadt);402;38193;0;62;0;0;0;2;0;58
31.05.2020 00:00:00;Wels(Stadt);403;61727;0;58;0;0;0;0;0;58
31.05.2020 00:00:00;Braunau am Inn;404;104408;0;131;0;0;0;3;0;128
31.05.2020 00:00:00;Eferding;405;33156;0;53;0;0;0;6;0;47
31.05.2020 00:00:00;Freistadt;406;66621;0;121;0;0;0;5;0;114
31.05.2020 00:00:00;Gmunden;407;101631;0;73;0;0;0;2;0;71
31.05.2020 00:00:00;Grieskirchen;408;64721;0;74;0;0;0;1;0;72
31.05.2020 00:00:00;Kirchdorf an der Krems;409;56866;0;43;0;0;0;1;0;42
31.05.2020 00:00:00;Linz-Land;410;150273;0;210;0;0;0;9;0;199
31.05.2020 00:00:00;Perg;411;68459;0;252;1;1,460728;0;2;0;247
31.05.2020 00:00:00;Ried im Innkreis;412;61204;0;46;0;0;0;0;0;45
31.05.2020 00:00:00;Rohrbach;413;56524;0;152;1;1,76916;0;0;0;150
31.05.2020 00:00:00;Schärding;414;57307;0;58;0;0;0;1;0;57
31.05.2020 00:00:00;Steyr-Land;415;60427;0;181;0;0;0;7;0;172
31.05.2020 00:00:00;Urfahr-Umgebung;416;85505;0;282;1;1,169522;0;5;0;276
31.05.2020 00:00:00;Vöcklabruck;417;136253;0;108;0;0;0;4;0;103
31.05.2020 00:00:00;Wels-Land;418;73094;0;79;0;0;0;0;0;78
31.05.2020 00:00:00;Salzburg(Stadt);501;154211;0;135;0;0;0;1;0;133
31.05.2020 00:00:00;Hallein;502;60374;0;69;0;0;0;1;0;67
31.05.2020 00:00:00;Salzburg-Umgebung;503;152281;0;201;1;0,6566808;0;10;0;189
31.05.2020 00:00:00;Sankt Johann im Pongau;504;80573;0;433;0;0;0;16;0;415
31.05.2020 00:00:00;Tamsweg;505;20320;0;22;0;0;0;0;0;22
31.05.2020 00:00:00;Zell am See;506;87462;0;362;2;2,286707;0;9;1;351
31.05.2020 00:00:00;Graz(Stadt);601;288806;0;462;1;0,3462532;0;40;1;403
31.05.2020 00:00:00;Deutschlandsberg;603;60821;0;49;0;0;0;2;0;46
31.05.2020 00:00:00;Graz-Umgebung;606;154260;0;248;0;0;0;34;0;210
31.05.2020 00:00:00;Leibnitz;610;82484;0;183;0;0;0;4;0;179
31.05.2020 00:00:00;Leoben;611;60060;0;24;0;0;0;3;0;21
31.05.2020 00:00:00;Liezen;612;79901;0;88;0;0;0;1;0;87
31.05.2020 00:00:00;Murau;614;27659;0;7;0;0;0;0;0;7
31.05.2020 00:00:00;Voitsberg;616;51161;0;106;0;0;0;5;0;97
31.05.2020 00:00:00;Weiz;617;90343;0;199;1;1,106893;0;16;0;156
31.05.2020 00:00:00;Murtal;620;72004;0;32;0;0;0;1;0;31
31.05.2020 00:00:00;Bruck-Mürzzuschlag;621;98984;0;52;0;0;0;3;0;49
31.05.2020 00:00:00;Hartberg-Fürstenfeld;622;90622;0;318;0;0;0;38;0;266
31.05.2020 00:00:00;Südoststeiermark;623;85947;0;63;0;0;0;2;0;61
31.05.2020 00:00:00;Innsbruck-Stadt;701;132110;0;408;0;0;0;6;0;399
31.05.2020 00:00:00;Imst;702;60056;0;294;0;0;0;6;0;286
31.05.2020 00:00:00;Innsbruck-Land;703;179318;0;390;1;0,5576685;0;13;0;373
31.05.2020 00:00:00;Kitzbühel;704;63881;0;368;0;0;0;11;0;356
31.05.2020 00:00:00;Kufstein;705;109682;0;524;0;0;0;35;0;489
31.05.2020 00:00:00;Landeck;706;44362;0;989;0;0;0;16;0;972
31.05.2020 00:00:00;Lienz;707;48753;0;152;0;0;0;6;0;145
31.05.2020 00:00:00;Reutte;708;32670;0;57;0;0;0;1;0;56
31.05.2020 00:00:00;Schwaz;709;83873;0;352;0;0;0;14;0;333
31.05.2020 00:00:00;Bludenz;801;63714;0;256;0;0;0;4;1;252
31.05.2020 00:00:00;Bregenz;802;134383;0;274;1;0,7441418;0;10;0;255
31.05.2020 00:00:00;Dornbirn;803;89041;0;153;0;0;0;4;0;147
31.05.2020 00:00:00;Feldkirch;804;107159;0;214;1;0,9331927;0;1;1;211
31.05.2020 00:00:00;Wien;900;1897491;4;3250;174;9,170004;0;188;27;2741
01.06.2020 00:00:00;Eisenstadt(Stadt);101;14637;0;19;0;0;0;0;1;18
01.06.2020 00:00:00;Rust(Stadt);102;1940;0;0;0;0;0;0;0;0
01.06.2020 00:00:00;Eisenstadt-Umgebung;103;42927;0;23;0;0;0;1;0;22
01.06.2020 00:00:00;Güssing;104;25797;0;23;0;0;0;0;0;23
01.06.2020 00:00:00;Jennersdorf;105;17066;0;10;0;0;0;0;0;10
01.06.2020 00:00:00;Mattersburg;106;39925;0;53;0;0;0;1;0;52
01.06.2020 00:00:00;Neusiedl am See;107;59552;0;56;0;0;0;4;0;52
01.06.2020 00:00:00;Oberpullendorf;108;37513;0;24;0;0;0;1;0;23
01.06.2020 00:00:00;Oberwart;109;54076;0;134;2;3,698498;0;4;0;125
01.06.2020 00:00:00;Klagenfurt Stadt;201;100817;0;91;1;0,9918962;0;3;0;87
01.06.2020 00:00:00;Villach Stadt;202;62243;0;23;2;3,213213;0;0;0;21
01.06.2020 00:00:00;Hermagor;203;18224;0;5;0;0;0;0;0;5
01.06.2020 00:00:00;Klagenfurt Land;204;59800;0;42;0;0;0;2;0;40
01.06.2020 00:00:00;Sankt Veit an der Glan;205;54555;0;52;0;0;0;0;0;52
01.06.2020 00:00:00;Spittal an der Drau;206;76091;0;42;0;0;0;1;0;41
01.06.2020 00:00:00;Villach Land;207;64668;0;48;0;0;0;2;0;46
01.06.2020 00:00:00;Völkermarkt;208;41878;0;53;0;0;0;4;0;49
01.06.2020 00:00:00;Wolfsberg;209;52726;0;43;0;0;0;1;0;42
01.06.2020 00:00:00;Feldkirchen;210;29937;0;15;0;0;0;0;0;15
01.06.2020 00:00:00;Krems an der Donau(Stadt);301;24876;0;40;0;0;0;3;0;36
01.06.2020 00:00:00;Sankt Pölten(Stadt);302;55044;0;89;0;0;0;3;0;85
01.06.2020 00:00:00;Waidhofen an der Ybbs(Stadt);303;11261;0;25;0;0;0;3;0;21
01.06.2020 00:00:00;Wiener Neustadt(Stadt);304;45277;0;55;0;0;0;0;0;53
01.06.2020 00:00:00;Amstetten;305;116114;0;299;1;0,8612226;0;16;0;282
01.06.2020 00:00:00;Baden;306;146203;0;173;3;2,051941;0;4;3;166
01.06.2020 00:00:00;Bruck an der Leitha;307;102010;0;111;3;2,940888;0;5;1;100
01.06.2020 00:00:00;Gänserndorf;308;103686;1;98;1;0,9644504;0;2;0;92
01.06.2020 00:00:00;Gmünd;309;36773;0;14;0;0;0;0;0;14
01.06.2020 00:00:00;Hollabrunn;310;50858;0;37;0;0;0;0;0;36
01.06.2020 00:00:00;Horn;311;31090;0;64;4;12,86587;0;5;0;53
01.06.2020 00:00:00;Korneuburg;312;90889;0;173;0;0;0;5;0;165
01.06.2020 00:00:00;Krems(Land);313;56596;0;158;1;1,766909;0;8;0;150
01.06.2020 00:00:00;Lilienfeld;314;25812;0;46;0;0;0;5;0;39
01.06.2020 00:00:00;Melk;315;77962;0;172;0;0;0;4;0;168
01.06.2020 00:00:00;Mistelbach;316;75483;0;145;2;2,649603;0;7;1;132
01.06.2020 00:00:00;Mödling;317;118998;0;190;5;4,201751;0;7;0;176
01.06.2020 00:00:00;Neunkirchen;318;86291;0;199;0;0;0;3;0;195
01.06.2020 00:00:00;Sankt Pölten(Land);319;131044;0;267;1;0,7631025;0;11;0;256
01.06.2020 00:00:00;Scheibbs;320;41403;0;103;0;0;0;1;0;102
01.06.2020 00:00:00;Tulln;321;103771;0;174;2;1,927321;0;6;0;163
01.06.2020 00:00:00;Waidhofen an der Thaya;322;25888;0;73;0;0;0;2;0;70
01.06.2020 00:00:00;Wiener Neustadt(Land);323;77991;0;85;0;0;0;6;0;78
01.06.2020 00:00:00;Zwettl;325;42222;0;73;0;0;0;1;0;70
01.06.2020 00:00:00;Linz(Stadt);401;205726;0;315;3;1,45825;0;13;0;293
01.06.2020 00:00:00;Steyr(Stadt);402;38193;0;62;0;0;0;2;0;58
01.06.2020 00:00:00;Wels(Stadt);403;61727;0;58;0;0;0;0;0;58
01.06.2020 00:00:00;Braunau am Inn;404;104408;1;132;1;0,957781;0;3;0;128
01.06.2020 00:00:00;Eferding;405;33156;0;53;0;0;0;6;0;47
01.06.2020 00:00:00;Freistadt;406;66621;0;121;0;0;1;6;0;114
01.06.2020 00:00:00;Gmunden;407;101631;0;73;0;0;0;2;0;71
01.06.2020 00:00:00;Grieskirchen;408;64721;0;74;0;0;0;1;0;72
01.06.2020 00:00:00;Kirchdorf an der Krems;409;56866;0;43;0;0;0;1;0;42
01.06.2020 00:00:00;Linz-Land;410;150273;0;210;0;0;0;9;0;199
01.06.2020 00:00:00;Perg;411;68459;0;252;1;1,460728;0;2;0;247
01.06.2020 00:00:00;Ried im Innkreis;412;61204;0;46;0;0;0;0;0;45
01.06.2020 00:00:00;Rohrbach;413;56524;0;152;1;1,76916;0;0;0;150
01.06.2020 00:00:00;Schärding;414;57307;0;58;0;0;0;1;0;57
01.06.2020 00:00:00;Steyr-Land;415;60427;0;181;0;0;0;7;0;172
01.06.2020 00:00:00;Urfahr-Umgebung;416;85505;0;282;0;0;0;5;0;276
01.06.2020 00:00:00;Vöcklabruck;417;136253;0;108;0;0;0;4;0;103
01.06.2020 00:00:00;Wels-Land;418;73094;0;79;0;0;0;0;0;78
01.06.2020 00:00:00;Salzburg(Stadt);501;154211;0;135;0;0;0;1;0;133
01.06.2020 00:00:00;Hallein;502;60374;0;69;0;0;0;1;0;67
01.06.2020 00:00:00;Salzburg-Umgebung;503;152281;0;201;0;0;0;10;0;189
01.06.2020 00:00:00;Sankt Johann im Pongau;504;80573;0;433;0;0;0;16;0;415
01.06.2020 00:00:00;Tamsweg;505;20320;0;22;0;0;0;0;0;22
01.06.2020 00:00:00;Zell am See;506;87462;0;362;2;2,286707;0;9;0;351
01.06.2020 00:00:00;Graz(Stadt);601;288806;1;463;1;0,3462532;0;40;0;403
01.06.2020 00:00:00;Deutschlandsberg;603;60821;0;49;0;0;0;2;0;46
01.06.2020 00:00:00;Graz-Umgebung;606;154260;0;248;0;0;0;34;0;210
01.06.2020 00:00:00;Leibnitz;610;82484;0;183;0;0;0;4;0;179
01.06.2020 00:00:00;Leoben;611;60060;0;24;0;0;0;3;0;21
01.06.2020 00:00:00;Liezen;612;79901;0;88;0;0;0;1;0;87
01.06.2020 00:00:00;Murau;614;27659;0;7;0;0;0;0;0;7
01.06.2020 00:00:00;Voitsberg;616;51161;0;106;0;0;0;5;1;98
01.06.2020 00:00:00;Weiz;617;90343;0;199;1;1,106893;0;16;0;156
01.06.2020 00:00:00;Murtal;620;72004;0;32;0;0;0;1;0;31
01.06.2020 00:00:00;Bruck-Mürzzuschlag;621;98984;0;52;0;0;0;3;0;49
01.06.2020 00:00:00;Hartberg-Fürstenfeld;622;90622;0;318;0;0;0;38;0;266
01.06.2020 00:00:00;Südoststeiermark;623;85947;0;63;0;0;0;2;0;61
01.06.2020 00:00:00;Innsbruck-Stadt;701;132110;0;408;0;0;0;6;0;399
01.06.2020 00:00:00;Imst;702;60056;0;294;0;0;0;6;0;286
01.06.2020 00:00:00;Innsbruck-Land;703;179318;0;390;1;0,5576685;0;13;0;373
01.06.2020 00:00:00;Kitzbühel;704;63881;0;368;0;0;0;11;0;356
01.06.2020 00:00:00;Kufstein;705;109682;0;524;0;0;0;35;0;489
01.06.2020 00:00:00;Landeck;706;44362;1;990;1;2,254182;0;16;0;972
01.06.2020 00:00:00;Lienz;707;48753;0;152;0;0;0;6;1;146
01.06.2020 00:00:00;Reutte;708;32670;0;57;0;0;0;1;0;56
01.06.2020 00:00:00;Schwaz;709;83873;0;352;0;0;0;14;0;333
01.06.2020 00:00:00;Bludenz;801;63714;0;256;0;0;0;4;0;252
01.06.2020 00:00:00;Bregenz;802;134383;0;274;1;0,7441418;0;10;2;257
01.06.2020 00:00:00;Dornbirn;803;89041;0;153;0;0;0;4;0;147
01.06.2020 00:00:00;Feldkirch;804;107159;0;214;1;0,9331927;0;1;0;211
01.06.2020 00:00:00;Wien;900;1897491;15;3265;172;9,064602;0;188;21;2762
02.06.2020 00:00:00;Eisenstadt(Stadt);101;14637;0;19;0;0;0;0;0;18
02.06.2020 00:00:00;Rust(Stadt);102;1940;0;0;0;0;0;0;0;0
02.06.2020 00:00:00;Eisenstadt-Umgebung;103;42927;0;23;0;0;0;1;0;22
02.06.2020 00:00:00;Güssing;104;25797;0;23;0;0;0;0;0;23
02.06.2020 00:00:00;Jennersdorf;105;17066;0;10;0;0;0;0;0;10
02.06.2020 00:00:00;Mattersburg;106;39925;0;53;0;0;0;1;0;52
02.06.2020 00:00:00;Neusiedl am See;107;59552;0;56;0;0;0;4;0;52
02.06.2020 00:00:00;Oberpullendorf;108;37513;0;24;0;0;0;1;0;23
02.06.2020 00:00:00;Oberwart;109;54076;0;134;2;3,698498;0;4;0;125
02.06.2020 00:00:00;Klagenfurt Stadt;201;100817;0;91;1;0,9918962;0;3;0;87
02.06.2020 00:00:00;Villach Stadt;202;62243;0;23;1;1,606606;0;0;0;21
02.06.2020 00:00:00;Hermagor;203;18224;0;5;0;0;0;0;0;5
02.06.2020 00:00:00;Klagenfurt Land;204;59800;0;42;0;0;0;2;0;40
02.06.2020 00:00:00;Sankt Veit an der Glan;205;54555;0;52;0;0;0;0;0;52
02.06.2020 00:00:00;Spittal an der Drau;206;76091;0;42;0;0;0;1;0;41
02.06.2020 00:00:00;Villach Land;207;64668;0;48;0;0;0;2;0;46
02.06.2020 00:00:00;Völkermarkt;208;41878;1;54;1;2,387889;0;4;0;49
02.06.2020 00:00:00;Wolfsberg;209;52726;0;43;0;0;0;1;0;42
02.06.2020 00:00:00;Feldkirchen;210;29937;0;15;0;0;0;0;0;15
02.06.2020 00:00:00;Krems an der Donau(Stadt);301;24876;0;40;0;0;0;3;1;37
02.06.2020 00:00:00;Sankt Pölten(Stadt);302;55044;0;89;0;0;0;3;0;85
02.06.2020 00:00:00;Waidhofen an der Ybbs(Stadt);303;11261;0;25;0;0;0;3;0;21
02.06.2020 00:00:00;Wiener Neustadt(Stadt);304;45277;0;55;0;0;0;0;0;53
02.06.2020 00:00:00;Amstetten;305;116114;0;299;1;0,8612226;0;16;0;282
02.06.2020 00:00:00;Baden;306;146203;0;173;2;1,367961;0;4;0;166
02.06.2020 00:00:00;Bruck an der Leitha;307;102010;0;111;3;2,940888;0;5;0;100
02.06.2020 00:00:00;Gänserndorf;308;103686;0;98;1;0,9644504;0;2;1;93
02.06.2020 00:00:00;Gmünd;309;36773;0;14;0;0;0;0;0;14
02.06.2020 00:00:00;Hollabrunn;310;50858;0;37;0;0;0;0;0;36
02.06.2020 00:00:00;Horn;311;31090;0;64;4;12,86587;0;5;1;54
02.06.2020 00:00:00;Korneuburg;312;90889;0;173;0;0;0;5;1;166
02.06.2020 00:00:00;Krems(Land);313;56596;0;158;1;1,766909;0;8;0;150
02.06.2020 00:00:00;Lilienfeld;314;25812;0;46;0;0;0;5;1;40
02.06.2020 00:00:00;Melk;315;77962;0;172;0;0;0;4;0;168
02.06.2020 00:00:00;Mistelbach;316;75483;0;145;2;2,649603;0;7;2;134
02.06.2020 00:00:00;Mödling;317;118998;0;190;2;1,680701;0;7;1;177
02.06.2020 00:00:00;Neunkirchen;318;86291;0;199;0;0;0;3;1;196
02.06.2020 00:00:00;Sankt Pölten(Land);319;131044;1;268;2;1,526205;0;11;0;256
02.06.2020 00:00:00;Scheibbs;320;41403;0;103;0;0;0;1;0;102
02.06.2020 00:00:00;Tulln;321;103771;1;175;3;2,890981;0;6;3;166
02.06.2020 00:00:00;Waidhofen an der Thaya;322;25888;0;73;0;0;0;2;1;71
02.06.2020 00:00:00;Wiener Neustadt(Land);323;77991;0;85;0;0;0;6;1;79
02.06.2020 00:00:00;Zwettl;325;42222;0;73;0;0;0;1;0;70
02.06.2020 00:00:00;Linz(Stadt);401;205726;0;315;3;1,45825;0;13;0;293
02.06.2020 00:00:00;Steyr(Stadt);402;38193;0;62;0;0;0;2;0;58
02.06.2020 00:00:00;Wels(Stadt);403;61727;0;58;0;0;0;0;0;58
02.06.2020 00:00:00;Braunau am Inn;404;104408;0;132;1;0,957781;0;3;0;128
02.06.2020 00:00:00;Eferding;405;33156;0;53;0;0;0;6;0;47
02.06.2020 00:00:00;Freistadt;406;66621;0;121;0;0;0;6;0;114
02.06.2020 00:00:00;Gmunden;407;101631;0;73;0;0;0;2;0;71
02.06.2020 00:00:00;Grieskirchen;408;64721;0;74;0;0;0;1;0;72
02.06.2020 00:00:00;Kirchdorf an der Krems;409;56866;0;43;0;0;0;1;0;42
02.06.2020 00:00:00;Linz-Land;410;150273;0;210;0;0;0;9;0;199
02.06.2020 00:00:00;Perg;411;68459;0;252;1;1,460728;0;2;0;247
02.06.2020 00:00:00;Ried im Innkreis;412;61204;0;46;0;0;0;0;0;45
02.06.2020 00:00:00;Rohrbach;413;56524;0;152;1;1,76916;0;0;1;151
02.06.2020 00:00:00;Schärding;414;57307;0;58;0;0;0;1;0;57
02.06.2020 00:00:00;Steyr-Land;415;60427;0;181;0;0;0;7;1;173
02.06.2020 00:00:00;Urfahr-Umgebung;416;85505;0;282;0;0;0;5;0;276
02.06.2020 00:00:00;Vöcklabruck;417;136253;0;108;0;0;0;4;0;103
02.06.2020 00:00:00;Wels-Land;418;73094;0;79;0;0;0;0;0;78
02.06.2020 00:00:00;Salzburg(Stadt);501;154211;0;135;0;0;0;1;0;133
02.06.2020 00:00:00;Hallein;502;60374;0;69;0;0;0;1;1;68
02.06.2020 00:00:00;Salzburg-Umgebung;503;152281;0;201;0;0;0;10;0;189
02.06.2020 00:00:00;Sankt Johann im Pongau;504;80573;0;433;0;0;0;16;1;416
02.06.2020 00:00:00;Tamsweg;505;20320;0;22;0;0;0;0;0;22
02.06.2020 00:00:00;Zell am See;506;87462;0;362;2;2,286707;0;9;0;351
02.06.2020 00:00:00;Graz(Stadt);601;288806;0;463;1;0,3462532;0;40;0;403
02.06.2020 00:00:00;Deutschlandsberg;603;60821;0;49;0;0;0;2;0;46
02.06.2020 00:00:00;Graz-Umgebung;606;154260;0;248;0;0;0;34;0;210
02.06.2020 00:00:00;Leibnitz;610;82484;0;183;0;0;0;4;0;179
02.06.2020 00:00:00;Leoben;611;60060;0;24;0;0;0;3;0;21
02.06.2020 00:00:00;Liezen;612;79901;0;88;0;0;0;1;0;87
02.06.2020 00:00:00;Murau;614;27659;0;7;0;0;0;0;0;7
02.06.2020 00:00:00;Voitsberg;616;51161;0;106;0;0;0;5;0;98
02.06.2020 00:00:00;Weiz;617;90343;0;199;1;1,106893;0;16;6;162
02.06.2020 00:00:00;Murtal;620;72004;0;32;0;0;0;1;0;31
02.06.2020 00:00:00;Bruck-Mürzzuschlag;621;98984;0;52;0;0;0;3;0;49
02.06.2020 00:00:00;Hartberg-Fürstenfeld;622;90622;0;318;0;0;0;38;2;268
02.06.2020 00:00:00;Südoststeiermark;623;85947;0;63;0;0;0;2;0;61
02.06.2020 00:00:00;Innsbruck-Stadt;701;132110;0;408;0;0;0;6;0;399
02.06.2020 00:00:00;Imst;702;60056;0;294;0;0;0;6;0;286
02.06.2020 00:00:00;Innsbruck-Land;703;179318;0;390;1;0,5576685;0;13;2;375
02.06.2020 00:00:00;Kitzbühel;704;63881;0;368;0;0;0;11;0;356
02.06.2020 00:00:00;Kufstein;705;109682;0;524;0;0;0;35;0;489
02.06.2020 00:00:00;Landeck;706;44362;0;990;1;2,254182;0;16;0;972
02.06.2020 00:00:00;Lienz;707;48753;0;152;0;0;0;6;0;146
02.06.2020 00:00:00;Reutte;708;32670;0;57;0;0;0;1;0;56
02.06.2020 00:00:00;Schwaz;709;83873;0;352;0;0;0;14;1;334
02.06.2020 00:00:00;Bludenz;801;63714;0;256;0;0;0;4;0;252
02.06.2020 00:00:00;Bregenz;802;134383;2;276;3;2,232425;0;10;1;258
02.06.2020 00:00:00;Dornbirn;803;89041;0;153;0;0;0;4;0;147
02.06.2020 00:00:00;Feldkirch;804;107159;0;214;1;0,9331927;0;1;0;211
02.06.2020 00:00:00;Wien;900;1897491;11;3276;163;8,590291;0;188;29;2791
03.06.2020 00:00:00;Eisenstadt(Stadt);101;14637;0;19;0;0;0;0;0;18
03.06.2020 00:00:00;Rust(Stadt);102;1940;0;0;0;0;0;0;0;0
03.06.2020 00:00:00;Eisenstadt-Umgebung;103;42927;0;23;0;0;0;1;0;22
03.06.2020 00:00:00;Güssing;104;25797;0;23;0;0;0;0;0;23
03.06.2020 00:00:00;Jennersdorf;105;17066;0;10;0;0;0;0;0;10
03.06.2020 00:00:00;Mattersburg;106;39925;0;53;0;0;0;1;0;52
03.06.2020 00:00:00;Neusiedl am See;107;59552;0;56;0;0;0;4;0;52
03.06.2020 00:00:00;Oberpullendorf;108;37513;0;24;0;0;0;1;0;23
03.06.2020 00:00:00;Oberwart;109;54076;0;134;2;3,698498;0;4;0;125
03.06.2020 00:00:00;Klagenfurt Stadt;201;100817;0;91;1;0,9918962;0;3;0;87
03.06.2020 00:00:00;Villach Stadt;202;62243;0;23;0;0;0;0;0;21
03.06.2020 00:00:00;Hermagor;203;18224;0;5;0;0;0;0;0;5
03.06.2020 00:00:00;Klagenfurt Land;204;59800;0;42;0;0;0;2;0;40
03.06.2020 00:00:00;Sankt Veit an der Glan;205;54555;0;52;0;0;0;0;0;52
03.06.2020 00:00:00;Spittal an der Drau;206;76091;0;42;0;0;0;1;0;41
03.06.2020 00:00:00;Villach Land;207;64668;0;48;0;0;0;2;0;46
03.06.2020 00:00:00;Völkermarkt;208;41878;0;54;1;2,387889;0;4;0;49
03.06.2020 00:00:00;Wolfsberg;209;52726;0;43;0;0;0;1;0;42
03.06.2020 00:00:00;Feldkirchen;210;29937;0;15;0;0;0;0;0;15
03.06.2020 00:00:00;Krems an der Donau(Stadt);301;24876;0;40;0;0;0;3;0;37
03.06.2020 00:00:00;Sankt Pölten(Stadt);302;55044;0;89;0;0;0;3;0;85
03.06.2020 00:00:00;Waidhofen an der Ybbs(Stadt);303;11261;0;25;0;0;0;3;1;22
03.06.2020 00:00:00;Wiener Neustadt(Stadt);304;45277;0;55;0;0;0;0;0;53
03.06.2020 00:00:00;Amstetten;305;116114;0;299;1;0,8612226;0;16;0;282
03.06.2020 00:00:00;Baden;306;146203;0;173;1;0,6839805;0;4;0;166
03.06.2020 00:00:00;Bruck an der Leitha;307;102010;0;111;1;0,9802961;0;5;0;100
03.06.2020 00:00:00;Gänserndorf;308;103686;0;98;1;0,9644504;0;2;0;93
03.06.2020 00:00:00;Gmünd;309;36773;0;14;0;0;0;0;0;14
03.06.2020 00:00:00;Hollabrunn;310;50858;0;37;0;0;0;0;0;36
03.06.2020 00:00:00;Horn;311;31090;0;64;4;12,86587;0;5;1;55
03.06.2020 00:00:00;Korneuburg;312;90889;0;173;0;0;0;5;0;166
03.06.2020 00:00:00;Krems(Land);313;56596;0;158;0;0;0;8;0;150
03.06.2020 00:00:00;Lilienfeld;314;25812;0;46;0;0;0;5;1;41
03.06.2020 00:00:00;Melk;315;77962;0;172;0;0;0;4;0;168
03.06.2020 00:00:00;Mistelbach;316;75483;0;145;2;2,649603;0;7;0;134
03.06.2020 00:00:00;Mödling;317;118998;0;190;1;0,8403503;0;7;0;177
03.06.2020 00:00:00;Neunkirchen;318;86291;0;199;0;0;0;3;0;196
03.06.2020 00:00:00;Sankt Pölten(Land);319;131044;0;268;2;1,526205;0;11;0;256
03.06.2020 00:00:00;Scheibbs;320;41403;0;103;0;0;0;1;0;102
03.06.2020 00:00:00;Tulln;321;103771;0;175;3;2,890981;0;6;1;167
03.06.2020 00:00:00;Waidhofen an der Thaya;322;25888;0;73;0;0;0;2;0;71
03.06.2020 00:00:00;Wiener Neustadt(Land);323;77991;1;86;1;1,282199;0;6;0;79
03.06.2020 00:00:00;Zwettl;325;42222;0;73;0;0;1;2;0;70
03.06.2020 00:00:00;Linz(Stadt);401;205726;1;316;4;1,944334;0;13;2;295
03.06.2020 00:00:00;Steyr(Stadt);402;38193;0;62;0;0;0;2;1;59
03.06.2020 00:00:00;Wels(Stadt);403;61727;0;58;0;0;0;0;0;58
03.06.2020 00:00:00;Braunau am Inn;404;104408;1;133;2;1,915562;0;3;0;128
03.06.2020 00:00:00;Eferding;405;33156;0;53;0;0;0;6;0;47
03.06.2020 00:00:00;Freistadt;406;66621;0;121;0;0;0;6;0;114
03.06.2020 00:00:00;Gmunden;407;101631;0;73;0;0;0;2;0;71
03.06.2020 00:00:00;Grieskirchen;408;64721;0;74;0;0;0;1;0;72
03.06.2020 00:00:00;Kirchdorf an der Krems;409;56866;1;44;1;1,75852;0;1;0;42
03.06.2020 00:00:00;Linz-Land;410;150273;0;210;0;0;0;9;0;199
03.06.2020 00:00:00;Perg;411;68459;0;252;1;1,460728;0;2;0;247
03.06.2020 00:00:00;Ried im Innkreis;412;61204;0;46;0;0;0;0;0;45
03.06.2020 00:00:00;Rohrbach;413;56524;0;152;0;0;0;0;0;151
03.06.2020 00:00:00;Schärding;414;57307;0;58;0;0;0;1;0;57
03.06.2020 00:00:00;Steyr-Land;415;60427;0;181;0;0;0;7;0;173
03.06.2020 00:00:00;Urfahr-Umgebung;416;85505;0;282;0;0;0;5;0;276
03.06.2020 00:00:00;Vöcklabruck;417;136253;0;108;0;0;0;4;0;103
03.06.2020 00:00:00;Wels-Land;418;73094;0;79;0;0;0;0;0;78
03.06.2020 00:00:00;Salzburg(Stadt);501;154211;0;135;0;0;0;1;0;133
03.06.2020 00:00:00;Hallein;502;60374;0;69;0;0;0;1;0;68
03.06.2020 00:00:00;Salzburg-Umgebung;503;152281;0;201;0;0;0;10;1;190
03.06.2020 00:00:00;Sankt Johann im Pongau;504;80573;0;433;0;0;0;16;0;416
03.06.2020 00:00:00;Tamsweg;505;20320;0;22;0;0;0;0;0;22
03.06.2020 00:00:00;Zell am See;506;87462;0;362;2;2,286707;0;9;0;351
03.06.2020 00:00:00;Graz(Stadt);601;288806;2;465;3;1,03876;0;40;4;407
03.06.2020 00:00:00;Deutschlandsberg;603;60821;0;49;0;0;0;2;0;46
03.06.2020 00:00:00;Graz-Umgebung;606;154260;1;249;1;0,6482562;0;34;0;210
03.06.2020 00:00:00;Leibnitz;610;82484;0;183;0;0;0;4;0;179
03.06.2020 00:00:00;Leoben;611;60060;0;24;0;0;0;3;0;21
03.06.2020 00:00:00;Liezen;612;79901;0;88;0;0;0;1;0;87
03.06.2020 00:00:00;Murau;614;27659;0;7;0;0;0;0;0;7
03.06.2020 00:00:00;Voitsberg;616;51161;0;106;0;0;0;5;0;98
03.06.2020 00:00:00;Weiz;617;90343;0;199;1;1,106893;0;16;0;162
03.06.2020 00:00:00;Murtal;620;72004;0;32;0;0;0;1;0;31
03.06.2020 00:00:00;Bruck-Mürzzuschlag;621;98984;0;52;0;0;0;3;0;49
03.06.2020 00:00:00;Hartberg-Fürstenfeld;622;90622;0;318;0;0;0;38;1;269
03.06.2020 00:00:00;Südoststeiermark;623;85947;0;63;0;0;0;2;0;61
03.06.2020 00:00:00;Innsbruck-Stadt;701;132110;0;408;0;0;0;6;0;399
03.06.2020 00:00:00;Imst;702;60056;0;294;0;0;0;6;0;286
03.06.2020 00:00:00;Innsbruck-Land;703;179318;1;391;2;1,115337;0;13;0;375
03.06.2020 00:00:00;Kitzbühel;704;63881;0;368;0;0;0;11;0;356
03.06.2020 00:00:00;Kufstein;705;109682;0;524;0;0;0;35;0;489
03.06.2020 00:00:00;Landeck;706;44362;2;992;3;6,762545;0;16;0;972
03.06.2020 00:00:00;Lienz;707;48753;1;153;1;2,051156;0;6;0;146
03.06.2020 00:00:00;Reutte;708;32670;0;57;0;0;0;1;0;56
03.06.2020 00:00:00;Schwaz;709;83873;0;352;0;0;0;14;1;335
03.06.2020 00:00:00;Bludenz;801;63714;0;256;0;0;0;4;0;252
03.06.2020 00:00:00;Bregenz;802;134383;0;276;3;2,232425;0;10;1;259
03.06.2020 00:00:00;Dornbirn;803;89041;0;153;0;0;0;4;0;147
03.06.2020 00:00:00;Feldkirch;804;107159;0;214;1;0,9331927;0;1;0;211
03.06.2020 00:00:00;Wien;900;1897491;41;3317;189;9,960522;2;190;20;2811
04.06.2020 00:00:00;Eisenstadt(Stadt);101;14637;0;19;0;0;0;0;1;19
04.06.2020 00:00:00;Rust(Stadt);102;1940;0;0;0;0;0;0;0;0
04.06.2020 00:00:00;Eisenstadt-Umgebung;103;42927;0;23;0;0;0;1;0;22
04.06.2020 00:00:00;Güssing;104;25797;0;23;0;0;0;0;1;24
04.06.2020 00:00:00;Jennersdorf;105;17066;0;10;0;0;0;0;0;10
04.06.2020 00:00:00;Mattersburg;106;39925;0;53;0;0;0;1;0;52
04.06.2020 00:00:00;Neusiedl am See;107;59552;0;56;0;0;0;4;0;52
04.06.2020 00:00:00;Oberpullendorf;108;37513;0;24;0;0;0;1;0;23
04.06.2020 00:00:00;Oberwart;109;54076;0;134;2;3,698498;0;4;0;125
04.06.2020 00:00:00;Klagenfurt Stadt;201;100817;0;91;0;0;0;3;0;87
04.06.2020 00:00:00;Villach Stadt;202;62243;0;23;0;0;0;0;0;21
04.06.2020 00:00:00;Hermagor;203;18224;0;5;0;0;0;0;0;5
04.06.2020 00:00:00;Klagenfurt Land;204;59800;0;42;0;0;0;2;0;40
04.06.2020 00:00:00;Sankt Veit an der Glan;205;54555;0;52;0;0;0;0;0;52
04.06.2020 00:00:00;Spittal an der Drau;206;76091;0;42;0;0;0;1;0;41
04.06.2020 00:00:00;Villach Land;207;64668;0;48;0;0;0;2;0;46
04.06.2020 00:00:00;Völkermarkt;208;41878;0;54;1;2,387889;0;4;0;49
04.06.2020 00:00:00;Wolfsberg;209;52726;0;43;0;0;0;1;0;42
04.06.2020 00:00:00;Feldkirchen;210;29937;0;15;0;0;0;0;0;15
04.06.2020 00:00:00;Krems an der Donau(Stadt);301;24876;0;40;0;0;0;3;0;37
04.06.2020 00:00:00;Sankt Pölten(Stadt);302;55044;0;89;0;0;1;4;0;85
04.06.2020 00:00:00;Waidhofen an der Ybbs(Stadt);303;11261;0;25;0;0;0;3;0;22
04.06.2020 00:00:00;Wiener Neustadt(Stadt);304;45277;0;55;0;0;0;0;0;53
04.06.2020 00:00:00;Amstetten;305;116114;0;299;0;0;0;16;0;282
04.06.2020 00:00:00;Baden;306;146203;0;173;0;0;0;4;1;167
04.06.2020 00:00:00;Bruck an der Leitha;307;102010;0;111;0;0;0;5;2;102
04.06.2020 00:00:00;Gänserndorf;308;103686;0;98;1;0,9644504;0;2;0;93
04.06.2020 00:00:00;Gmünd;309;36773;0;14;0;0;0;0;0;14
04.06.2020 00:00:00;Hollabrunn;310;50858;0;37;0;0;0;0;0;36
04.06.2020 00:00:00;Horn;311;31090;0;64;1;3,216468;0;5;1;56
04.06.2020 00:00:00;Korneuburg;312;90889;1;174;1;1,100243;0;5;0;166
04.06.2020 00:00:00;Krems(Land);313;56596;0;158;0;0;0;8;0;150
04.06.2020 00:00:00;Lilienfeld;314;25812;0;46;0;0;0;5;0;41
04.06.2020 00:00:00;Melk;315;77962;0;172;0;0;0;4;0;168
04.06.2020 00:00:00;Mistelbach;316;75483;0;145;1;1,324802;0;7;0;134
04.06.2020 00:00:00;Mödling;317;118998;0;190;0;0;0;7;0;177
04.06.2020 00:00:00;Neunkirchen;318;86291;0;199;0;0;0;3;0;196
04.06.2020 00:00:00;Sankt Pölten(Land);319;131044;0;268;1;0,7631025;0;11;0;256
04.06.2020 00:00:00;Scheibbs;320;41403;0;103;0;0;0;1;0;102
04.06.2020 00:00:00;Tulln;321;103771;2;177;3;2,890981;0;6;0;167
04.06.2020 00:00:00;Waidhofen an der Thaya;322;25888;0;73;0;0;0;2;0;71
04.06.2020 00:00:00;Wiener Neustadt(Land);323;77991;0;86;1;1,282199;0;6;0;79
04.06.2020 00:00:00;Zwettl;325;42222;0;73;0;0;0;2;0;70
04.06.2020 00:00:00;Linz(Stadt);401;205726;0;316;4;1,944334;0;13;1;296
04.06.2020 00:00:00;Steyr(Stadt);402;38193;0;62;0;0;0;2;0;59
04.06.2020 00:00:00;Wels(Stadt);403;61727;0;58;0;0;0;0;0;58
04.06.2020 00:00:00;Braunau am Inn;404;104408;0;133;2;1,915562;0;3;0;128
04.06.2020 00:00:00;Eferding;405;33156;0;53;0;0;0;6;0;47
04.06.2020 00:00:00;Freistadt;406;66621;0;121;0;0;0;6;1;115
04.06.2020 00:00:00;Gmunden;407;101631;0;73;0;0;0;2;0;71
04.06.2020 00:00:00;Grieskirchen;408;64721;0;74;0;0;0;1;0;72
04.06.2020 00:00:00;Kirchdorf an der Krems;409;56866;0;44;1;1,75852;0;1;0;42
04.06.2020 00:00:00;Linz-Land;410;150273;0;210;0;0;0;9;1;200
04.06.2020 00:00:00;Perg;411;68459;0;252;1;1,460728;0;2;1;248
04.06.2020 00:00:00;Ried im Innkreis;412;61204;0;46;0;0;0;0;0;45
04.06.2020 00:00:00;Rohrbach;413;56524;0;152;0;0;0;0;0;151
04.06.2020 00:00:00;Schärding;414;57307;0;58;0;0;0;1;0;57
04.06.2020 00:00:00;Steyr-Land;415;60427;0;181;0;0;0;7;0;173
04.06.2020 00:00:00;Urfahr-Umgebung;416;85505;0;282;0;0;0;5;0;276
04.06.2020 00:00:00;Vöcklabruck;417;136253;0;108;0;0;0;4;0;103
04.06.2020 00:00:00;Wels-Land;418;73094;0;79;0;0;0;0;0;78
04.06.2020 00:00:00;Salzburg(Stadt);501;154211;0;135;0;0;0;1;0;133
04.06.2020 00:00:00;Hallein;502;60374;0;69;0;0;0;1;0;68
04.06.2020 00:00:00;Salzburg-Umgebung;503;152281;0;201;0;0;0;10;0;190
04.06.2020 00:00:00;Sankt Johann im Pongau;504;80573;0;433;0;0;0;16;0;416
04.06.2020 00:00:00;Tamsweg;505;20320;0;22;0;0;0;0;0;22
04.06.2020 00:00:00;Zell am See;506;87462;0;362;1;1,143354;0;9;0;351
04.06.2020 00:00:00;Graz(Stadt);601;288806;1;466;4;1,385013;0;40;4;411
04.06.2020 00:00:00;Deutschlandsberg;603;60821;0;49;0;0;0;2;0;46
04.06.2020 00:00:00;Graz-Umgebung;606;154260;0;249;1;0,6482562;0;34;0;210
04.06.2020 00:00:00;Leibnitz;610;82484;0;183;0;0;0;4;0;179
04.06.2020 00:00:00;Leoben;611;60060;0;24;0;0;0;3;0;21
04.06.2020 00:00:00;Liezen;612;79901;0;88;0;0;0;1;0;87
04.06.2020 00:00:00;Murau;614;27659;0;7;0;0;0;0;0;7
04.06.2020 00:00:00;Voitsberg;616;51161;0;106;0;0;0;5;0;98
04.06.2020 00:00:00;Weiz;617;90343;1;200;2;2,213785;1;17;2;164
04.06.2020 00:00:00;Murtal;620;72004;0;32;0;0;0;1;0;31
04.06.2020 00:00:00;Bruck-Mürzzuschlag;621;98984;0;52;0;0;0;3;0;49
04.06.2020 00:00:00;Hartberg-Fürstenfeld;622;90622;0;318;0;0;0;38;0;269
04.06.2020 00:00:00;Südoststeiermark;623;85947;0;63;0;0;0;2;0;61
04.06.2020 00:00:00;Innsbruck-Stadt;701;132110;1;409;1;0,756945;0;6;0;399
04.06.2020 00:00:00;Imst;702;60056;0;294;0;0;0;6;0;286
04.06.2020 00:00:00;Innsbruck-Land;703;179318;0;391;2;1,115337;0;13;0;375
04.06.2020 00:00:00;Kitzbühel;704;63881;0;368;0;0;0;11;0;356
04.06.2020 00:00:00;Kufstein;705;109682;0;524;0;0;0;35;0;489
04.06.2020 00:00:00;Landeck;706;44362;0;992;3;6,762545;0;16;0;972
04.06.2020 00:00:00;Lienz;707;48753;0;153;1;2,051156;0;6;0;146
04.06.2020 00:00:00;Reutte;708;32670;0;57;0;0;0;1;0;56
04.06.2020 00:00:00;Schwaz;709;83873;0;352;0;0;0;14;0;335
04.06.2020 00:00:00;Bludenz;801;63714;1;257;1;1,569514;0;4;0;252
04.06.2020 00:00:00;Bregenz;802;134383;2;278;5;3,720709;0;10;3;262
04.06.2020 00:00:00;Dornbirn;803;89041;0;153;0;0;0;4;0;147
04.06.2020 00:00:00;Feldkirch;804;107159;0;214;1;0,9331927;0;1;0;211
04.06.2020 00:00:00;Wien;900;1897491;8;3325;160;8,432187;0;190;30;2841
05.06.2020 00:00:00;Eisenstadt(Stadt);101;14637;0;19;0;0;0;0;0;19
05.06.2020 00:00:00;Rust(Stadt);102;1940;0;0;0;0;0;0;0;0
05.06.2020 00:00:00;Eisenstadt-Umgebung;103;42927;0;23;0;0;0;1;0;22
05.06.2020 00:00:00;Güssing;104;25797;0;23;0;0;0;0;0;24
05.06.2020 00:00:00;Jennersdorf;105;17066;0;10;0;0;0;0;0;10
05.06.2020 00:00:00;Mattersburg;106;39925;0;53;0;0;0;1;0;52
05.06.2020 00:00:00;Neusiedl am See;107;59552;0;56;0;0;0;4;0;52
05.06.2020 00:00:00;Oberpullendorf;108;37513;0;24;0;0;0;1;0;23
05.06.2020 00:00:00;Oberwart;109;54076;0;134;1;1,849249;0;4;0;125
05.06.2020 00:00:00;Klagenfurt Stadt;201;100817;0;91;0;0;0;3;0;87
05.06.2020 00:00:00;Villach Stadt;202;62243;0;23;0;0;0;0;0;21
05.06.2020 00:00:00;Hermagor;203;18224;0;5;0;0;0;0;0;5
05.06.2020 00:00:00;Klagenfurt Land;204;59800;0;42;0;0;0;2;0;40
05.06.2020 00:00:00;Sankt Veit an der Glan;205;54555;0;52;0;0;0;0;0;52
05.06.2020 00:00:00;Spittal an der Drau;206;76091;0;42;0;0;0;1;0;41
05.06.2020 00:00:00;Villach Land;207;64668;0;48;0;0;0;2;0;46
05.06.2020 00:00:00;Völkermarkt;208;41878;0;54;1;2,387889;0;4;0;49
05.06.2020 00:00:00;Wolfsberg;209;52726;0;43;0;0;0;1;0;42
05.06.2020 00:00:00;Feldkirchen;210;29937;0;15;0;0;0;0;0;15
05.06.2020 00:00:00;Krems an der Donau(Stadt);301;24876;0;40;0;0;0;3;0;37
05.06.2020 00:00:00;Sankt Pölten(Stadt);302;55044;1;90;1;1,816728;0;4;0;85
05.06.2020 00:00:00;Waidhofen an der Ybbs(Stadt);303;11261;0;25;0;0;0;3;0;22
05.06.2020 00:00:00;Wiener Neustadt(Stadt);304;45277;0;55;0;0;0;0;0;53
05.06.2020 00:00:00;Amstetten;305;116114;1;300;1;0,8612226;0;16;0;282
05.06.2020 00:00:00;Baden;306;146203;0;173;0;0;0;4;0;167
05.06.2020 00:00:00;Bruck an der Leitha;307;102010;1;112;1;0,9802961;0;5;0;102
05.06.2020 00:00:00;Gänserndorf;308;103686;2;100;3;2,893351;0;2;0;93
05.06.2020 00:00:00;Gmünd;309;36773;0;14;0;0;0;0;0;14
05.06.2020 00:00:00;Hollabrunn;310;50858;1;38;1;1,966259;0;0;0;36
05.06.2020 00:00:00;Horn;311;31090;0;64;1;3,216468;0;5;0;56
05.06.2020 00:00:00;Korneuburg;312;90889;0;174;1;1,100243;0;5;1;167
05.06.2020 00:00:00;Krems(Land);313;56596;0;158;0;0;0;8;0;150
05.06.2020 00:00:00;Lilienfeld;314;25812;0;46;0;0;0;5;0;41
05.06.2020 00:00:00;Melk;315;77962;0;172;0;0;0;4;0;168
05.06.2020 00:00:00;Mistelbach;316;75483;1;146;1;1,324802;0;7;2;136
05.06.2020 00:00:00;Mödling;317;118998;0;190;0;0;0;7;0;177
05.06.2020 00:00:00;Neunkirchen;318;86291;0;199;0;0;0;3;0;196
05.06.2020 00:00:00;Sankt Pölten(Land);319;131044;0;268;1;0,7631025;0;11;0;256
05.06.2020 00:00:00;Scheibbs;320;41403;0;103;0;0;0;1;0;102
05.06.2020 00:00:00;Tulln;321;103771;0;177;3;2,890981;0;6;0;167
05.06.2020 00:00:00;Waidhofen an der Thaya;322;25888;0;73;0;0;0;2;0;71
05.06.2020 00:00:00;Wiener Neustadt(Land);323;77991;0;86;1;1,282199;0;6;0;79
05.06.2020 00:00:00;Zwettl;325;42222;0;73;0;0;0;2;0;70
05.06.2020 00:00:00;Linz(Stadt);401;205726;4;320;6;2,916501;0;13;1;297
05.06.2020 00:00:00;Steyr(Stadt);402;38193;0;62;0;0;0;2;0;59
05.06.2020 00:00:00;Wels(Stadt);403;61727;0;58;0;0;0;0;0;58
05.06.2020 00:00:00;Braunau am Inn;404;104408;0;133;2;1,915562;0;3;0;128
05.06.2020 00:00:00;Eferding;405;33156;0;53;0;0;0;6;0;47
05.06.2020 00:00:00;Freistadt;406;66621;0;121;0;0;0;6;0;115
05.06.2020 00:00:00;Gmunden;407;101631;0;73;0;0;0;2;0;71
05.06.2020 00:00:00;Grieskirchen;408;64721;0;74;0;0;0;1;0;72
05.06.2020 00:00:00;Kirchdorf an der Krems;409;56866;0;44;1;1,75852;0;1;0;42
05.06.2020 00:00:00;Linz-Land;410;150273;1;211;1;0,6654555;0;9;1;201
05.06.2020 00:00:00;Perg;411;68459;4;256;5;7,303642;0;2;0;248
05.06.2020 00:00:00;Ried im Innkreis;412;61204;0;46;0;0;0;0;0;45
05.06.2020 00:00:00;Rohrbach;413;56524;0;152;0;0;0;0;0;151
05.06.2020 00:00:00;Schärding;414;57307;0;58;0;0;0;1;0;57
05.06.2020 00:00:00;Steyr-Land;415;60427;0;181;0;0;0;7;0;173
05.06.2020 00:00:00;Urfahr-Umgebung;416;85505;0;282;0;0;0;5;0;276
05.06.2020 00:00:00;Vöcklabruck;417;136253;0;108;0;0;0;4;0;103
05.06.2020 00:00:00;Wels-Land;418;73094;0;79;0;0;0;0;0;78
05.06.2020 00:00:00;Salzburg(Stadt);501;154211;0;135;0;0;0;1;0;133
05.06.2020 00:00:00;Hallein;502;60374;0;69;0;0;0;1;0;68
05.06.2020 00:00:00;Salzburg-Umgebung;503;152281;0;201;0;0;0;10;0;190
05.06.2020 00:00:00;Sankt Johann im Pongau;504;80573;0;433;0;0;0;16;0;416
05.06.2020 00:00:00;Tamsweg;505;20320;0;22;0;0;0;0;0;22
05.06.2020 00:00:00;Zell am See;506;87462;0;362;0;0;0;9;0;351
05.06.2020 00:00:00;Graz(Stadt);601;288806;3;469;7;2,423772;0;40;0;411
05.06.2020 00:00:00;Deutschlandsberg;603;60821;0;49;0;0;0;2;1;47
05.06.2020 00:00:00;Graz-Umgebung;606;154260;0;249;1;0,6482562;0;34;2;212
05.06.2020 00:00:00;Leibnitz;610;82484;0;183;0;0;0;4;0;179
05.06.2020 00:00:00;Leoben;611;60060;0;24;0;0;0;3;0;21
05.06.2020 00:00:00;Liezen;612;79901;0;88;0;0;0;1;0;87
05.06.2020 00:00:00;Murau;614;27659;0;7;0;0;0;0;0;7
05.06.2020 00:00:00;Voitsberg;616;51161;0;106;0;0;0;5;1;99
05.06.2020 00:00:00;Weiz;617;90343;0;200;2;2,213785;0;17;1;165
05.06.2020 00:00:00;Murtal;620;72004;0;32;0;0;0;1;0;31
05.06.2020 00:00:00;Bruck-Mürzzuschlag;621;98984;0;52;0;0;0;3;0;49
05.06.2020 00:00:00;Hartberg-Fürstenfeld;622;90622;0;318;0;0;0;38;0;269
05.06.2020 00:00:00;Südoststeiermark;623;85947;0;63;0;0;0;2;0;61
05.06.2020 00:00:00;Innsbruck-Stadt;701;132110;0;409;1;0,756945;0;6;0;399
05.06.2020 00:00:00;Imst;702;60056;0;294;0;0;0;6;1;287
05.06.2020 00:00:00;Innsbruck-Land;703;179318;0;391;1;0,5576685;0;13;1;376
05.06.2020 00:00:00;Kitzbühel;704;63881;0;368;0;0;0;11;0;356
05.06.2020 00:00:00;Kufstein;705;109682;0;524;0;0;0;35;0;489
05.06.2020 00:00:00;Landeck;706;44362;0;992;3;6,762545;0;16;0;972
05.06.2020 00:00:00;Lienz;707;48753;0;153;1;2,051156;0;6;0;146
05.06.2020 00:00:00;Reutte;708;32670;0;57;0;0;0;1;0;56
05.06.2020 00:00:00;Schwaz;709;83873;0;352;0;0;0;14;1;336
05.06.2020 00:00:00;Bludenz;801;63714;0;257;1;1,569514;0;4;0;252
05.06.2020 00:00:00;Bregenz;802;134383;0;278;4;2,976567;0;10;0;262
05.06.2020 00:00:00;Dornbirn;803;89041;1;154;1;1,123078;0;4;0;147
05.06.2020 00:00:00;Feldkirch;804;107159;0;214;1;0,9331927;0;1;0;211
05.06.2020 00:00:00;Wien;900;1897491;47;3372;195;10,27673;1;191;13;2854
06.06.2020 00:00:00;Eisenstadt(Stadt);101;14637;0;19;0;0;0;0;0;19
06.06.2020 00:00:00;Rust(Stadt);102;1940;0;0;0;0;0;0;0;0
06.06.2020 00:00:00;Eisenstadt-Umgebung;103;42927;0;23;0;0;0;1;0;22
06.06.2020 00:00:00;Güssing;104;25797;0;23;0;0;0;0;0;24
06.06.2020 00:00:00;Jennersdorf;105;17066;0;10;0;0;0;0;0;10
06.06.2020 00:00:00;Mattersburg;106;39925;0;53;0;0;0;1;0;52
06.06.2020 00:00:00;Neusiedl am See;107;59552;0;56;0;0;0;4;0;52
06.06.2020 00:00:00;Oberpullendorf;108;37513;0;24;0;0;0;1;0;23
06.06.2020 00:00:00;Oberwart;109;54076;0;134;1;1,849249;0;4;0;125
06.06.2020 00:00:00;Klagenfurt Stadt;201;100817;0;91;0;0;0;3;0;87
06.06.2020 00:00:00;Villach Stadt;202;62243;0;23;0;0;0;0;0;21
06.06.2020 00:00:00;Hermagor;203;18224;0;5;0;0;0;0;0;5
06.06.2020 00:00:00;Klagenfurt Land;204;59800;0;42;0;0;0;2;0;40
06.06.2020 00:00:00;Sankt Veit an der Glan;205;54555;0;52;0;0;0;0;0;52
06.06.2020 00:00:00;Spittal an der Drau;206;76091;0;42;0;0;0;1;0;41
06.06.2020 00:00:00;Villach Land;207;64668;0;48;0;0;0;2;0;46
06.06.2020 00:00:00;Völkermarkt;208;41878;0;54;1;2,387889;0;4;0;49
06.06.2020 00:00:00;Wolfsberg;209;52726;0;43;0;0;0;1;0;42
06.06.2020 00:00:00;Feldkirchen;210;29937;0;15;0;0;0;0;0;15
06.06.2020 00:00:00;Krems an der Donau(Stadt);301;24876;0;40;0;0;0;3;0;37
06.06.2020 00:00:00;Sankt Pölten(Stadt);302;55044;1;91;2;3,633457;0;4;0;85
06.06.2020 00:00:00;Waidhofen an der Ybbs(Stadt);303;11261;0;25;0;0;0;3;0;22
06.06.2020 00:00:00;Wiener Neustadt(Stadt);304;45277;0;55;0;0;0;0;0;53
06.06.2020 00:00:00;Amstetten;305;116114;0;300;1;0,8612226;0;16;0;282
06.06.2020 00:00:00;Baden;306;146203;0;173;0;0;0;4;0;167
06.06.2020 00:00:00;Bruck an der Leitha;307;102010;1;113;2;1,960592;0;5;0;102
06.06.2020 00:00:00;Gänserndorf;308;103686;0;100;3;2,893351;0;2;0;93
06.06.2020 00:00:00;Gmünd;309;36773;0;14;0;0;0;0;0;14
06.06.2020 00:00:00;Hollabrunn;310;50858;0;38;1;1,966259;0;0;0;36
06.06.2020 00:00:00;Horn;311;31090;0;64;1;3,216468;0;5;0;56
06.06.2020 00:00:00;Korneuburg;312;90889;0;174;1;1,100243;0;5;1;168
06.06.2020 00:00:00;Krems(Land);313;56596;0;158;0;0;0;8;0;150
06.06.2020 00:00:00;Lilienfeld;314;25812;0;46;0;0;0;5;0;41
06.06.2020 00:00:00;Melk;315;77962;0;172;0;0;0;4;0;168
06.06.2020 00:00:00;Mistelbach;316;75483;0;146;1;1,324802;0;7;0;136
06.06.2020 00:00:00;Mödling;317;118998;0;190;0;0;0;7;1;178
06.06.2020 00:00:00;Neunkirchen;318;86291;0;199;0;0;0;3;0;196
06.06.2020 00:00:00;Sankt Pölten(Land);319;131044;0;268;1;0,7631025;0;11;0;256
06.06.2020 00:00:00;Scheibbs;320;41403;0;103;0;0;0;1;0;102
06.06.2020 00:00:00;Tulln;321;103771;0;177;3;2,890981;0;6;0;167
06.06.2020 00:00:00;Waidhofen an der Thaya;322;25888;0;73;0;0;0;2;0;71
06.06.2020 00:00:00;Wiener Neustadt(Land);323;77991;0;86;1;1,282199;0;6;0;79
06.06.2020 00:00:00;Zwettl;325;42222;0;73;0;0;0;2;0;70
06.06.2020 00:00:00;Linz(Stadt);401;205726;2;322;8;3,888667;0;13;1;298
06.06.2020 00:00:00;Steyr(Stadt);402;38193;0;62;0;0;0;2;0;59
06.06.2020 00:00:00;Wels(Stadt);403;61727;0;58;0;0;0;0;0;58
06.06.2020 00:00:00;Braunau am Inn;404;104408;0;133;2;1,915562;0;3;0;128
06.06.2020 00:00:00;Eferding;405;33156;0;53;0;0;0;6;0;47
06.06.2020 00:00:00;Freistadt;406;66621;0;121;0;0;0;6;0;115
06.06.2020 00:00:00;Gmunden;407;101631;0;73;0;0;0;2;0;71
06.06.2020 00:00:00;Grieskirchen;408;64721;0;74;0;0;0;1;0;72
06.06.2020 00:00:00;Kirchdorf an der Krems;409;56866;0;44;1;1,75852;0;1;0;42
06.06.2020 00:00:00;Linz-Land;410;150273;1;212;2;1,330911;0;9;0;201
06.06.2020 00:00:00;Perg;411;68459;0;256;5;7,303642;0;2;0;248
06.06.2020 00:00:00;Ried im Innkreis;412;61204;0;46;0;0;0;0;0;45
06.06.2020 00:00:00;Rohrbach;413;56524;0;152;0;0;0;0;0;151
06.06.2020 00:00:00;Schärding;414;57307;0;58;0;0;0;1;0;57
06.06.2020 00:00:00;Steyr-Land;415;60427;0;181;0;0;0;7;0;173
06.06.2020 00:00:00;Urfahr-Umgebung;416;85505;0;282;0;0;0;5;0;276
06.06.2020 00:00:00;Vöcklabruck;417;136253;0;108;0;0;0;4;0;103
06.06.2020 00:00:00;Wels-Land;418;73094;0;79;0;0;0;0;0;78
06.06.2020 00:00:00;Salzburg(Stadt);501;154211;0;135;0;0;0;1;0;133
06.06.2020 00:00:00;Hallein;502;60374;0;69;0;0;0;1;0;68
06.06.2020 00:00:00;Salzburg-Umgebung;503;152281;0;201;0;0;0;10;0;190
06.06.2020 00:00:00;Sankt Johann im Pongau;504;80573;0;433;0;0;0;16;0;416
06.06.2020 00:00:00;Tamsweg;505;20320;0;22;0;0;0;0;0;22
06.06.2020 00:00:00;Zell am See;506;87462;0;362;0;0;0;9;0;351
06.06.2020 00:00:00;Graz(Stadt);601;288806;0;469;7;2,423772;0;40;1;412
06.06.2020 00:00:00;Deutschlandsberg;603;60821;0;49;0;0;0;2;0;47
06.06.2020 00:00:00;Graz-Umgebung;606;154260;0;249;1;0,6482562;0;34;2;214
06.06.2020 00:00:00;Leibnitz;610;82484;0;183;0;0;0;4;0;179
06.06.2020 00:00:00;Leoben;611;60060;0;24;0;0;0;3;0;21
06.06.2020 00:00:00;Liezen;612;79901;0;88;0;0;0;1;0;87
06.06.2020 00:00:00;Murau;614;27659;0;7;0;0;0;0;0;7
06.06.2020 00:00:00;Voitsberg;616;51161;0;106;0;0;0;5;0;99
06.06.2020 00:00:00;Weiz;617;90343;0;200;1;1,106893;0;17;6;171
06.06.2020 00:00:00;Murtal;620;72004;0;32;0;0;0;1;0;31
06.06.2020 00:00:00;Bruck-Mürzzuschlag;621;98984;0;52;0;0;0;3;0;49
06.06.2020 00:00:00;Hartberg-Fürstenfeld;622;90622;0;318;0;0;0;38;0;269
06.06.2020 00:00:00;Südoststeiermark;623;85947;0;63;0;0;0;2;0;61
06.06.2020 00:00:00;Innsbruck-Stadt;701;132110;0;409;1;0,756945;0;6;0;399
06.06.2020 00:00:00;Imst;702;60056;0;294;0;0;0;6;1;288
06.06.2020 00:00:00;Innsbruck-Land;703;179318;0;391;1;0,5576685;0;13;0;376
06.06.2020 00:00:00;Kitzbühel;704;63881;0;368;0;0;0;11;1;357
06.06.2020 00:00:00;Kufstein;705;109682;0;524;0;0;0;35;0;489
06.06.2020 00:00:00;Landeck;706;44362;0;992;3;6,762545;0;16;1;973
06.06.2020 00:00:00;Lienz;707;48753;0;153;1;2,051156;0;6;0;146
06.06.2020 00:00:00;Reutte;708;32670;0;57;0;0;0;1;0;56
06.06.2020 00:00:00;Schwaz;709;83873;0;352;0;0;0;14;0;336
06.06.2020 00:00:00;Bludenz;801;63714;0;257;1;1,569514;0;4;0;252
06.06.2020 00:00:00;Bregenz;802;134383;0;278;4;2,976567;0;10;0;262
06.06.2020 00:00:00;Dornbirn;803;89041;0;154;1;1,123078;0;4;0;147
06.06.2020 00:00:00;Feldkirch;804;107159;0;214;1;0,9331927;0;1;0;211
06.06.2020 00:00:00;Wien;900;1897491;26;3398;180;9,486211;0;191;9;2863
07.06.2020 00:00:00;Eisenstadt(Stadt);101;14637;0;19;0;0;0;0;0;19
07.06.2020 00:00:00;Rust(Stadt);102;1940;0;0;0;0;0;0;0;0
07.06.2020 00:00:00;Eisenstadt-Umgebung;103;42927;0;23;0;0;0;1;0;22
07.06.2020 00:00:00;Güssing;104;25797;0;23;0;0;0;0;0;24
07.06.2020 00:00:00;Jennersdorf;105;17066;0;10;0;0;0;0;0;10
07.06.2020 00:00:00;Mattersburg;106;39925;0;53;0;0;0;1;0;52
07.06.2020 00:00:00;Neusiedl am See;107;59552;0;56;0;0;0;4;0;52
07.06.2020 00:00:00;Oberpullendorf;108;37513;0;24;0;0;0;1;0;23
07.06.2020 00:00:00;Oberwart;109;54076;0;134;0;0;0;4;0;125
07.06.2020 00:00:00;Klagenfurt Stadt;201;100817;0;91;0;0;0;3;1;88
07.06.2020 00:00:00;Villach Stadt;202;62243;0;23;0;0;0;0;0;21
07.06.2020 00:00:00;Hermagor;203;18224;0;5;0;0;0;0;0;5
07.06.2020 00:00:00;Klagenfurt Land;204;59800;0;42;0;0;0;2;0;40
07.06.2020 00:00:00;Sankt Veit an der Glan;205;54555;0;52;0;0;0;0;0;52
07.06.2020 00:00:00;Spittal an der Drau;206;76091;0;42;0;0;0;1;0;41
07.06.2020 00:00:00;Villach Land;207;64668;0;48;0;0;0;2;0;46
07.06.2020 00:00:00;Völkermarkt;208;41878;0;54;1;2,387889;0;4;0;49
07.06.2020 00:00:00;Wolfsberg;209;52726;0;43;0;0;0;1;0;42
07.06.2020 00:00:00;Feldkirchen;210;29937;0;15;0;0;0;0;0;15
07.06.2020 00:00:00;Krems an der Donau(Stadt);301;24876;0;40;0;0;0;3;0;37
07.06.2020 00:00:00;Sankt Pölten(Stadt);302;55044;0;91;2;3,633457;0;4;0;85
07.06.2020 00:00:00;Waidhofen an der Ybbs(Stadt);303;11261;0;25;0;0;0;3;0;22
07.06.2020 00:00:00;Wiener Neustadt(Stadt);304;45277;0;55;0;0;0;0;0;53
07.06.2020 00:00:00;Amstetten;305;116114;0;300;1;0,8612226;0;16;0;282
07.06.2020 00:00:00;Baden;306;146203;0;173;0;0;0;4;1;168
07.06.2020 00:00:00;Bruck an der Leitha;307;102010;0;113;2;1,960592;0;5;0;102
07.06.2020 00:00:00;Gänserndorf;308;103686;0;100;3;2,893351;0;2;0;93
07.06.2020 00:00:00;Gmünd;309;36773;0;14;0;0;0;0;0;14
07.06.2020 00:00:00;Hollabrunn;310;50858;0;38;1;1,966259;0;0;0;36
07.06.2020 00:00:00;Horn;311;31090;0;64;0;0;0;5;0;56
07.06.2020 00:00:00;Korneuburg;312;90889;0;174;1;1,100243;0;5;0;168
07.06.2020 00:00:00;Krems(Land);313;56596;0;158;0;0;0;8;0;150
07.06.2020 00:00:00;Lilienfeld;314;25812;1;47;1;3,874167;0;5;0;41
07.06.2020 00:00:00;Melk;315;77962;0;172;0;0;0;4;0;168
07.06.2020 00:00:00;Mistelbach;316;75483;0;146;1;1,324802;0;7;0;136
07.06.2020 00:00:00;Mödling;317;118998;1;191;1;0,8403503;0;7;0;178
07.06.2020 00:00:00;Neunkirchen;318;86291;0;199;0;0;0;3;0;196
07.06.2020 00:00:00;Sankt Pölten(Land);319;131044;0;268;1;0,7631025;0;11;0;256
07.06.2020 00:00:00;Scheibbs;320;41403;0;103;0;0;0;1;0;102
07.06.2020 00:00:00;Tulln;321;103771;0;177;3;2,890981;0;6;0;167
07.06.2020 00:00:00;Waidhofen an der Thaya;322;25888;0;73;0;0;0;2;0;71
07.06.2020 00:00:00;Wiener Neustadt(Land);323;77991;0;86;1;1,282199;0;6;0;79
07.06.2020 00:00:00;Zwettl;325;42222;0;73;0;0;0;2;0;70
07.06.2020 00:00:00;Linz(Stadt);401;205726;0;322;8;3,888667;0;13;1;299
07.06.2020 00:00:00;Steyr(Stadt);402;38193;0;62;0;0;0;2;0;59
07.06.2020 00:00:00;Wels(Stadt);403;61727;0;58;0;0;0;0;0;58
07.06.2020 00:00:00;Braunau am Inn;404;104408;0;133;2;1,915562;0;3;0;128
07.06.2020 00:00:00;Eferding;405;33156;0;53;0;0;0;6;0;47
07.06.2020 00:00:00;Freistadt;406;66621;0;121;0;0;0;6;0;115
07.06.2020 00:00:00;Gmunden;407;101631;0;73;0;0;0;2;0;71
07.06.2020 00:00:00;Grieskirchen;408;64721;0;74;0;0;0;1;0;72
07.06.2020 00:00:00;Kirchdorf an der Krems;409;56866;0;44;1;1,75852;0;1;0;42
07.06.2020 00:00:00;Linz-Land;410;150273;0;212;2;1,330911;0;9;0;201
07.06.2020 00:00:00;Perg;411;68459;0;256;4;5,842913;0;2;0;248
07.06.2020 00:00:00;Ried im Innkreis;412;61204;0;46;0;0;0;0;0;45
07.06.2020 00:00:00;Rohrbach;413;56524;0;152;0;0;0;0;1;152
07.06.2020 00:00:00;Schärding;414;57307;0;58;0;0;0;1;0;57
07.06.2020 00:00:00;Steyr-Land;415;60427;1;182;1;1,654889;0;7;0;173
07.06.2020 00:00:00;Urfahr-Umgebung;416;85505;0;282;0;0;0;5;0;276
07.06.2020 00:00:00;Vöcklabruck;417;136253;0;108;0;0;0;4;0;103
07.06.2020 00:00:00;Wels-Land;418;73094;0;79;0;0;0;0;0;78
07.06.2020 00:00:00;Salzburg(Stadt);501;154211;0;135;0;0;0;1;0;133
07.06.2020 00:00:00;Hallein;502;60374;0;69;0;0;0;1;0;68
07.06.2020 00:00:00;Salzburg-Umgebung;503;152281;0;201;0;0;0;10;0;190
07.06.2020 00:00:00;Sankt Johann im Pongau;504;80573;0;433;0;0;0;16;0;416
07.06.2020 00:00:00;Tamsweg;505;20320;0;22;0;0;0;0;0;22
07.06.2020 00:00:00;Zell am See;506;87462;0;362;0;0;0;9;0;351
07.06.2020 00:00:00;Graz(Stadt);601;288806;0;469;7;2,423772;0;40;0;412
07.06.2020 00:00:00;Deutschlandsberg;603;60821;0;49;0;0;0;2;0;47
07.06.2020 00:00:00;Graz-Umgebung;606;154260;0;249;1;0,6482562;0;34;0;214
07.06.2020 00:00:00;Leibnitz;610;82484;0;183;0;0;0;4;0;179
07.06.2020 00:00:00;Leoben;611;60060;0;24;0;0;0;3;0;21
07.06.2020 00:00:00;Liezen;612;79901;0;88;0;0;0;1;0;87
07.06.2020 00:00:00;Murau;614;27659;0;7;0;0;0;0;0;7
07.06.2020 00:00:00;Voitsberg;616;51161;0;106;0;0;0;5;0;99
07.06.2020 00:00:00;Weiz;617;90343;0;200;1;1,106893;0;17;0;171
07.06.2020 00:00:00;Murtal;620;72004;0;32;0;0;0;1;0;31
07.06.2020 00:00:00;Bruck-Mürzzuschlag;621;98984;0;52;0;0;0;3;0;49
07.06.2020 00:00:00;Hartberg-Fürstenfeld;622;90622;0;318;0;0;0;38;0;269
07.06.2020 00:00:00;Südoststeiermark;623;85947;0;63;0;0;0;2;0;61
07.06.2020 00:00:00;Innsbruck-Stadt;701;132110;0;409;1;0,756945;0;6;0;399
07.06.2020 00:00:00;Imst;702;60056;0;294;0;0;0;6;0;288
07.06.2020 00:00:00;Innsbruck-Land;703;179318;0;391;1;0,5576685;0;13;0;376
07.06.2020 00:00:00;Kitzbühel;704;63881;0;368;0;0;0;11;0;357
07.06.2020 00:00:00;Kufstein;705;109682;0;524;0;0;0;35;0;489
07.06.2020 00:00:00;Landeck;706;44362;0;992;3;6,762545;0;16;0;973
07.06.2020 00:00:00;Lienz;707;48753;0;153;1;2,051156;0;6;0;146
07.06.2020 00:00:00;Reutte;708;32670;0;57;0;0;0;1;0;56
07.06.2020 00:00:00;Schwaz;709;83873;0;352;0;0;0;14;0;336
07.06.2020 00:00:00;Bludenz;801;63714;0;257;1;1,569514;0;4;0;252
07.06.2020 00:00:00;Bregenz;802;134383;0;278;4;2,976567;0;10;0;262
07.06.2020 00:00:00;Dornbirn;803;89041;1;155;2;2,246156;0;4;1;148
07.06.2020 00:00:00;Feldkirch;804;107159;0;214;0;0;0;1;0;211
07.06.2020 00:00:00;Wien;900;1897491;21;3419;173;9,117303;0;191;22;2885
08.06.2020 00:00:00;Eisenstadt(Stadt);101;14637;0;19;0;0;0;0;0;19
08.06.2020 00:00:00;Rust(Stadt);102;1940;0;0;0;0;0;0;0;0
08.06.2020 00:00:00;Eisenstadt-Umgebung;103;42927;0;23;0;0;0;1;0;22
08.06.2020 00:00:00;Güssing;104;25797;0;23;0;0;0;0;0;24
08.06.2020 00:00:00;Jennersdorf;105;17066;0;10;0;0;0;0;0;10
08.06.2020 00:00:00;Mattersburg;106;39925;0;53;0;0;0;1;0;52
08.06.2020 00:00:00;Neusiedl am See;107;59552;0;56;0;0;0;4;0;52
08.06.2020 00:00:00;Oberpullendorf;108;37513;0;24;0;0;0;1;0;23
08.06.2020 00:00:00;Oberwart;109;54076;0;134;0;0;0;4;1;126
08.06.2020 00:00:00;Klagenfurt Stadt;201;100817;0;91;0;0;0;3;0;88
08.06.2020 00:00:00;Villach Stadt;202;62243;0;23;0;0;0;0;2;23
08.06.2020 00:00:00;Hermagor;203;18224;0;5;0;0;0;0;0;5
08.06.2020 00:00:00;Klagenfurt Land;204;59800;0;42;0;0;0;2;0;40
08.06.2020 00:00:00;Sankt Veit an der Glan;205;54555;0;52;0;0;0;0;0;52
08.06.2020 00:00:00;Spittal an der Drau;206;76091;0;42;0;0;0;1;0;41
08.06.2020 00:00:00;Villach Land;207;64668;0;48;0;0;0;2;0;46
08.06.2020 00:00:00;Völkermarkt;208;41878;0;54;1;2,387889;0;4;0;49
08.06.2020 00:00:00;Wolfsberg;209;52726;0;43;0;0;0;1;0;42
08.06.2020 00:00:00;Feldkirchen;210;29937;0;15;0;0;0;0;0;15
08.06.2020 00:00:00;Krems an der Donau(Stadt);301;24876;1;41;1;4,019939;0;3;0;37
08.06.2020 00:00:00;Sankt Pölten(Stadt);302;55044;0;91;2;3,633457;0;4;0;85
08.06.2020 00:00:00;Waidhofen an der Ybbs(Stadt);303;11261;0;25;0;0;0;3;0;22
08.06.2020 00:00:00;Wiener Neustadt(Stadt);304;45277;0;55;0;0;0;0;0;53
08.06.2020 00:00:00;Amstetten;305;116114;0;300;1;0,8612226;0;16;0;282
08.06.2020 00:00:00;Baden;306;146203;0;173;0;0;0;4;0;168
08.06.2020 00:00:00;Bruck an der Leitha;307;102010;0;113;2;1,960592;0;5;3;105
08.06.2020 00:00:00;Gänserndorf;308;103686;0;100;3;2,893351;0;2;1;94
08.06.2020 00:00:00;Gmünd;309;36773;0;14;0;0;0;0;0;14
08.06.2020 00:00:00;Hollabrunn;310;50858;0;38;1;1,966259;0;0;0;36
08.06.2020 00:00:00;Horn;311;31090;0;64;0;0;0;5;3;59
08.06.2020 00:00:00;Korneuburg;312;90889;1;175;2;2,200486;0;5;0;168
08.06.2020 00:00:00;Krems(Land);313;56596;0;158;0;0;0;8;0;150
08.06.2020 00:00:00;Lilienfeld;314;25812;4;51;5;19,37083;0;5;0;41
08.06.2020 00:00:00;Melk;315;77962;0;172;0;0;0;4;0;168
08.06.2020 00:00:00;Mistelbach;316;75483;0;146;1;1,324802;0;7;0;136
08.06.2020 00:00:00;Mödling;317;118998;0;191;1;0,8403503;0;7;2;180
08.06.2020 00:00:00;Neunkirchen;318;86291;0;199;0;0;0;3;0;196
08.06.2020 00:00:00;Sankt Pölten(Land);319;131044;0;268;1;0,7631025;0;11;0;256
08.06.2020 00:00:00;Scheibbs;320;41403;0;103;0;0;0;1;0;102
08.06.2020 00:00:00;Tulln;321;103771;0;177;3;2,890981;0;6;0;167
08.06.2020 00:00:00;Waidhofen an der Thaya;322;25888;0;73;0;0;0;2;0;71
08.06.2020 00:00:00;Wiener Neustadt(Land);323;77991;0;86;1;1,282199;0;6;0;79
08.06.2020 00:00:00;Zwettl;325;42222;0;73;0;0;0;2;1;71
08.06.2020 00:00:00;Linz(Stadt);401;205726;0;322;7;3,402584;0;13;0;299
08.06.2020 00:00:00;Steyr(Stadt);402;38193;0;62;0;0;0;2;0;59
08.06.2020 00:00:00;Wels(Stadt);403;61727;0;58;0;0;0;0;0;58
08.06.2020 00:00:00;Braunau am Inn;404;104408;0;133;2;1,915562;0;3;0;128
08.06.2020 00:00:00;Eferding;405;33156;0;53;0;0;0;6;0;47
08.06.2020 00:00:00;Freistadt;406;66621;0;121;0;0;0;6;0;115
08.06.2020 00:00:00;Gmunden;407;101631;0;73;0;0;0;2;0;71
08.06.2020 00:00:00;Grieskirchen;408;64721;0;74;0;0;0;1;0;72
08.06.2020 00:00:00;Kirchdorf an der Krems;409;56866;0;44;1;1,75852;0;1;0;42
08.06.2020 00:00:00;Linz-Land;410;150273;0;212;2;1,330911;0;9;1;202
08.06.2020 00:00:00;Perg;411;68459;0;256;4;5,842913;0;2;0;248
08.06.2020 00:00:00;Ried im Innkreis;412;61204;0;46;0;0;0;0;0;45
08.06.2020 00:00:00;Rohrbach;413;56524;0;152;0;0;0;0;0;152
08.06.2020 00:00:00;Schärding;414;57307;0;58;0;0;0;1;0;57
08.06.2020 00:00:00;Steyr-Land;415;60427;0;182;1;1,654889;0;7;0;173
08.06.2020 00:00:00;Urfahr-Umgebung;416;85505;0;282;0;0;0;5;0;276
08.06.2020 00:00:00;Vöcklabruck;417;136253;0;108;0;0;0;4;0;103
08.06.2020 00:00:00;Wels-Land;418;73094;1;80;1;1,368101;0;0;0;78
08.06.2020 00:00:00;Salzburg(Stadt);501;154211;0;135;0;0;0;1;0;133
08.06.2020 00:00:00;Hallein;502;60374;0;69;0;0;0;1;0;68
08.06.2020 00:00:00;Salzburg-Umgebung;503;152281;0;201;0;0;0;10;0;190
08.06.2020 00:00:00;Sankt Johann im Pongau;504;80573;0;433;0;0;0;16;0;416
08.06.2020 00:00:00;Tamsweg;505;20320;0;22;0;0;0;0;0;22
08.06.2020 00:00:00;Zell am See;506;87462;0;362;0;0;0;9;1;352
08.06.2020 00:00:00;Graz(Stadt);601;288806;0;469;7;2,423772;0;40;1;413
08.06.2020 00:00:00;Deutschlandsberg;603;60821;0;49;0;0;0;2;0;47
08.06.2020 00:00:00;Graz-Umgebung;606;154260;0;249;1;0,6482562;0;34;0;214
08.06.2020 00:00:00;Leibnitz;610;82484;0;183;0;0;0;4;0;179
08.06.2020 00:00:00;Leoben;611;60060;0;24;0;0;0;3;0;21
08.06.2020 00:00:00;Liezen;612;79901;0;88;0;0;0;1;0;87
08.06.2020 00:00:00;Murau;614;27659;0;7;0;0;0;0;0;7
08.06.2020 00:00:00;Voitsberg;616;51161;0;106;0;0;0;5;2;101
08.06.2020 00:00:00;Weiz;617;90343;0;200;1;1,106893;0;17;3;174
08.06.2020 00:00:00;Murtal;620;72004;0;32;0;0;0;1;0;31
08.06.2020 00:00:00;Bruck-Mürzzuschlag;621;98984;0;52;0;0;0;3;0;49
08.06.2020 00:00:00;Hartberg-Fürstenfeld;622;90622;0;318;0;0;0;38;11;280
08.06.2020 00:00:00;Südoststeiermark;623;85947;0;63;0;0;0;2;0;61
08.06.2020 00:00:00;Innsbruck-Stadt;701;132110;0;409;1;0,756945;0;6;1;400
08.06.2020 00:00:00;Imst;702;60056;0;294;0;0;0;6;0;288
08.06.2020 00:00:00;Innsbruck-Land;703;179318;1;392;2;1,115337;0;13;0;376
08.06.2020 00:00:00;Kitzbühel;704;63881;0;368;0;0;0;11;0;357
08.06.2020 00:00:00;Kufstein;705;109682;0;524;0;0;0;35;0;489
08.06.2020 00:00:00;Landeck;706;44362;0;992;3;6,762545;0;16;0;973
08.06.2020 00:00:00;Lienz;707;48753;0;153;1;2,051156;0;6;0;146
08.06.2020 00:00:00;Reutte;708;32670;0;57;0;0;0;1;0;56
08.06.2020 00:00:00;Schwaz;709;83873;0;352;0;0;0;14;0;336
08.06.2020 00:00:00;Bludenz;801;63714;0;257;1;1,569514;0;4;0;252
08.06.2020 00:00:00;Bregenz;802;134383;0;278;4;2,976567;0;10;0;262
08.06.2020 00:00:00;Dornbirn;803;89041;0;155;2;2,246156;0;4;0;148
08.06.2020 00:00:00;Feldkirch;804;107159;0;214;0;0;0;1;0;211
08.06.2020 00:00:00;Wien;900;1897491;16;3435;185;9,749717;0;191;21;2906
09.06.2020 00:00:00;Eisenstadt(Stadt);101;14637;0;19;0;0;0;0;0;19
09.06.2020 00:00:00;Rust(Stadt);102;1940;0;0;0;0;0;0;0;0
09.06.2020 00:00:00;Eisenstadt-Umgebung;103;42927;0;23;0;0;0;1;0;22
09.06.2020 00:00:00;Güssing;104;25797;0;23;0;0;0;0;0;24
09.06.2020 00:00:00;Jennersdorf;105;17066;0;10;0;0;0;0;0;10
09.06.2020 00:00:00;Mattersburg;106;39925;0;53;0;0;0;1;0;52
09.06.2020 00:00:00;Neusiedl am See;107;59552;0;56;0;0;0;4;0;52
09.06.2020 00:00:00;Oberpullendorf;108;37513;0;24;0;0;0;1;0;23
09.06.2020 00:00:00;Oberwart;109;54076;0;134;0;0;0;4;1;127
09.06.2020 00:00:00;Klagenfurt Stadt;201;100817;0;91;0;0;0;3;0;88
09.06.2020 00:00:00;Villach Stadt;202;62243;0;23;0;0;0;0;0;23
09.06.2020 00:00:00;Hermagor;203;18224;0;5;0;0;0;0;0;5
09.06.2020 00:00:00;Klagenfurt Land;204;59800;0;42;0;0;0;2;0;40
09.06.2020 00:00:00;Sankt Veit an der Glan;205;54555;0;52;0;0;0;0;0;52
09.06.2020 00:00:00;Spittal an der Drau;206;76091;0;42;0;0;0;1;0;41
09.06.2020 00:00:00;Villach Land;207;64668;0;48;0;0;0;2;0;46
09.06.2020 00:00:00;Völkermarkt;208;41878;0;54;1;2,387889;0;4;0;49
09.06.2020 00:00:00;Wolfsberg;209;52726;0;43;0;0;0;1;0;42
09.06.2020 00:00:00;Feldkirchen;210;29937;0;15;0;0;0;0;0;15
09.06.2020 00:00:00;Krems an der Donau(Stadt);301;24876;0;41;1;4,019939;0;3;0;37
09.06.2020 00:00:00;Sankt Pölten(Stadt);302;55044;0;91;2;3,633457;0;4;0;85
09.06.2020 00:00:00;Waidhofen an der Ybbs(Stadt);303;11261;0;25;0;0;0;3;0;22
09.06.2020 00:00:00;Wiener Neustadt(Stadt);304;45277;0;55;0;0;0;0;0;53
09.06.2020 00:00:00;Amstetten;305;116114;0;300;1;0,8612226;0;16;0;282
09.06.2020 00:00:00;Baden;306;146203;0;173;0;0;0;4;0;168
09.06.2020 00:00:00;Bruck an der Leitha;307;102010;0;113;2;1,960592;0;5;0;105
09.06.2020 00:00:00;Gänserndorf;308;103686;0;100;2;1,928901;0;2;0;94
09.06.2020 00:00:00;Gmünd;309;36773;0;14;0;0;0;0;0;14
09.06.2020 00:00:00;Hollabrunn;310;50858;0;38;1;1,966259;0;0;0;36
09.06.2020 00:00:00;Horn;311;31090;0;64;0;0;0;5;0;59
09.06.2020 00:00:00;Korneuburg;312;90889;0;175;2;2,200486;0;5;0;168
09.06.2020 00:00:00;Krems(Land);313;56596;0;158;0;0;0;8;0;150
09.06.2020 00:00:00;Lilienfeld;314;25812;0;51;5;19,37083;0;5;0;41
09.06.2020 00:00:00;Melk;315;77962;0;172;0;0;0;4;0;168
09.06.2020 00:00:00;Mistelbach;316;75483;0;146;1;1,324802;0;7;0;136
09.06.2020 00:00:00;Mödling;317;118998;0;191;1;0,8403503;0;7;2;182
09.06.2020 00:00:00;Neunkirchen;318;86291;0;199;0;0;0;3;0;196
09.06.2020 00:00:00;Sankt Pölten(Land);319;131044;0;268;1;0,7631025;0;11;0;256
09.06.2020 00:00:00;Scheibbs;320;41403;0;103;0;0;0;1;0;102
09.06.2020 00:00:00;Tulln;321;103771;0;177;3;2,890981;0;6;0;167
09.06.2020 00:00:00;Waidhofen an der Thaya;322;25888;0;73;0;0;0;2;0;71
09.06.2020 00:00:00;Wiener Neustadt(Land);323;77991;0;86;1;1,282199;0;6;0;79
09.06.2020 00:00:00;Zwettl;325;42222;0;73;0;0;0;2;0;71
09.06.2020 00:00:00;Linz(Stadt);401;205726;1;323;8;3,888667;0;13;1;300
09.06.2020 00:00:00;Steyr(Stadt);402;38193;1;63;1;2,618281;0;2;0;59
09.06.2020 00:00:00;Wels(Stadt);403;61727;0;58;0;0;0;0;0;58
09.06.2020 00:00:00;Braunau am Inn;404;104408;0;133;1;0,957781;0;3;0;128
09.06.2020 00:00:00;Eferding;405;33156;0;53;0;0;0;6;0;47
09.06.2020 00:00:00;Freistadt;406;66621;0;121;0;0;0;6;0;115
09.06.2020 00:00:00;Gmunden;407;101631;0;73;0;0;0;2;0;71
09.06.2020 00:00:00;Grieskirchen;408;64721;0;74;0;0;0;1;0;72
09.06.2020 00:00:00;Kirchdorf an der Krems;409;56866;0;44;1;1,75852;0;1;0;42
09.06.2020 00:00:00;Linz-Land;410;150273;1;213;3;1,996367;0;9;0;202
09.06.2020 00:00:00;Perg;411;68459;1;257;5;7,303642;0;2;0;248
09.06.2020 00:00:00;Ried im Innkreis;412;61204;0;46;0;0;0;0;0;45
09.06.2020 00:00:00;Rohrbach;413;56524;1;153;1;1,76916;0;0;0;152
09.06.2020 00:00:00;Schärding;414;57307;0;58;0;0;0;1;0;57
09.06.2020 00:00:00;Steyr-Land;415;60427;0;182;1;1,654889;0;7;0;173
09.06.2020 00:00:00;Urfahr-Umgebung;416;85505;0;282;0;0;0;5;1;277
09.06.2020 00:00:00;Vöcklabruck;417;136253;0;108;0;0;0;4;0;103
09.06.2020 00:00:00;Wels-Land;418;73094;0;80;1;1,368101;0;0;0;78
09.06.2020 00:00:00;Salzburg(Stadt);501;154211;0;135;0;0;0;1;0;133
09.06.2020 00:00:00;Hallein;502;60374;1;70;1;1,656342;0;1;0;68
09.06.2020 00:00:00;Salzburg-Umgebung;503;152281;0;201;0;0;0;10;0;190
09.06.2020 00:00:00;Sankt Johann im Pongau;504;80573;0;433;0;0;0;16;0;416
09.06.2020 00:00:00;Tamsweg;505;20320;0;22;0;0;0;0;0;22
09.06.2020 00:00:00;Zell am See;506;87462;0;362;0;0;0;9;0;352
09.06.2020 00:00:00;Graz(Stadt);601;288806;1;470;7;2,423772;0;40;0;413
09.06.2020 00:00:00;Deutschlandsberg;603;60821;0;49;0;0;0;2;0;47
09.06.2020 00:00:00;Graz-Umgebung;606;154260;0;249;1;0,6482562;0;34;0;214
09.06.2020 00:00:00;Leibnitz;610;82484;0;183;0;0;0;4;0;179
09.06.2020 00:00:00;Leoben;611;60060;0;24;0;0;0;3;0;21
09.06.2020 00:00:00;Liezen;612;79901;0;88;0;0;0;1;0;87
09.06.2020 00:00:00;Murau;614;27659;0;7;0;0;0;0;0;7
09.06.2020 00:00:00;Voitsberg;616;51161;0;106;0;0;0;5;0;101
09.06.2020 00:00:00;Weiz;617;90343;0;200;1;1,106893;0;17;0;174
09.06.2020 00:00:00;Murtal;620;72004;0;32;0;0;0;1;0;31
09.06.2020 00:00:00;Bruck-Mürzzuschlag;621;98984;0;52;0;0;0;3;0;49
09.06.2020 00:00:00;Hartberg-Fürstenfeld;622;90622;0;318;0;0;0;38;0;280
09.06.2020 00:00:00;Südoststeiermark;623;85947;0;63;0;0;0;2;0;61
09.06.2020 00:00:00;Innsbruck-Stadt;701;132110;0;409;1;0,756945;0;6;0;400
09.06.2020 00:00:00;Imst;702;60056;0;294;0;0;0;6;0;288
09.06.2020 00:00:00;Innsbruck-Land;703;179318;0;392;2;1,115337;0;13;0;376
09.06.2020 00:00:00;Kitzbühel;704;63881;1;369;1;1,565411;0;11;0;357
09.06.2020 00:00:00;Kufstein;705;109682;0;524;0;0;0;35;0;489
09.06.2020 00:00:00;Landeck;706;44362;0;992;2;4,508363;0;16;1;974
09.06.2020 00:00:00;Lienz;707;48753;0;153;1;2,051156;0;6;0;146
09.06.2020 00:00:00;Reutte;708;32670;0;57;0;0;0;1;0;56
09.06.2020 00:00:00;Schwaz;709;83873;0;352;0;0;0;14;0;336
09.06.2020 00:00:00;Bludenz;801;63714;0;257;1;1,569514;0;4;0;252
09.06.2020 00:00:00;Bregenz;802;134383;0;278;4;2,976567;0;10;0;262
09.06.2020 00:00:00;Dornbirn;803;89041;1;156;3;3,369234;0;4;0;148
09.06.2020 00:00:00;Feldkirch;804;107159;0;214;0;0;0;1;0;211
09.06.2020 00:00:00;Wien;900;1897491;6;3441;176;9,275406;2;193;24;2930
10.06.2020 00:00:00;Eisenstadt(Stadt);101;14637;0;19;0;0;0;0;0;19
10.06.2020 00:00:00;Rust(Stadt);102;1940;0;0;0;0;0;0;0;0
10.06.2020 00:00:00;Eisenstadt-Umgebung;103;42927;0;23;0;0;0;1;0;22
10.06.2020 00:00:00;Güssing;104;25797;0;23;0;0;0;0;0;24
10.06.2020 00:00:00;Jennersdorf;105;17066;0;10;0;0;0;0;0;10
10.06.2020 00:00:00;Mattersburg;106;39925;0;53;0;0;0;1;0;52
10.06.2020 00:00:00;Neusiedl am See;107;59552;0;56;0;0;0;4;0;52
10.06.2020 00:00:00;Oberpullendorf;108;37513;0;24;0;0;0;1;0;23
10.06.2020 00:00:00;Oberwart;109;54076;0;134;0;0;0;4;0;127
10.06.2020 00:00:00;Klagenfurt Stadt;201;100817;0;91;0;0;0;3;0;88
10.06.2020 00:00:00;Villach Stadt;202;62243;0;23;0;0;0;0;0;23
10.06.2020 00:00:00;Hermagor;203;18224;0;5;0;0;0;0;0;5
10.06.2020 00:00:00;Klagenfurt Land;204;59800;0;42;0;0;0;2;0;40
10.06.2020 00:00:00;Sankt Veit an der Glan;205;54555;0;52;0;0;0;0;0;52
10.06.2020 00:00:00;Spittal an der Drau;206;76091;0;42;0;0;0;1;0;41
10.06.2020 00:00:00;Villach Land;207;64668;0;48;0;0;0;2;0;46
10.06.2020 00:00:00;Völkermarkt;208;41878;0;54;0;0;0;4;0;49
10.06.2020 00:00:00;Wolfsberg;209;52726;0;43;0;0;0;1;0;42
10.06.2020 00:00:00;Feldkirchen;210;29937;0;15;0;0;0;0;0;15
10.06.2020 00:00:00;Krems an der Donau(Stadt);301;24876;0;41;1;4,019939;0;3;1;38
10.06.2020 00:00:00;Sankt Pölten(Stadt);302;55044;0;91;2;3,633457;0;4;0;85
10.06.2020 00:00:00;Waidhofen an der Ybbs(Stadt);303;11261;0;25;0;0;0;3;0;22
10.06.2020 00:00:00;Wiener Neustadt(Stadt);304;45277;0;55;0;0;0;0;0;53
10.06.2020 00:00:00;Amstetten;305;116114;0;300;1;0,8612226;0;16;1;283
10.06.2020 00:00:00;Baden;306;146203;0;173;0;0;0;4;1;169
10.06.2020 00:00:00;Bruck an der Leitha;307;102010;0;113;2;1,960592;0;5;0;105
10.06.2020 00:00:00;Gänserndorf;308;103686;0;100;2;1,928901;0;2;0;94
10.06.2020 00:00:00;Gmünd;309;36773;0;14;0;0;0;0;0;14
10.06.2020 00:00:00;Hollabrunn;310;50858;0;38;1;1,966259;0;0;0;36
10.06.2020 00:00:00;Horn;311;31090;0;64;0;0;0;5;0;59
10.06.2020 00:00:00;Korneuburg;312;90889;0;175;2;2,200486;0;5;0;168
10.06.2020 00:00:00;Krems(Land);313;56596;0;158;0;0;0;8;0;150
10.06.2020 00:00:00;Lilienfeld;314;25812;0;51;5;19,37083;0;5;0;41
10.06.2020 00:00:00;Melk;315;77962;0;172;0;0;0;4;0;168
10.06.2020 00:00:00;Mistelbach;316;75483;0;146;1;1,324802;0;7;0;136
10.06.2020 00:00:00;Mödling;317;118998;0;191;1;0,8403503;0;7;0;182
10.06.2020 00:00:00;Neunkirchen;318;86291;0;199;0;0;0;3;0;196
10.06.2020 00:00:00;Sankt Pölten(Land);319;131044;2;270;2;1,526205;0;11;0;256
10.06.2020 00:00:00;Scheibbs;320;41403;0;103;0;0;0;1;0;102
10.06.2020 00:00:00;Tulln;321;103771;0;177;2;1,927321;0;6;1;168
10.06.2020 00:00:00;Waidhofen an der Thaya;322;25888;0;73;0;0;0;2;0;71
10.06.2020 00:00:00;Wiener Neustadt(Land);323;77991;0;86;1;1,282199;0;6;0;79
10.06.2020 00:00:00;Zwettl;325;42222;0;73;0;0;0;2;0;71
10.06.2020 00:00:00;Linz(Stadt);401;205726;2;325;10;4,860834;0;13;0;300
10.06.2020 00:00:00;Steyr(Stadt);402;38193;0;63;1;2,618281;0;2;0;59
10.06.2020 00:00:00;Wels(Stadt);403;61727;0;58;0;0;0;0;0;58
10.06.2020 00:00:00;Braunau am Inn;404;104408;0;133;1;0,957781;0;3;0;128
10.06.2020 00:00:00;Eferding;405;33156;0;53;0;0;0;6;0;47
10.06.2020 00:00:00;Freistadt;406;66621;0;121;0;0;0;6;0;115
10.06.2020 00:00:00;Gmunden;407;101631;0;73;0;0;0;2;0;71
10.06.2020 00:00:00;Grieskirchen;408;64721;0;74;0;0;0;1;1;73
10.06.2020 00:00:00;Kirchdorf an der Krems;409;56866;0;44;1;1,75852;0;1;0;42
10.06.2020 00:00:00;Linz-Land;410;150273;2;215;5;3,327278;0;9;0;202
10.06.2020 00:00:00;Perg;411;68459;3;260;8;11,68583;0;2;0;248
10.06.2020 00:00:00;Ried im Innkreis;412;61204;0;46;0;0;0;0;0;45
10.06.2020 00:00:00;Rohrbach;413;56524;1;154;2;3,53832;0;0;0;152
10.06.2020 00:00:00;Schärding;414;57307;0;58;0;0;0;1;0;57
10.06.2020 00:00:00;Steyr-Land;415;60427;0;182;1;1,654889;0;7;0;173
10.06.2020 00:00:00;Urfahr-Umgebung;416;85505;0;282;0;0;0;5;0;277
10.06.2020 00:00:00;Vöcklabruck;417;136253;1;109;1;0,7339288;0;4;0;103
10.06.2020 00:00:00;Wels-Land;418;73094;0;80;1;1,368101;0;0;0;78
10.06.2020 00:00:00;Salzburg(Stadt);501;154211;0;135;0;0;0;1;0;133
10.06.2020 00:00:00;Hallein;502;60374;0;70;1;1,656342;0;1;0;68
10.06.2020 00:00:00;Salzburg-Umgebung;503;152281;0;201;0;0;0;10;0;190
10.06.2020 00:00:00;Sankt Johann im Pongau;504;80573;0;433;0;0;0;16;0;416
10.06.2020 00:00:00;Tamsweg;505;20320;0;22;0;0;0;0;0;22
10.06.2020 00:00:00;Zell am See;506;87462;0;362;0;0;0;9;1;353
10.06.2020 00:00:00;Graz(Stadt);601;288806;0;470;7;2,423772;0;40;1;414
10.06.2020 00:00:00;Deutschlandsberg;603;60821;0;49;0;0;0;2;0;47
10.06.2020 00:00:00;Graz-Umgebung;606;154260;0;249;1;0,6482562;0;34;1;215
10.06.2020 00:00:00;Leibnitz;610;82484;0;183;0;0;0;4;0;179
10.06.2020 00:00:00;Leoben;611;60060;0;24;0;0;0;3;0;21
10.06.2020 00:00:00;Liezen;612;79901;0;88;0;0;0;1;0;87
10.06.2020 00:00:00;Murau;614;27659;0;7;0;0;0;0;0;7
10.06.2020 00:00:00;Voitsberg;616;51161;0;106;0;0;0;5;0;101
10.06.2020 00:00:00;Weiz;617;90343;0;200;1;1,106893;0;17;0;174
10.06.2020 00:00:00;Murtal;620;72004;0;32;0;0;0;1;0;31
10.06.2020 00:00:00;Bruck-Mürzzuschlag;621;98984;0;52;0;0;0;3;0;49
10.06.2020 00:00:00;Hartberg-Fürstenfeld;622;90622;0;318;0;0;0;38;0;280
10.06.2020 00:00:00;Südoststeiermark;623;85947;0;63;0;0;0;2;0;61
10.06.2020 00:00:00;Innsbruck-Stadt;701;132110;0;409;1;0,756945;0;6;1;401
10.06.2020 00:00:00;Imst;702;60056;0;294;0;0;0;6;0;288
10.06.2020 00:00:00;Innsbruck-Land;703;179318;0;392;2;1,115337;0;13;0;376
10.06.2020 00:00:00;Kitzbühel;704;63881;0;369;1;1,565411;0;11;0;357
10.06.2020 00:00:00;Kufstein;705;109682;0;524;0;0;0;35;0;489
10.06.2020 00:00:00;Landeck;706;44362;0;992;2;4,508363;0;16;0;974
10.06.2020 00:00:00;Lienz;707;48753;0;153;1;2,051156;0;6;0;146
10.06.2020 00:00:00;Reutte;708;32670;0;57;0;0;0;1;0;56
10.06.2020 00:00:00;Schwaz;709;83873;0;352;0;0;0;14;0;336
10.06.2020 00:00:00;Bludenz;801;63714;0;257;1;1,569514;0;4;0;252
10.06.2020 00:00:00;Bregenz;802;134383;0;278;2;1,488284;0;10;0;262
10.06.2020 00:00:00;Dornbirn;803;89041;0;156;3;3,369234;0;4;1;149
10.06.2020 00:00:00;Feldkirch;804;107159;0;214;0;0;0;1;0;211
10.06.2020 00:00:00;Wien;900;1897491;23;3464;188;9,907821;2;195;27;2957
11.06.2020 00:00:00;Eisenstadt(Stadt);101;14637;0;19;0;0;0;0;0;19
11.06.2020 00:00:00;Rust(Stadt);102;1940;0;0;0;0;0;0;0;0
11.06.2020 00:00:00;Eisenstadt-Umgebung;103;42927;0;23;0;0;0;1;0;22
11.06.2020 00:00:00;Güssing;104;25797;0;23;0;0;0;0;0;24
11.06.2020 00:00:00;Jennersdorf;105;17066;0;10;0;0;0;0;0;10
11.06.2020 00:00:00;Mattersburg;106;39925;0;53;0;0;0;1;0;52
11.06.2020 00:00:00;Neusiedl am See;107;59552;0;56;0;0;0;4;0;52
11.06.2020 00:00:00;Oberpullendorf;108;37513;0;24;0;0;0;1;0;23
11.06.2020 00:00:00;Oberwart;109;54076;0;134;0;0;0;4;0;127
11.06.2020 00:00:00;Klagenfurt Stadt;201;100817;0;91;0;0;0;3;0;88
11.06.2020 00:00:00;Villach Stadt;202;62243;0;23;0;0;0;0;0;23
11.06.2020 00:00:00;Hermagor;203;18224;0;5;0;0;0;0;0;5
11.06.2020 00:00:00;Klagenfurt Land;204;59800;0;42;0;0;0;2;0;40
11.06.2020 00:00:00;Sankt Veit an der Glan;205;54555;0;52;0;0;0;0;0;52
11.06.2020 00:00:00;Spittal an der Drau;206;76091;0;42;0;0;0;1;0;41
11.06.2020 00:00:00;Villach Land;207;64668;0;48;0;0;0;2;0;46
11.06.2020 00:00:00;Völkermarkt;208;41878;0;54;0;0;0;4;0;49
11.06.2020 00:00:00;Wolfsberg;209;52726;0;43;0;0;0;1;0;42
11.06.2020 00:00:00;Feldkirchen;210;29937;0;15;0;0;0;0;0;15
11.06.2020 00:00:00;Krems an der Donau(Stadt);301;24876;0;41;1;4,019939;0;3;0;38
11.06.2020 00:00:00;Sankt Pölten(Stadt);302;55044;0;91;2;3,633457;0;4;0;85
11.06.2020 00:00:00;Waidhofen an der Ybbs(Stadt);303;11261;0;25;0;0;0;3;0;22
11.06.2020 00:00:00;Wiener Neustadt(Stadt);304;45277;0;55;0;0;0;0;0;53
11.06.2020 00:00:00;Amstetten;305;116114;0;300;1;0,8612226;0;16;0;283
11.06.2020 00:00:00;Baden;306;146203;2;175;2;1,367961;0;4;0;169
11.06.2020 00:00:00;Bruck an der Leitha;307;102010;1;114;3;2,940888;0;5;0;105
11.06.2020 00:00:00;Gänserndorf;308;103686;0;100;2;1,928901;0;2;0;94
11.06.2020 00:00:00;Gmünd;309;36773;0;14;0;0;0;0;0;14
11.06.2020 00:00:00;Hollabrunn;310;50858;1;39;2;3,932518;0;0;0;36
11.06.2020 00:00:00;Horn;311;31090;1;65;1;3,216468;0;5;0;59
11.06.2020 00:00:00;Korneuburg;312;90889;0;175;2;2,200486;0;5;0;168
11.06.2020 00:00:00;Krems(Land);313;56596;0;158;0;0;0;8;0;150
11.06.2020 00:00:00;Lilienfeld;314;25812;0;51;5;19,37083;0;5;0;41
11.06.2020 00:00:00;Melk;315;77962;0;172;0;0;0;4;0;168
11.06.2020 00:00:00;Mistelbach;316;75483;0;146;1;1,324802;0;7;1;137
11.06.2020 00:00:00;Mödling;317;118998;1;192;2;1,680701;0;7;0;182
11.06.2020 00:00:00;Neunkirchen;318;86291;0;199;0;0;0;3;0;196
11.06.2020 00:00:00;Sankt Pölten(Land);319;131044;0;270;2;1,526205;0;11;1;257
11.06.2020 00:00:00;Scheibbs;320;41403;0;103;0;0;0;1;0;102
11.06.2020 00:00:00;Tulln;321;103771;0;177;2;1,927321;0;6;0;168
11.06.2020 00:00:00;Waidhofen an der Thaya;322;25888;0;73;0;0;0;2;0;71
11.06.2020 00:00:00;Wiener Neustadt(Land);323;77991;0;86;0;0;0;6;0;79
11.06.2020 00:00:00;Zwettl;325;42222;0;73;0;0;0;2;0;71
11.06.2020 00:00:00;Linz(Stadt);401;205726;0;325;9;4,374751;0;13;1;301
11.06.2020 00:00:00;Steyr(Stadt);402;38193;0;63;1;2,618281;0;2;0;59
11.06.2020 00:00:00;Wels(Stadt);403;61727;0;58;0;0;0;0;0;58
11.06.2020 00:00:00;Braunau am Inn;404;104408;0;133;0;0;0;3;0;128
11.06.2020 00:00:00;Eferding;405;33156;0;53;0;0;0;6;0;47
11.06.2020 00:00:00;Freistadt;406;66621;0;121;0;0;0;6;0;115
11.06.2020 00:00:00;Gmunden;407;101631;0;73;0;0;0;2;0;71
11.06.2020 00:00:00;Grieskirchen;408;64721;0;74;0;0;0;1;0;73
11.06.2020 00:00:00;Kirchdorf an der Krems;409;56866;0;44;0;0;0;1;0;42
11.06.2020 00:00:00;Linz-Land;410;150273;0;215;5;3,327278;0;9;0;202
11.06.2020 00:00:00;Perg;411;68459;0;260;8;11,68583;0;2;0;248
11.06.2020 00:00:00;Ried im Innkreis;412;61204;0;46;0;0;0;0;0;45
11.06.2020 00:00:00;Rohrbach;413;56524;0;154;2;3,53832;0;0;0;152
11.06.2020 00:00:00;Schärding;414;57307;0;58;0;0;0;1;0;57
11.06.2020 00:00:00;Steyr-Land;415;60427;0;182;1;1,654889;0;7;0;173
11.06.2020 00:00:00;Urfahr-Umgebung;416;85505;0;282;0;0;0;5;0;277
11.06.2020 00:00:00;Vöcklabruck;417;136253;0;109;1;0,7339288;0;4;0;103
11.06.2020 00:00:00;Wels-Land;418;73094;0;80;1;1,368101;0;0;0;78
11.06.2020 00:00:00;Salzburg(Stadt);501;154211;0;135;0;0;0;1;0;133
11.06.2020 00:00:00;Hallein;502;60374;0;70;1;1,656342;0;1;0;68
11.06.2020 00:00:00;Salzburg-Umgebung;503;152281;0;201;0;0;0;10;0;190
11.06.2020 00:00:00;Sankt Johann im Pongau;504;80573;0;433;0;0;0;16;0;416
11.06.2020 00:00:00;Tamsweg;505;20320;0;22;0;0;0;0;0;22
11.06.2020 00:00:00;Zell am See;506;87462;0;362;0;0;0;9;0;353
11.06.2020 00:00:00;Graz(Stadt);601;288806;0;470;5;1,731266;0;40;1;415
11.06.2020 00:00:00;Deutschlandsberg;603;60821;0;49;0;0;0;2;0;47
11.06.2020 00:00:00;Graz-Umgebung;606;154260;0;249;0;0;0;34;0;215
11.06.2020 00:00:00;Leibnitz;610;82484;0;183;0;0;0;4;0;179
11.06.2020 00:00:00;Leoben;611;60060;0;24;0;0;0;3;0;21
11.06.2020 00:00:00;Liezen;612;79901;0;88;0;0;0;1;0;87
11.06.2020 00:00:00;Murau;614;27659;0;7;0;0;0;0;0;7
11.06.2020 00:00:00;Voitsberg;616;51161;0;106;0;0;0;5;0;101
11.06.2020 00:00:00;Weiz;617;90343;0;200;1;1,106893;0;17;0;174
11.06.2020 00:00:00;Murtal;620;72004;0;32;0;0;0;1;0;31
11.06.2020 00:00:00;Bruck-Mürzzuschlag;621;98984;0;52;0;0;0;3;0;49
11.06.2020 00:00:00;Hartberg-Fürstenfeld;622;90622;0;318;0;0;0;38;0;280
11.06.2020 00:00:00;Südoststeiermark;623;85947;0;63;0;0;0;2;0;61
11.06.2020 00:00:00;Innsbruck-Stadt;701;132110;0;409;1;0,756945;0;6;0;401
11.06.2020 00:00:00;Imst;702;60056;0;294;0;0;0;6;0;288
11.06.2020 00:00:00;Innsbruck-Land;703;179318;0;392;1;0,5576685;0;13;1;377
11.06.2020 00:00:00;Kitzbühel;704;63881;0;369;1;1,565411;0;11;0;357
11.06.2020 00:00:00;Kufstein;705;109682;0;524;0;0;0;35;0;489
11.06.2020 00:00:00;Landeck;706;44362;0;992;0;0;0;16;0;974
11.06.2020 00:00:00;Lienz;707;48753;0;153;0;0;0;6;0;146
11.06.2020 00:00:00;Reutte;708;32670;0;57;0;0;0;1;0;56
11.06.2020 00:00:00;Schwaz;709;83873;0;352;0;0;0;14;0;336
11.06.2020 00:00:00;Bludenz;801;63714;0;257;1;1,569514;0;4;0;252
11.06.2020 00:00:00;Bregenz;802;134383;0;278;2;1,488284;0;10;1;263
11.06.2020 00:00:00;Dornbirn;803;89041;0;156;3;3,369234;0;4;0;149
11.06.2020 00:00:00;Feldkirch;804;107159;0;214;0;0;0;1;0;211
11.06.2020 00:00:00;Wien;900;1897491;16;3480;163;8,590291;0;195;25;2982
12.06.2020 00:00:00;Eisenstadt(Stadt);101;14637;0;19;0;0;0;0;0;19
12.06.2020 00:00:00;Rust(Stadt);102;1940;0;0;0;0;0;0;0;0
12.06.2020 00:00:00;Eisenstadt-Umgebung;103;42927;0;23;0;0;0;1;0;22
12.06.2020 00:00:00;Güssing;104;25797;0;23;0;0;0;0;0;24
12.06.2020 00:00:00;Jennersdorf;105;17066;0;10;0;0;0;0;0;10
12.06.2020 00:00:00;Mattersburg;106;39925;0;53;0;0;0;1;0;52
12.06.2020 00:00:00;Neusiedl am See;107;59552;0;56;0;0;0;4;0;52
12.06.2020 00:00:00;Oberpullendorf;108;37513;0;24;0;0;0;1;0;23
12.06.2020 00:00:00;Oberwart;109;54076;0;134;0;0;0;4;0;127
12.06.2020 00:00:00;Klagenfurt Stadt;201;100817;0;91;0;0;0;3;0;88
12.06.2020 00:00:00;Villach Stadt;202;62243;0;23;0;0;0;0;0;23
12.06.2020 00:00:00;Hermagor;203;18224;0;5;0;0;0;0;0;5
12.06.2020 00:00:00;Klagenfurt Land;204;59800;0;42;0;0;0;2;0;40
12.06.2020 00:00:00;Sankt Veit an der Glan;205;54555;0;52;0;0;0;0;0;52
12.06.2020 00:00:00;Spittal an der Drau;206;76091;0;42;0;0;0;1;0;41
12.06.2020 00:00:00;Villach Land;207;64668;0;48;0;0;0;2;0;46
12.06.2020 00:00:00;Völkermarkt;208;41878;0;54;0;0;0;4;0;49
12.06.2020 00:00:00;Wolfsberg;209;52726;0;43;0;0;0;1;0;42
12.06.2020 00:00:00;Feldkirchen;210;29937;0;15;0;0;0;0;0;15
12.06.2020 00:00:00;Krems an der Donau(Stadt);301;24876;0;41;1;4,019939;0;3;0;38
12.06.2020 00:00:00;Sankt Pölten(Stadt);302;55044;0;91;2;3,633457;0;4;0;85
12.06.2020 00:00:00;Waidhofen an der Ybbs(Stadt);303;11261;0;25;0;0;0;3;0;22
12.06.2020 00:00:00;Wiener Neustadt(Stadt);304;45277;0;55;0;0;0;0;0;53
12.06.2020 00:00:00;Amstetten;305;116114;0;300;1;0,8612226;0;16;1;284
12.06.2020 00:00:00;Baden;306;146203;5;180;7;4,787863;0;4;0;169
12.06.2020 00:00:00;Bruck an der Leitha;307;102010;1;115;4;3,921184;0;5;0;105
12.06.2020 00:00:00;Gänserndorf;308;103686;1;101;3;2,893351;0;2;0;94
12.06.2020 00:00:00;Gmünd;309;36773;0;14;0;0;0;0;0;14
12.06.2020 00:00:00;Hollabrunn;310;50858;0;39;2;3,932518;0;0;0;36
12.06.2020 00:00:00;Horn;311;31090;0;65;1;3,216468;0;5;0;59
12.06.2020 00:00:00;Korneuburg;312;90889;0;175;1;1,100243;0;5;0;168
12.06.2020 00:00:00;Krems(Land);313;56596;1;159;1;1,766909;0;8;0;150
12.06.2020 00:00:00;Lilienfeld;314;25812;0;51;5;19,37083;0;5;0;41
12.06.2020 00:00:00;Melk;315;77962;1;173;1;1,282676;0;4;0;168
12.06.2020 00:00:00;Mistelbach;316;75483;0;146;1;1,324802;0;7;1;138
12.06.2020 00:00:00;Mödling;317;118998;0;192;2;1,680701;0;7;1;183
12.06.2020 00:00:00;Neunkirchen;318;86291;0;199;0;0;0;3;0;196
12.06.2020 00:00:00;Sankt Pölten(Land);319;131044;1;271;3;2,289307;0;11;0;257
12.06.2020 00:00:00;Scheibbs;320;41403;0;103;0;0;0;1;0;102
12.06.2020 00:00:00;Tulln;321;103771;2;179;2;1,927321;0;6;0;168
12.06.2020 00:00:00;Waidhofen an der Thaya;322;25888;0;73;0;0;0;2;0;71
12.06.2020 00:00:00;Wiener Neustadt(Land);323;77991;0;86;0;0;0;6;0;79
12.06.2020 00:00:00;Zwettl;325;42222;0;73;0;0;0;2;0;71
12.06.2020 00:00:00;Linz(Stadt);401;205726;0;325;9;4,374751;0;13;0;301
12.06.2020 00:00:00;Steyr(Stadt);402;38193;0;63;1;2,618281;0;2;0;59
12.06.2020 00:00:00;Wels(Stadt);403;61727;0;58;0;0;0;0;0;58
12.06.2020 00:00:00;Braunau am Inn;404;104408;0;133;0;0;0;3;0;128
12.06.2020 00:00:00;Eferding;405;33156;0;53;0;0;0;6;0;47
12.06.2020 00:00:00;Freistadt;406;66621;0;121;0;0;0;6;0;115
12.06.2020 00:00:00;Gmunden;407;101631;0;73;0;0;0;2;0;71
12.06.2020 00:00:00;Grieskirchen;408;64721;0;74;0;0;0;1;0;73
12.06.2020 00:00:00;Kirchdorf an der Krems;409;56866;0;44;0;0;0;1;0;42
12.06.2020 00:00:00;Linz-Land;410;150273;1;216;6;3,992733;0;9;0;202
12.06.2020 00:00:00;Perg;411;68459;1;261;9;13,14655;0;2;0;248
12.06.2020 00:00:00;Ried im Innkreis;412;61204;0;46;0;0;0;0;0;45
12.06.2020 00:00:00;Rohrbach;413;56524;0;154;2;3,53832;0;0;0;152
12.06.2020 00:00:00;Schärding;414;57307;0;58;0;0;0;1;0;57
12.06.2020 00:00:00;Steyr-Land;415;60427;0;182;1;1,654889;0;7;0;173
12.06.2020 00:00:00;Urfahr-Umgebung;416;85505;0;282;0;0;0;5;0;277
12.06.2020 00:00:00;Vöcklabruck;417;136253;0;109;1;0,7339288;0;4;0;103
12.06.2020 00:00:00;Wels-Land;418;73094;0;80;1;1,368101;0;0;0;78
12.06.2020 00:00:00;Salzburg(Stadt);501;154211;0;135;0;0;0;1;0;133
12.06.2020 00:00:00;Hallein;502;60374;0;70;1;1,656342;0;1;0;68
12.06.2020 00:00:00;Salzburg-Umgebung;503;152281;0;201;0;0;0;10;0;190
12.06.2020 00:00:00;Sankt Johann im Pongau;504;80573;0;433;0;0;0;16;0;416
12.06.2020 00:00:00;Tamsweg;505;20320;0;22;0;0;0;0;0;22
12.06.2020 00:00:00;Zell am See;506;87462;0;362;0;0;0;9;0;353
12.06.2020 00:00:00;Graz(Stadt);601;288806;0;470;4;1,385013;0;40;0;415
12.06.2020 00:00:00;Deutschlandsberg;603;60821;0;49;0;0;0;2;0;47
12.06.2020 00:00:00;Graz-Umgebung;606;154260;0;249;0;0;0;34;0;215
12.06.2020 00:00:00;Leibnitz;610;82484;0;183;0;0;0;4;0;179
12.06.2020 00:00:00;Leoben;611;60060;0;24;0;0;0;3;0;21
12.06.2020 00:00:00;Liezen;612;79901;0;88;0;0;0;1;0;87
12.06.2020 00:00:00;Murau;614;27659;0;7;0;0;0;0;0;7
12.06.2020 00:00:00;Voitsberg;616;51161;0;106;0;0;0;5;0;101
12.06.2020 00:00:00;Weiz;617;90343;0;200;0;0;0;17;1;175
12.06.2020 00:00:00;Murtal;620;72004;0;32;0;0;0;1;0;31
12.06.2020 00:00:00;Bruck-Mürzzuschlag;621;98984;0;52;0;0;0;3;0;49
12.06.2020 00:00:00;Hartberg-Fürstenfeld;622;90622;0;318;0;0;0;38;0;280
12.06.2020 00:00:00;Südoststeiermark;623;85947;0;63;0;0;0;2;0;61
12.06.2020 00:00:00;Innsbruck-Stadt;701;132110;0;409;0;0;0;6;0;401
12.06.2020 00:00:00;Imst;702;60056;0;294;0;0;0;6;0;288
12.06.2020 00:00:00;Innsbruck-Land;703;179318;0;392;1;0,5576685;0;13;0;377
12.06.2020 00:00:00;Kitzbühel;704;63881;0;369;1;1,565411;0;11;0;357
12.06.2020 00:00:00;Kufstein;705;109682;0;524;0;0;0;35;0;489
12.06.2020 00:00:00;Landeck;706;44362;0;992;0;0;0;16;0;974
12.06.2020 00:00:00;Lienz;707;48753;0;153;0;0;0;6;0;146
12.06.2020 00:00:00;Reutte;708;32670;0;57;0;0;0;1;0;56
12.06.2020 00:00:00;Schwaz;709;83873;0;352;0;0;0;14;0;336
12.06.2020 00:00:00;Bludenz;801;63714;0;257;0;0;0;4;0;252
12.06.2020 00:00:00;Bregenz;802;134383;0;278;0;0;0;10;0;263
12.06.2020 00:00:00;Dornbirn;803;89041;0;156;3;3,369234;0;4;0;149
12.06.2020 00:00:00;Feldkirch;804;107159;0;214;0;0;0;1;1;212
12.06.2020 00:00:00;Wien;900;1897491;23;3503;178;9,380809;0;195;21;3003
13.06.2020 00:00:00;Eisenstadt(Stadt);101;14637;0;19;0;0;0;0;0;19
13.06.2020 00:00:00;Rust(Stadt);102;1940;0;0;0;0;0;0;0;0
13.06.2020 00:00:00;Eisenstadt-Umgebung;103;42927;0;23;0;0;0;1;0;22
13.06.2020 00:00:00;Güssing;104;25797;0;23;0;0;0;0;0;24
13.06.2020 00:00:00;Jennersdorf;105;17066;0;10;0;0;0;0;0;10
13.06.2020 00:00:00;Mattersburg;106;39925;0;53;0;0;0;1;0;52
13.06.2020 00:00:00;Neusiedl am See;107;59552;0;56;0;0;0;4;0;52
13.06.2020 00:00:00;Oberpullendorf;108;37513;0;24;0;0;0;1;0;23
13.06.2020 00:00:00;Oberwart;109;54076;0;134;0;0;0;4;0;127
13.06.2020 00:00:00;Klagenfurt Stadt;201;100817;0;91;0;0;0;3;0;88
13.06.2020 00:00:00;Villach Stadt;202;62243;0;23;0;0;0;0;0;23
13.06.2020 00:00:00;Hermagor;203;18224;0;5;0;0;0;0;0;5
13.06.2020 00:00:00;Klagenfurt Land;204;59800;0;42;0;0;0;2;0;40
13.06.2020 00:00:00;Sankt Veit an der Glan;205;54555;0;52;0;0;0;0;0;52
13.06.2020 00:00:00;Spittal an der Drau;206;76091;0;42;0;0;0;1;0;41
13.06.2020 00:00:00;Villach Land;207;64668;0;48;0;0;0;2;0;46
13.06.2020 00:00:00;Völkermarkt;208;41878;0;54;0;0;0;4;0;49
13.06.2020 00:00:00;Wolfsberg;209;52726;0;43;0;0;0;1;0;42
13.06.2020 00:00:00;Feldkirchen;210;29937;0;15;0;0;0;0;0;15
13.06.2020 00:00:00;Krems an der Donau(Stadt);301;24876;0;41;1;4,019939;0;3;0;38
13.06.2020 00:00:00;Sankt Pölten(Stadt);302;55044;0;91;1;1,816728;0;4;0;85
13.06.2020 00:00:00;Waidhofen an der Ybbs(Stadt);303;11261;0;25;0;0;0;3;0;22
13.06.2020 00:00:00;Wiener Neustadt(Stadt);304;45277;0;55;0;0;0;0;0;53
13.06.2020 00:00:00;Amstetten;305;116114;0;300;0;0;0;16;0;284
13.06.2020 00:00:00;Baden;306;146203;3;183;10;6,839805;0;4;0;169
13.06.2020 00:00:00;Bruck an der Leitha;307;102010;0;115;3;2,940888;0;5;0;105
13.06.2020 00:00:00;Gänserndorf;308;103686;0;101;1;0,9644504;0;2;0;94
13.06.2020 00:00:00;Gmünd;309;36773;0;14;0;0;0;0;0;14
13.06.2020 00:00:00;Hollabrunn;310;50858;0;39;1;1,966259;0;0;0;36
13.06.2020 00:00:00;Horn;311;31090;0;65;1;3,216468;0;5;0;59
13.06.2020 00:00:00;Korneuburg;312;90889;1;176;2;2,200486;0;5;0;168
13.06.2020 00:00:00;Krems(Land);313;56596;0;159;1;1,766909;0;8;0;150
13.06.2020 00:00:00;Lilienfeld;314;25812;0;51;5;19,37083;0;5;0;41
13.06.2020 00:00:00;Melk;315;77962;0;173;1;1,282676;0;4;0;168
13.06.2020 00:00:00;Mistelbach;316;75483;0;146;0;0;0;7;0;138
13.06.2020 00:00:00;Mödling;317;118998;1;193;3;2,521051;0;7;0;183
13.06.2020 00:00:00;Neunkirchen;318;86291;0;199;0;0;0;3;0;196
13.06.2020 00:00:00;Sankt Pölten(Land);319;131044;0;271;3;2,289307;0;11;0;257
13.06.2020 00:00:00;Scheibbs;320;41403;0;103;0;0;0;1;0;102
13.06.2020 00:00:00;Tulln;321;103771;0;179;2;1,927321;0;6;0;168
13.06.2020 00:00:00;Waidhofen an der Thaya;322;25888;0;73;0;0;0;2;0;71
13.06.2020 00:00:00;Wiener Neustadt(Land);323;77991;0;86;0;0;0;6;0;79
13.06.2020 00:00:00;Zwettl;325;42222;0;73;0;0;0;2;0;71
13.06.2020 00:00:00;Linz(Stadt);401;205726;0;325;5;2,430417;0;13;0;301
13.06.2020 00:00:00;Steyr(Stadt);402;38193;0;63;1;2,618281;0;2;0;59
13.06.2020 00:00:00;Wels(Stadt);403;61727;0;58;0;0;0;0;0;58
13.06.2020 00:00:00;Braunau am Inn;404;104408;0;133;0;0;0;3;0;128
13.06.2020 00:00:00;Eferding;405;33156;0;53;0;0;0;6;0;47
13.06.2020 00:00:00;Freistadt;406;66621;0;121;0;0;0;6;0;115
13.06.2020 00:00:00;Gmunden;407;101631;0;73;0;0;0;2;0;71
13.06.2020 00:00:00;Grieskirchen;408;64721;0;74;0;0;0;1;0;73
13.06.2020 00:00:00;Kirchdorf an der Krems;409;56866;0;44;0;0;0;1;0;42
13.06.2020 00:00:00;Linz-Land;410;150273;0;216;5;3,327278;0;9;0;202
13.06.2020 00:00:00;Perg;411;68459;0;261;5;7,303642;0;2;0;248
13.06.2020 00:00:00;Ried im Innkreis;412;61204;0;46;0;0;0;0;0;45
13.06.2020 00:00:00;Rohrbach;413;56524;0;154;2;3,53832;0;0;0;152
13.06.2020 00:00:00;Schärding;414;57307;0;58;0;0;0;1;0;57
13.06.2020 00:00:00;Steyr-Land;415;60427;0;182;1;1,654889;0;7;0;173
13.06.2020 00:00:00;Urfahr-Umgebung;416;85505;0;282;0;0;0;5;0;277
13.06.2020 00:00:00;Vöcklabruck;417;136253;0;109;1;0,7339288;0;4;0;103
13.06.2020 00:00:00;Wels-Land;418;73094;0;80;1;1,368101;0;0;0;78
13.06.2020 00:00:00;Salzburg(Stadt);501;154211;0;135;0;0;0;1;0;133
13.06.2020 00:00:00;Hallein;502;60374;0;70;1;1,656342;0;1;0;68
13.06.2020 00:00:00;Salzburg-Umgebung;503;152281;0;201;0;0;0;10;0;190
13.06.2020 00:00:00;Sankt Johann im Pongau;504;80573;0;433;0;0;0;16;0;416
13.06.2020 00:00:00;Tamsweg;505;20320;0;22;0;0;0;0;0;22
13.06.2020 00:00:00;Zell am See;506;87462;0;362;0;0;0;9;0;353
13.06.2020 00:00:00;Graz(Stadt);601;288806;0;470;1;0,3462532;0;40;3;418
13.06.2020 00:00:00;Deutschlandsberg;603;60821;0;49;0;0;0;2;0;47
13.06.2020 00:00:00;Graz-Umgebung;606;154260;0;249;0;0;0;34;0;215
13.06.2020 00:00:00;Leibnitz;610;82484;0;183;0;0;0;4;0;179
13.06.2020 00:00:00;Leoben;611;60060;0;24;0;0;0;3;0;21
13.06.2020 00:00:00;Liezen;612;79901;0;88;0;0;0;1;0;87
13.06.2020 00:00:00;Murau;614;27659;0;7;0;0;0;0;0;7
13.06.2020 00:00:00;Voitsberg;616;51161;0;106;0;0;0;5;0;101
13.06.2020 00:00:00;Weiz;617;90343;0;200;0;0;0;17;0;175
13.06.2020 00:00:00;Murtal;620;72004;0;32;0;0;0;1;0;31
13.06.2020 00:00:00;Bruck-Mürzzuschlag;621;98984;0;52;0;0;0;3;0;49
13.06.2020 00:00:00;Hartberg-Fürstenfeld;622;90622;0;318;0;0;0;38;0;280
13.06.2020 00:00:00;Südoststeiermark;623;85947;0;63;0;0;0;2;0;61
13.06.2020 00:00:00;Innsbruck-Stadt;701;132110;0;409;0;0;0;6;0;401
13.06.2020 00:00:00;Imst;702;60056;0;294;0;0;0;6;0;288
13.06.2020 00:00:00;Innsbruck-Land;703;179318;0;392;1;0,5576685;0;13;0;377
13.06.2020 00:00:00;Kitzbühel;704;63881;0;369;1;1,565411;0;11;0;357
13.06.2020 00:00:00;Kufstein;705;109682;0;524;0;0;0;35;0;489
13.06.2020 00:00:00;Landeck;706;44362;0;992;0;0;0;16;0;974
13.06.2020 00:00:00;Lienz;707;48753;0;153;0;0;0;6;1;147
13.06.2020 00:00:00;Reutte;708;32670;0;57;0;0;0;1;0;56
13.06.2020 00:00:00;Schwaz;709;83873;0;352;0;0;0;14;0;336
13.06.2020 00:00:00;Bludenz;801;63714;0;257;0;0;0;4;0;252
13.06.2020 00:00:00;Bregenz;802;134383;0;278;0;0;0;10;0;263
13.06.2020 00:00:00;Dornbirn;803;89041;0;156;2;2,246156;0;4;0;149
13.06.2020 00:00:00;Feldkirch;804;107159;0;214;0;0;0;1;0;212
13.06.2020 00:00:00;Wien;900;1897491;17;3520;148;7,799774;1;196;22;3025
14.06.2020 00:00:00;Eisenstadt(Stadt);101;14637;0;19;0;0;0;0;0;19
14.06.2020 00:00:00;Rust(Stadt);102;1940;0;0;0;0;0;0;0;0
14.06.2020 00:00:00;Eisenstadt-Umgebung;103;42927;0;23;0;0;0;1;0;22
14.06.2020 00:00:00;Güssing;104;25797;0;23;0;0;0;0;0;24
14.06.2020 00:00:00;Jennersdorf;105;17066;0;10;0;0;0;0;0;10
14.06.2020 00:00:00;Mattersburg;106;39925;0;53;0;0;0;1;0;52
14.06.2020 00:00:00;Neusiedl am See;107;59552;0;56;0;0;0;4;0;52
14.06.2020 00:00:00;Oberpullendorf;108;37513;0;24;0;0;0;1;0;23
14.06.2020 00:00:00;Oberwart;109;54076;0;134;0;0;0;4;0;127
14.06.2020 00:00:00;Klagenfurt Stadt;201;100817;0;91;0;0;0;3;0;88
14.06.2020 00:00:00;Villach Stadt;202;62243;0;23;0;0;0;0;0;23
14.06.2020 00:00:00;Hermagor;203;18224;0;5;0;0;0;0;0;5
14.06.2020 00:00:00;Klagenfurt Land;204;59800;0;42;0;0;0;2;0;40
14.06.2020 00:00:00;Sankt Veit an der Glan;205;54555;0;52;0;0;0;0;0;52
14.06.2020 00:00:00;Spittal an der Drau;206;76091;0;42;0;0;0;1;0;41
14.06.2020 00:00:00;Villach Land;207;64668;0;48;0;0;0;2;0;46
14.06.2020 00:00:00;Völkermarkt;208;41878;0;54;0;0;0;4;0;49
14.06.2020 00:00:00;Wolfsberg;209;52726;0;43;0;0;0;1;0;42
14.06.2020 00:00:00;Feldkirchen;210;29937;0;15;0;0;0;0;0;15
14.06.2020 00:00:00;Krems an der Donau(Stadt);301;24876;0;41;1;4,019939;0;3;0;38
14.06.2020 00:00:00;Sankt Pölten(Stadt);302;55044;0;91;0;0;0;4;0;85
14.06.2020 00:00:00;Waidhofen an der Ybbs(Stadt);303;11261;0;25;0;0;0;3;0;22
14.06.2020 00:00:00;Wiener Neustadt(Stadt);304;45277;0;55;0;0;0;0;0;53
14.06.2020 00:00:00;Amstetten;305;116114;0;300;0;0;0;16;0;284
14.06.2020 00:00:00;Baden;306;146203;1;184;11;7,523786;0;4;0;169
14.06.2020 00:00:00;Bruck an der Leitha;307;102010;0;115;2;1,960592;0;5;2;107
14.06.2020 00:00:00;Gänserndorf;308;103686;0;101;1;0,9644504;0;2;0;94
14.06.2020 00:00:00;Gmünd;309;36773;0;14;0;0;0;0;0;14
14.06.2020 00:00:00;Hollabrunn;310;50858;0;39;1;1,966259;0;0;0;36
14.06.2020 00:00:00;Horn;311;31090;0;65;1;3,216468;0;5;0;59
14.06.2020 00:00:00;Korneuburg;312;90889;0;176;2;2,200486;0;5;0;168
14.06.2020 00:00:00;Krems(Land);313;56596;0;159;1;1,766909;0;8;0;150
14.06.2020 00:00:00;Lilienfeld;314;25812;0;51;5;19,37083;0;5;0;41
14.06.2020 00:00:00;Melk;315;77962;0;173;1;1,282676;0;4;0;168
14.06.2020 00:00:00;Mistelbach;316;75483;0;146;0;0;0;7;0;138
14.06.2020 00:00:00;Mödling;317;118998;0;193;3;2,521051;0;7;0;183
14.06.2020 00:00:00;Neunkirchen;318;86291;0;199;0;0;0;3;0;196
14.06.2020 00:00:00;Sankt Pölten(Land);319;131044;0;271;3;2,289307;0;11;0;257
14.06.2020 00:00:00;Scheibbs;320;41403;0;103;0;0;0;1;0;102
14.06.2020 00:00:00;Tulln;321;103771;0;179;2;1,927321;0;6;0;168
14.06.2020 00:00:00;Waidhofen an der Thaya;322;25888;0;73;0;0;0;2;0;71
14.06.2020 00:00:00;Wiener Neustadt(Land);323;77991;1;87;1;1,282199;0;6;0;79
14.06.2020 00:00:00;Zwettl;325;42222;0;73;0;0;0;2;0;71
14.06.2020 00:00:00;Linz(Stadt);401;205726;0;325;3;1,45825;0;13;0;301
14.06.2020 00:00:00;Steyr(Stadt);402;38193;0;63;1;2,618281;0;2;0;59
14.06.2020 00:00:00;Wels(Stadt);403;61727;0;58;0;0;0;0;0;58
14.06.2020 00:00:00;Braunau am Inn;404;104408;0;133;0;0;0;3;0;128
14.06.2020 00:00:00;Eferding;405;33156;0;53;0;0;0;6;0;47
14.06.2020 00:00:00;Freistadt;406;66621;0;121;0;0;0;6;0;115
14.06.2020 00:00:00;Gmunden;407;101631;0;73;0;0;0;2;0;71
14.06.2020 00:00:00;Grieskirchen;408;64721;0;74;0;0;0;1;0;73
14.06.2020 00:00:00;Kirchdorf an der Krems;409;56866;0;44;0;0;0;1;0;42
14.06.2020 00:00:00;Linz-Land;410;150273;0;216;4;2,661822;0;9;0;202
14.06.2020 00:00:00;Perg;411;68459;0;261;5;7,303642;0;2;1;249
14.06.2020 00:00:00;Ried im Innkreis;412;61204;0;46;0;0;0;0;0;45
14.06.2020 00:00:00;Rohrbach;413;56524;0;154;2;3,53832;0;0;0;152
14.06.2020 00:00:00;Schärding;414;57307;0;58;0;0;0;1;0;57
14.06.2020 00:00:00;Steyr-Land;415;60427;0;182;1;1,654889;0;7;0;173
14.06.2020 00:00:00;Urfahr-Umgebung;416;85505;0;282;0;0;0;5;0;277
14.06.2020 00:00:00;Vöcklabruck;417;136253;0;109;1;0,7339288;0;4;0;103
14.06.2020 00:00:00;Wels-Land;418;73094;0;80;1;1,368101;0;0;0;78
14.06.2020 00:00:00;Salzburg(Stadt);501;154211;0;135;0;0;0;1;0;133
14.06.2020 00:00:00;Hallein;502;60374;0;70;1;1,656342;0;1;0;68
14.06.2020 00:00:00;Salzburg-Umgebung;503;152281;0;201;0;0;0;10;0;190
14.06.2020 00:00:00;Sankt Johann im Pongau;504;80573;0;433;0;0;0;16;0;416
14.06.2020 00:00:00;Tamsweg;505;20320;0;22;0;0;0;0;0;22
14.06.2020 00:00:00;Zell am See;506;87462;0;362;0;0;0;9;0;353
14.06.2020 00:00:00;Graz(Stadt);601;288806;0;470;1;0,3462532;1;41;0;418
14.06.2020 00:00:00;Deutschlandsberg;603;60821;0;49;0;0;0;2;0;47
14.06.2020 00:00:00;Graz-Umgebung;606;154260;0;249;0;0;0;34;0;215
14.06.2020 00:00:00;Leibnitz;610;82484;0;183;0;0;0;4;0;179
14.06.2020 00:00:00;Leoben;611;60060;0;24;0;0;0;3;0;21
14.06.2020 00:00:00;Liezen;612;79901;0;88;0;0;0;1;0;87
14.06.2020 00:00:00;Murau;614;27659;0;7;0;0;0;0;0;7
14.06.2020 00:00:00;Voitsberg;616;51161;0;106;0;0;0;5;0;101
14.06.2020 00:00:00;Weiz;617;90343;0;200;0;0;0;17;0;175
14.06.2020 00:00:00;Murtal;620;72004;0;32;0;0;0;1;0;31
14.06.2020 00:00:00;Bruck-Mürzzuschlag;621;98984;0;52;0;0;0;3;0;49
14.06.2020 00:00:00;Hartberg-Fürstenfeld;622;90622;0;318;0;0;0;38;0;280
14.06.2020 00:00:00;Südoststeiermark;623;85947;0;63;0;0;0;2;0;61
14.06.2020 00:00:00;Innsbruck-Stadt;701;132110;0;409;0;0;0;6;0;401
14.06.2020 00:00:00;Imst;702;60056;0;294;0;0;0;6;0;288
14.06.2020 00:00:00;Innsbruck-Land;703;179318;0;392;1;0,5576685;0;13;0;377
14.06.2020 00:00:00;Kitzbühel;704;63881;0;369;1;1,565411;0;11;0;357
14.06.2020 00:00:00;Kufstein;705;109682;0;524;0;0;0;35;0;489
14.06.2020 00:00:00;Landeck;706;44362;1;993;1;2,254182;0;16;0;974
14.06.2020 00:00:00;Lienz;707;48753;0;153;0;0;0;6;0;147
14.06.2020 00:00:00;Reutte;708;32670;0;57;0;0;0;1;0;56
14.06.2020 00:00:00;Schwaz;709;83873;0;352;0;0;0;14;0;336
14.06.2020 00:00:00;Bludenz;801;63714;0;257;0;0;0;4;0;252
14.06.2020 00:00:00;Bregenz;802;134383;0;278;0;0;0;10;1;264
14.06.2020 00:00:00;Dornbirn;803;89041;0;156;2;2,246156;0;4;0;149
14.06.2020 00:00:00;Feldkirch;804;107159;0;214;0;0;0;1;0;212
14.06.2020 00:00:00;Wien;900;1897491;14;3534;136;7,167359;2;198;12;3037
15.06.2020 00:00:00;Eisenstadt(Stadt);101;14637;0;19;0;0;0;0;0;19
15.06.2020 00:00:00;Rust(Stadt);102;1940;0;0;0;0;0;0;0;0
15.06.2020 00:00:00;Eisenstadt-Umgebung;103;42927;0;23;0;0;0;1;0;22
15.06.2020 00:00:00;Güssing;104;25797;0;23;0;0;0;0;0;24
15.06.2020 00:00:00;Jennersdorf;105;17066;0;10;0;0;0;0;0;10
15.06.2020 00:00:00;Mattersburg;106;39925;0;53;0;0;0;1;0;52
15.06.2020 00:00:00;Neusiedl am See;107;59552;0;56;0;0;0;4;0;52
15.06.2020 00:00:00;Oberpullendorf;108;37513;0;24;0;0;0;1;0;23
15.06.2020 00:00:00;Oberwart;109;54076;0;134;0;0;0;4;0;127
15.06.2020 00:00:00;Klagenfurt Stadt;201;100817;0;91;0;0;0;3;0;88
15.06.2020 00:00:00;Villach Stadt;202;62243;0;23;0;0;0;0;0;23
15.06.2020 00:00:00;Hermagor;203;18224;0;5;0;0;0;0;0;5
15.06.2020 00:00:00;Klagenfurt Land;204;59800;0;42;0;0;0;2;0;40
15.06.2020 00:00:00;Sankt Veit an der Glan;205;54555;0;52;0;0;0;0;0;52
15.06.2020 00:00:00;Spittal an der Drau;206;76091;0;42;0;0;0;1;0;41
15.06.2020 00:00:00;Villach Land;207;64668;0;48;0;0;0;2;0;46
15.06.2020 00:00:00;Völkermarkt;208;41878;0;54;0;0;0;4;0;49
15.06.2020 00:00:00;Wolfsberg;209;52726;0;43;0;0;0;1;0;42
15.06.2020 00:00:00;Feldkirchen;210;29937;0;15;0;0;0;0;0;15
15.06.2020 00:00:00;Krems an der Donau(Stadt);301;24876;0;41;1;4,019939;0;3;0;38
15.06.2020 00:00:00;Sankt Pölten(Stadt);302;55044;0;91;0;0;0;4;0;85
15.06.2020 00:00:00;Waidhofen an der Ybbs(Stadt);303;11261;0;25;0;0;0;3;0;22
15.06.2020 00:00:00;Wiener Neustadt(Stadt);304;45277;0;55;0;0;0;0;0;53
15.06.2020 00:00:00;Amstetten;305;116114;0;300;0;0;0;16;0;284
15.06.2020 00:00:00;Baden;306;146203;0;184;11;7,523786;0;4;0;169
15.06.2020 00:00:00;Bruck an der Leitha;307;102010;0;115;2;1,960592;0;5;0;107
15.06.2020 00:00:00;Gänserndorf;308;103686;0;101;1;0,9644504;1;3;0;94
15.06.2020 00:00:00;Gmünd;309;36773;0;14;0;0;0;0;0;14
15.06.2020 00:00:00;Hollabrunn;310;50858;0;39;1;1,966259;0;0;1;37
15.06.2020 00:00:00;Horn;311;31090;0;65;1;3,216468;0;5;0;59
15.06.2020 00:00:00;Korneuburg;312;90889;5;181;7;7,701702;0;5;0;168
15.06.2020 00:00:00;Krems(Land);313;56596;0;159;1;1,766909;0;8;1;151
15.06.2020 00:00:00;Lilienfeld;314;25812;0;51;4;15,49667;0;5;0;41
15.06.2020 00:00:00;Melk;315;77962;0;173;1;1,282676;0;4;0;168
15.06.2020 00:00:00;Mistelbach;316;75483;0;146;0;0;0;7;0;138
15.06.2020 00:00:00;Mödling;317;118998;0;193;2;1,680701;0;7;0;183
15.06.2020 00:00:00;Neunkirchen;318;86291;0;199;0;0;0;3;0;196
15.06.2020 00:00:00;Sankt Pölten(Land);319;131044;0;271;3;2,289307;0;11;0;257
15.06.2020 00:00:00;Scheibbs;320;41403;0;103;0;0;0;1;0;102
15.06.2020 00:00:00;Tulln;321;103771;0;179;2;1,927321;0;6;0;168
15.06.2020 00:00:00;Waidhofen an der Thaya;322;25888;0;73;0;0;0;2;0;71
15.06.2020 00:00:00;Wiener Neustadt(Land);323;77991;0;87;1;1,282199;0;6;0;79
15.06.2020 00:00:00;Zwettl;325;42222;0;73;0;0;0;2;0;71
15.06.2020 00:00:00;Linz(Stadt);401;205726;0;325;3;1,45825;0;13;0;301
15.06.2020 00:00:00;Steyr(Stadt);402;38193;0;63;1;2,618281;0;2;0;59
15.06.2020 00:00:00;Wels(Stadt);403;61727;0;58;0;0;0;0;0;58
15.06.2020 00:00:00;Braunau am Inn;404;104408;0;133;0;0;0;3;0;128
15.06.2020 00:00:00;Eferding;405;33156;0;53;0;0;0;6;0;47
15.06.2020 00:00:00;Freistadt;406;66621;0;121;0;0;0;6;0;115
15.06.2020 00:00:00;Gmunden;407;101631;0;73;0;0;0;2;0;71
15.06.2020 00:00:00;Grieskirchen;408;64721;0;74;0;0;0;1;0;73
15.06.2020 00:00:00;Kirchdorf an der Krems;409;56866;0;44;0;0;0;1;0;42
15.06.2020 00:00:00;Linz-Land;410;150273;0;216;4;2,661822;0;9;0;202
15.06.2020 00:00:00;Perg;411;68459;0;261;5;7,303642;0;2;0;249
15.06.2020 00:00:00;Ried im Innkreis;412;61204;0;46;0;0;0;0;0;45
15.06.2020 00:00:00;Rohrbach;413;56524;0;154;2;3,53832;0;0;0;152
15.06.2020 00:00:00;Schärding;414;57307;0;58;0;0;0;1;0;57
15.06.2020 00:00:00;Steyr-Land;415;60427;0;182;0;0;0;7;0;173
15.06.2020 00:00:00;Urfahr-Umgebung;416;85505;0;282;0;0;0;5;0;277
15.06.2020 00:00:00;Vöcklabruck;417;136253;0;109;1;0,7339288;0;4;0;103
15.06.2020 00:00:00;Wels-Land;418;73094;0;80;1;1,368101;0;0;0;78
15.06.2020 00:00:00;Salzburg(Stadt);501;154211;0;135;0;0;0;1;0;133
15.06.2020 00:00:00;Hallein;502;60374;0;70;1;1,656342;0;1;0;68
15.06.2020 00:00:00;Salzburg-Umgebung;503;152281;0;201;0;0;0;10;0;190
15.06.2020 00:00:00;Sankt Johann im Pongau;504;80573;0;433;0;0;0;16;0;416
15.06.2020 00:00:00;Tamsweg;505;20320;0;22;0;0;0;0;0;22
15.06.2020 00:00:00;Zell am See;506;87462;0;362;0;0;0;9;0;353
15.06.2020 00:00:00;Graz(Stadt);601;288806;1;471;2;0,6925064;0;41;0;418
15.06.2020 00:00:00;Deutschlandsberg;603;60821;0;49;0;0;0;2;0;47
15.06.2020 00:00:00;Graz-Umgebung;606;154260;0;249;0;0;0;34;0;215
15.06.2020 00:00:00;Leibnitz;610;82484;0;183;0;0;0;4;0;179
15.06.2020 00:00:00;Leoben;611;60060;0;24;0;0;0;3;0;21
15.06.2020 00:00:00;Liezen;612;79901;0;88;0;0;0;1;0;87
15.06.2020 00:00:00;Murau;614;27659;0;7;0;0;0;0;0;7
15.06.2020 00:00:00;Voitsberg;616;51161;0;106;0;0;0;5;0;101
15.06.2020 00:00:00;Weiz;617;90343;2;202;2;2,213785;0;17;2;177
15.06.2020 00:00:00;Murtal;620;72004;0;32;0;0;0;1;0;31
15.06.2020 00:00:00;Bruck-Mürzzuschlag;621;98984;0;52;0;0;0;3;0;49
15.06.2020 00:00:00;Hartberg-Fürstenfeld;622;90622;0;318;0;0;0;38;0;280
15.06.2020 00:00:00;Südoststeiermark;623;85947;0;63;0;0;0;2;0;61
15.06.2020 00:00:00;Innsbruck-Stadt;701;132110;0;409;0;0;0;6;0;401
15.06.2020 00:00:00;Imst;702;60056;0;294;0;0;0;6;0;288
15.06.2020 00:00:00;Innsbruck-Land;703;179318;0;392;1;0,5576685;0;13;0;377
15.06.2020 00:00:00;Kitzbühel;704;63881;0;369;1;1,565411;0;11;1;358
15.06.2020 00:00:00;Kufstein;705;109682;0;524;0;0;0;35;0;489
15.06.2020 00:00:00;Landeck;706;44362;0;993;1;2,254182;0;16;0;974
15.06.2020 00:00:00;Lienz;707;48753;0;153;0;0;0;6;0;147
15.06.2020 00:00:00;Reutte;708;32670;0;57;0;0;0;1;0;56
15.06.2020 00:00:00;Schwaz;709;83873;0;352;0;0;0;14;0;336
15.06.2020 00:00:00;Bludenz;801;63714;0;257;0;0;0;4;0;252
15.06.2020 00:00:00;Bregenz;802;134383;0;278;0;0;0;10;0;264
15.06.2020 00:00:00;Dornbirn;803;89041;0;156;1;1,123078;0;4;0;149
15.06.2020 00:00:00;Feldkirch;804;107159;0;214;0;0;0;1;0;212
15.06.2020 00:00:00;Wien;900;1897491;45;3579;160;8,432187;4;202;29;3066
16.06.2020 00:00:00;Eisenstadt(Stadt);101;14637;0;19;0;0;0;0;0;19
16.06.2020 00:00:00;Rust(Stadt);102;1940;0;0;0;0;0;0;0;0
16.06.2020 00:00:00;Eisenstadt-Umgebung;103;42927;0;23;0;0;0;1;0;22
16.06.2020 00:00:00;Güssing;104;25797;0;23;0;0;0;0;0;24
16.06.2020 00:00:00;Jennersdorf;105;17066;0;10;0;0;0;0;0;10
16.06.2020 00:00:00;Mattersburg;106;39925;0;53;0;0;0;1;0;52
16.06.2020 00:00:00;Neusiedl am See;107;59552;0;56;0;0;0;4;0;52
16.06.2020 00:00:00;Oberpullendorf;108;37513;0;24;0;0;0;1;0;23
16.06.2020 00:00:00;Oberwart;109;54076;0;134;0;0;0;4;0;127
16.06.2020 00:00:00;Klagenfurt Stadt;201;100817;0;91;0;0;0;3;0;88
16.06.2020 00:00:00;Villach Stadt;202;62243;0;23;0;0;0;0;0;23
16.06.2020 00:00:00;Hermagor;203;18224;0;5;0;0;0;0;0;5
16.06.2020 00:00:00;Klagenfurt Land;204;59800;0;42;0;0;0;2;0;40
16.06.2020 00:00:00;Sankt Veit an der Glan;205;54555;0;52;0;0;0;0;0;52
16.06.2020 00:00:00;Spittal an der Drau;206;76091;0;42;0;0;0;1;0;41
16.06.2020 00:00:00;Villach Land;207;64668;0;48;0;0;0;2;0;46
16.06.2020 00:00:00;Völkermarkt;208;41878;0;54;0;0;0;4;1;50
16.06.2020 00:00:00;Wolfsberg;209;52726;0;43;0;0;0;1;0;42
16.06.2020 00:00:00;Feldkirchen;210;29937;0;15;0;0;0;0;0;15
16.06.2020 00:00:00;Krems an der Donau(Stadt);301;24876;0;41;0;0;0;3;0;38
16.06.2020 00:00:00;Sankt Pölten(Stadt);302;55044;0;91;0;0;0;4;0;85
16.06.2020 00:00:00;Waidhofen an der Ybbs(Stadt);303;11261;0;25;0;0;0;3;0;22
16.06.2020 00:00:00;Wiener Neustadt(Stadt);304;45277;0;55;0;0;0;0;0;53
16.06.2020 00:00:00;Amstetten;305;116114;0;300;0;0;0;16;0;284
16.06.2020 00:00:00;Baden;306;146203;3;187;14;9,575727;0;4;0;169
16.06.2020 00:00:00;Bruck an der Leitha;307;102010;0;115;2;1,960592;0;5;0;107
16.06.2020 00:00:00;Gänserndorf;308;103686;0;101;1;0,9644504;0;3;0;94
16.06.2020 00:00:00;Gmünd;309;36773;0;14;0;0;0;0;0;14
16.06.2020 00:00:00;Hollabrunn;310;50858;0;39;1;1,966259;0;0;0;37
16.06.2020 00:00:00;Horn;311;31090;0;65;1;3,216468;0;5;0;59
16.06.2020 00:00:00;Korneuburg;312;90889;0;181;6;6,601459;0;5;0;168
16.06.2020 00:00:00;Krems(Land);313;56596;1;160;2;3,533819;0;8;0;151
16.06.2020 00:00:00;Lilienfeld;314;25812;0;51;0;0;0;5;0;41
16.06.2020 00:00:00;Melk;315;77962;0;173;1;1,282676;0;4;0;168
16.06.2020 00:00:00;Mistelbach;316;75483;0;146;0;0;0;7;0;138
16.06.2020 00:00:00;Mödling;317;118998;0;193;2;1,680701;0;7;0;183
16.06.2020 00:00:00;Neunkirchen;318;86291;0;199;0;0;0;3;0;196
16.06.2020 00:00:00;Sankt Pölten(Land);319;131044;0;271;3;2,289307;0;11;0;257
16.06.2020 00:00:00;Scheibbs;320;41403;0;103;0;0;0;1;0;102
16.06.2020 00:00:00;Tulln;321;103771;0;179;2;1,927321;0;6;1;169
16.06.2020 00:00:00;Waidhofen an der Thaya;322;25888;0;73;0;0;0;2;0;71
16.06.2020 00:00:00;Wiener Neustadt(Land);323;77991;1;88;2;2,564399;0;6;0;79
16.06.2020 00:00:00;Zwettl;325;42222;0;73;0;0;0;2;0;71
16.06.2020 00:00:00;Linz(Stadt);401;205726;1;326;4;1,944334;0;13;3;304
16.06.2020 00:00:00;Steyr(Stadt);402;38193;0;63;1;2,618281;0;2;0;59
16.06.2020 00:00:00;Wels(Stadt);403;61727;0;58;0;0;0;0;0;58
16.06.2020 00:00:00;Braunau am Inn;404;104408;0;133;0;0;0;3;0;128
16.06.2020 00:00:00;Eferding;405;33156;0;53;0;0;0;6;0;47
16.06.2020 00:00:00;Freistadt;406;66621;0;121;0;0;0;6;0;115
16.06.2020 00:00:00;Gmunden;407;101631;0;73;0;0;0;2;0;71
16.06.2020 00:00:00;Grieskirchen;408;64721;0;74;0;0;0;1;0;73
16.06.2020 00:00:00;Kirchdorf an der Krems;409;56866;0;44;0;0;0;1;0;42
16.06.2020 00:00:00;Linz-Land;410;150273;0;216;4;2,661822;0;9;0;202
16.06.2020 00:00:00;Perg;411;68459;0;261;5;7,303642;0;2;0;249
16.06.2020 00:00:00;Ried im Innkreis;412;61204;0;46;0;0;0;0;0;45
16.06.2020 00:00:00;Rohrbach;413;56524;0;154;2;3,53832;0;0;0;152
16.06.2020 00:00:00;Schärding;414;57307;0;58;0;0;0;1;0;57
16.06.2020 00:00:00;Steyr-Land;415;60427;0;182;0;0;0;7;0;173
16.06.2020 00:00:00;Urfahr-Umgebung;416;85505;0;282;0;0;0;5;0;277
16.06.2020 00:00:00;Vöcklabruck;417;136253;0;109;1;0,7339288;0;4;0;103
16.06.2020 00:00:00;Wels-Land;418;73094;0;80;0;0;0;0;0;78
16.06.2020 00:00:00;Salzburg(Stadt);501;154211;0;135;0;0;0;1;0;133
16.06.2020 00:00:00;Hallein;502;60374;1;71;2;3,312684;0;1;1;69
16.06.2020 00:00:00;Salzburg-Umgebung;503;152281;1;202;1;0,6566808;0;10;0;190
16.06.2020 00:00:00;Sankt Johann im Pongau;504;80573;0;433;0;0;0;16;0;416
16.06.2020 00:00:00;Tamsweg;505;20320;0;22;0;0;0;0;0;22
16.06.2020 00:00:00;Zell am See;506;87462;0;362;0;0;0;9;0;353
16.06.2020 00:00:00;Graz(Stadt);601;288806;0;471;2;0,6925064;0;41;0;418
16.06.2020 00:00:00;Deutschlandsberg;603;60821;0;49;0;0;0;2;0;47
16.06.2020 00:00:00;Graz-Umgebung;606;154260;0;249;0;0;0;34;0;215
16.06.2020 00:00:00;Leibnitz;610;82484;0;183;0;0;0;4;0;179
16.06.2020 00:00:00;Leoben;611;60060;0;24;0;0;0;3;0;21
16.06.2020 00:00:00;Liezen;612;79901;0;88;0;0;0;1;0;87
16.06.2020 00:00:00;Murau;614;27659;0;7;0;0;0;0;0;7
16.06.2020 00:00:00;Voitsberg;616;51161;0;106;0;0;0;5;0;101
16.06.2020 00:00:00;Weiz;617;90343;0;202;2;2,213785;0;17;0;177
16.06.2020 00:00:00;Murtal;620;72004;0;32;0;0;0;1;0;31
16.06.2020 00:00:00;Bruck-Mürzzuschlag;621;98984;0;52;0;0;0;3;0;49
16.06.2020 00:00:00;Hartberg-Fürstenfeld;622;90622;0;318;0;0;0;38;0;280
16.06.2020 00:00:00;Südoststeiermark;623;85947;0;63;0;0;0;2;0;61
16.06.2020 00:00:00;Innsbruck-Stadt;701;132110;0;409;0;0;0;6;0;401
16.06.2020 00:00:00;Imst;702;60056;0;294;0;0;0;6;0;288
16.06.2020 00:00:00;Innsbruck-Land;703;179318;0;392;0;0;0;13;0;377
16.06.2020 00:00:00;Kitzbühel;704;63881;0;369;1;1,565411;0;11;0;358
16.06.2020 00:00:00;Kufstein;705;109682;0;524;0;0;0;35;0;489
16.06.2020 00:00:00;Landeck;706;44362;0;993;1;2,254182;0;16;0;974
16.06.2020 00:00:00;Lienz;707;48753;0;153;0;0;0;6;0;147
16.06.2020 00:00:00;Reutte;708;32670;0;57;0;0;0;1;0;56
16.06.2020 00:00:00;Schwaz;709;83873;0;352;0;0;0;14;0;336
16.06.2020 00:00:00;Bludenz;801;63714;0;257;0;0;0;4;0;252
16.06.2020 00:00:00;Bregenz;802;134383;0;278;0;0;0;10;0;264
16.06.2020 00:00:00;Dornbirn;803;89041;0;156;1;1,123078;0;4;0;149
16.06.2020 00:00:00;Feldkirch;804;107159;0;214;0;0;0;1;0;212
16.06.2020 00:00:00;Wien;900;1897491;11;3590;155;8,168682;2;204;15;3081
17.06.2020 00:00:00;Eisenstadt(Stadt);101;14637;0;19;0;0;0;0;0;19
17.06.2020 00:00:00;Rust(Stadt);102;1940;0;0;0;0;0;0;0;0
17.06.2020 00:00:00;Eisenstadt-Umgebung;103;42927;0;23;0;0;0;1;0;22
17.06.2020 00:00:00;Güssing;104;25797;0;23;0;0;0;0;0;24
17.06.2020 00:00:00;Jennersdorf;105;17066;0;10;0;0;0;0;0;10
17.06.2020 00:00:00;Mattersburg;106;39925;1;54;1;2,504696;0;1;0;52
17.06.2020 00:00:00;Neusiedl am See;107;59552;0;56;0;0;0;4;0;52
17.06.2020 00:00:00;Oberpullendorf;108;37513;0;24;0;0;0;1;0;23
17.06.2020 00:00:00;Oberwart;109;54076;0;134;0;0;0;4;0;127
17.06.2020 00:00:00;Klagenfurt Stadt;201;100817;0;91;0;0;0;3;0;88
17.06.2020 00:00:00;Villach Stadt;202;62243;0;23;0;0;0;0;0;23
17.06.2020 00:00:00;Hermagor;203;18224;0;5;0;0;0;0;0;5
17.06.2020 00:00:00;Klagenfurt Land;204;59800;0;42;0;0;0;2;0;40
17.06.2020 00:00:00;Sankt Veit an der Glan;205;54555;0;52;0;0;0;0;0;52
17.06.2020 00:00:00;Spittal an der Drau;206;76091;0;42;0;0;0;1;0;41
17.06.2020 00:00:00;Villach Land;207;64668;0;48;0;0;0;2;0;46
17.06.2020 00:00:00;Völkermarkt;208;41878;0;54;0;0;0;4;0;50
17.06.2020 00:00:00;Wolfsberg;209;52726;0;43;0;0;0;1;0;42
17.06.2020 00:00:00;Feldkirchen;210;29937;0;15;0;0;0;0;0;15
17.06.2020 00:00:00;Krems an der Donau(Stadt);301;24876;0;41;0;0;0;3;0;38
17.06.2020 00:00:00;Sankt Pölten(Stadt);302;55044;0;91;0;0;0;4;0;85
17.06.2020 00:00:00;Waidhofen an der Ybbs(Stadt);303;11261;0;25;0;0;0;3;0;22
17.06.2020 00:00:00;Wiener Neustadt(Stadt);304;45277;1;56;1;2,208627;0;0;1;54
17.06.2020 00:00:00;Amstetten;305;116114;0;300;0;0;0;16;0;284
17.06.2020 00:00:00;Baden;306;146203;0;187;14;9,575727;0;4;0;169
17.06.2020 00:00:00;Bruck an der Leitha;307;102010;0;115;2;1,960592;0;5;0;107
17.06.2020 00:00:00;Gänserndorf;308;103686;0;101;1;0,9644504;0;3;0;94
17.06.2020 00:00:00;Gmünd;309;36773;0;14;0;0;0;0;0;14
17.06.2020 00:00:00;Hollabrunn;310;50858;0;39;1;1,966259;0;0;1;38
17.06.2020 00:00:00;Horn;311;31090;0;65;1;3,216468;0;5;0;59
17.06.2020 00:00:00;Korneuburg;312;90889;0;181;6;6,601459;0;5;0;168
17.06.2020 00:00:00;Krems(Land);313;56596;0;160;2;3,533819;0;8;0;151
17.06.2020 00:00:00;Lilienfeld;314;25812;0;51;0;0;0;5;0;41
17.06.2020 00:00:00;Melk;315;77962;0;173;1;1,282676;0;4;0;168
17.06.2020 00:00:00;Mistelbach;316;75483;0;146;0;0;0;7;1;139
17.06.2020 00:00:00;Mödling;317;118998;0;193;2;1,680701;0;7;0;183
17.06.2020 00:00:00;Neunkirchen;318;86291;0;199;0;0;0;3;0;196
17.06.2020 00:00:00;Sankt Pölten(Land);319;131044;1;272;4;3,05241;0;11;0;257
17.06.2020 00:00:00;Scheibbs;320;41403;0;103;0;0;0;1;0;102
17.06.2020 00:00:00;Tulln;321;103771;0;179;2;1,927321;0;6;0;169
17.06.2020 00:00:00;Waidhofen an der Thaya;322;25888;0;73;0;0;0;2;0;71
17.06.2020 00:00:00;Wiener Neustadt(Land);323;77991;0;88;2;2,564399;0;6;0;79
17.06.2020 00:00:00;Zwettl;325;42222;0;73;0;0;0;2;0;71
17.06.2020 00:00:00;Linz(Stadt);401;205726;1;327;4;1,944334;0;13;0;304
17.06.2020 00:00:00;Steyr(Stadt);402;38193;0;63;0;0;0;2;1;60
17.06.2020 00:00:00;Wels(Stadt);403;61727;0;58;0;0;0;0;0;58
17.06.2020 00:00:00;Braunau am Inn;404;104408;0;133;0;0;0;3;0;128
17.06.2020 00:00:00;Eferding;405;33156;0;53;0;0;0;6;0;47
17.06.2020 00:00:00;Freistadt;406;66621;0;121;0;0;0;6;0;115
17.06.2020 00:00:00;Gmunden;407;101631;0;73;0;0;0;2;0;71
17.06.2020 00:00:00;Grieskirchen;408;64721;0;74;0;0;0;1;0;73
17.06.2020 00:00:00;Kirchdorf an der Krems;409;56866;0;44;0;0;0;1;1;43
17.06.2020 00:00:00;Linz-Land;410;150273;0;216;3;1,996367;0;9;0;202
17.06.2020 00:00:00;Perg;411;68459;0;261;4;5,842913;0;2;0;249
17.06.2020 00:00:00;Ried im Innkreis;412;61204;0;46;0;0;0;0;0;45
17.06.2020 00:00:00;Rohrbach;413;56524;0;154;1;1,76916;0;0;0;152
17.06.2020 00:00:00;Schärding;414;57307;0;58;0;0;0;1;0;57
17.06.2020 00:00:00;Steyr-Land;415;60427;0;182;0;0;0;7;0;173
17.06.2020 00:00:00;Urfahr-Umgebung;416;85505;0;282;0;0;0;5;0;277
17.06.2020 00:00:00;Vöcklabruck;417;136253;0;109;1;0,7339288;0;4;0;103
17.06.2020 00:00:00;Wels-Land;418;73094;0;80;0;0;0;0;0;78
17.06.2020 00:00:00;Salzburg(Stadt);501;154211;1;136;1;0,6484622;0;1;0;133
17.06.2020 00:00:00;Hallein;502;60374;0;71;1;1,656342;0;1;0;69
17.06.2020 00:00:00;Salzburg-Umgebung;503;152281;0;202;1;0,6566808;0;10;0;190
17.06.2020 00:00:00;Sankt Johann im Pongau;504;80573;0;433;0;0;0;16;0;416
17.06.2020 00:00:00;Tamsweg;505;20320;0;22;0;0;0;0;0;22
17.06.2020 00:00:00;Zell am See;506;87462;0;362;0;0;0;9;0;353
17.06.2020 00:00:00;Graz(Stadt);601;288806;2;473;3;1,03876;0;41;1;419
17.06.2020 00:00:00;Deutschlandsberg;603;60821;0;49;0;0;0;2;0;47
17.06.2020 00:00:00;Graz-Umgebung;606;154260;0;249;0;0;0;34;0;215
17.06.2020 00:00:00;Leibnitz;610;82484;0;183;0;0;0;4;0;179
17.06.2020 00:00:00;Leoben;611;60060;0;24;0;0;0;3;0;21
17.06.2020 00:00:00;Liezen;612;79901;0;88;0;0;0;1;0;87
17.06.2020 00:00:00;Murau;614;27659;0;7;0;0;0;0;0;7
17.06.2020 00:00:00;Voitsberg;616;51161;0;106;0;0;0;5;0;101
17.06.2020 00:00:00;Weiz;617;90343;0;202;2;2,213785;0;17;0;177
17.06.2020 00:00:00;Murtal;620;72004;0;32;0;0;0;1;0;31
17.06.2020 00:00:00;Bruck-Mürzzuschlag;621;98984;0;52;0;0;0;3;0;49
17.06.2020 00:00:00;Hartberg-Fürstenfeld;622;90622;0;318;0;0;0;38;0;280
17.06.2020 00:00:00;Südoststeiermark;623;85947;0;63;0;0;0;2;0;61
17.06.2020 00:00:00;Innsbruck-Stadt;701;132110;0;409;0;0;0;6;0;401
17.06.2020 00:00:00;Imst;702;60056;0;294;0;0;0;6;0;288
17.06.2020 00:00:00;Innsbruck-Land;703;179318;0;392;0;0;0;13;1;378
17.06.2020 00:00:00;Kitzbühel;704;63881;0;369;0;0;0;11;0;358
17.06.2020 00:00:00;Kufstein;705;109682;0;524;0;0;0;35;0;489
17.06.2020 00:00:00;Landeck;706;44362;0;993;1;2,254182;0;16;0;974
17.06.2020 00:00:00;Lienz;707;48753;0;153;0;0;0;6;0;147
17.06.2020 00:00:00;Reutte;708;32670;0;57;0;0;0;1;0;56
17.06.2020 00:00:00;Schwaz;709;83873;0;352;0;0;0;14;0;336
17.06.2020 00:00:00;Bludenz;801;63714;0;257;0;0;0;4;0;252
17.06.2020 00:00:00;Bregenz;802;134383;0;278;0;0;0;10;2;266
17.06.2020 00:00:00;Dornbirn;803;89041;0;156;0;0;0;4;0;149
17.06.2020 00:00:00;Feldkirch;804;107159;0;214;0;0;0;1;0;212
17.06.2020 00:00:00;Wien;900;1897491;24;3614;173;9,117303;1;205;29;3110
18.06.2020 00:00:00;Eisenstadt(Stadt);101;14637;0;19;0;0;0;0;0;19
18.06.2020 00:00:00;Rust(Stadt);102;1940;0;0;0;0;0;0;0;0
18.06.2020 00:00:00;Eisenstadt-Umgebung;103;42927;0;23;0;0;0;1;0;22
18.06.2020 00:00:00;Güssing;104;25797;0;23;0;0;0;0;0;24
18.06.2020 00:00:00;Jennersdorf;105;17066;0;10;0;0;0;0;0;10
18.06.2020 00:00:00;Mattersburg;106;39925;0;54;1;2,504696;0;1;0;52
18.06.2020 00:00:00;Neusiedl am See;107;59552;0;56;0;0;0;4;0;52
18.06.2020 00:00:00;Oberpullendorf;108;37513;0;24;0;0;0;1;0;23
18.06.2020 00:00:00;Oberwart;109;54076;0;134;0;0;0;4;0;127
18.06.2020 00:00:00;Klagenfurt Stadt;201;100817;0;91;0;0;0;3;0;88
18.06.2020 00:00:00;Villach Stadt;202;62243;0;23;0;0;0;0;0;23
18.06.2020 00:00:00;Hermagor;203;18224;0;5;0;0;0;0;0;5
18.06.2020 00:00:00;Klagenfurt Land;204;59800;0;42;0;0;0;2;0;40
18.06.2020 00:00:00;Sankt Veit an der Glan;205;54555;0;52;0;0;0;0;0;52
18.06.2020 00:00:00;Spittal an der Drau;206;76091;0;42;0;0;0;1;0;41
18.06.2020 00:00:00;Villach Land;207;64668;0;48;0;0;0;2;0;46
18.06.2020 00:00:00;Völkermarkt;208;41878;0;54;0;0;0;4;0;50
18.06.2020 00:00:00;Wolfsberg;209;52726;0;43;0;0;0;1;0;42
18.06.2020 00:00:00;Feldkirchen;210;29937;0;15;0;0;0;0;0;15
18.06.2020 00:00:00;Krems an der Donau(Stadt);301;24876;0;41;0;0;0;3;0;38
18.06.2020 00:00:00;Sankt Pölten(Stadt);302;55044;1;92;1;1,816728;0;4;0;85
18.06.2020 00:00:00;Waidhofen an der Ybbs(Stadt);303;11261;0;25;0;0;0;3;0;22
18.06.2020 00:00:00;Wiener Neustadt(Stadt);304;45277;0;56;1;2,208627;0;0;0;54
18.06.2020 00:00:00;Amstetten;305;116114;0;300;0;0;0;16;0;284
18.06.2020 00:00:00;Baden;306;146203;2;189;16;10,94369;0;4;0;169
18.06.2020 00:00:00;Bruck an der Leitha;307;102010;0;115;2;1,960592;0;5;0;107
18.06.2020 00:00:00;Gänserndorf;308;103686;1;102;2;1,928901;0;3;0;94
18.06.2020 00:00:00;Gmünd;309;36773;0;14;0;0;0;0;0;14
18.06.2020 00:00:00;Hollabrunn;310;50858;0;39;1;1,966259;0;0;0;38
18.06.2020 00:00:00;Horn;311;31090;0;65;1;3,216468;0;5;0;59
18.06.2020 00:00:00;Korneuburg;312;90889;0;181;6;6,601459;0;5;1;169
18.06.2020 00:00:00;Krems(Land);313;56596;0;160;2;3,533819;0;8;0;151
18.06.2020 00:00:00;Lilienfeld;314;25812;0;51;0;0;0;5;0;41
18.06.2020 00:00:00;Melk;315;77962;0;173;1;1,282676;0;4;0;168
18.06.2020 00:00:00;Mistelbach;316;75483;0;146;0;0;0;7;0;139
18.06.2020 00:00:00;Mödling;317;118998;0;193;2;1,680701;0;7;0;183
18.06.2020 00:00:00;Neunkirchen;318;86291;1;200;1;1,158869;0;3;0;196
18.06.2020 00:00:00;Sankt Pölten(Land);319;131044;1;273;3;2,289307;0;11;0;257
18.06.2020 00:00:00;Scheibbs;320;41403;0;103;0;0;0;1;0;102
18.06.2020 00:00:00;Tulln;321;103771;0;179;2;1,927321;0;6;0;169
18.06.2020 00:00:00;Waidhofen an der Thaya;322;25888;0;73;0;0;0;2;0;71
18.06.2020 00:00:00;Wiener Neustadt(Land);323;77991;0;88;2;2,564399;0;6;0;79
18.06.2020 00:00:00;Zwettl;325;42222;0;73;0;0;0;2;0;71
18.06.2020 00:00:00;Linz(Stadt);401;205726;2;329;4;1,944334;0;13;0;304
18.06.2020 00:00:00;Steyr(Stadt);402;38193;0;63;0;0;0;2;0;60
18.06.2020 00:00:00;Wels(Stadt);403;61727;0;58;0;0;0;0;0;58
18.06.2020 00:00:00;Braunau am Inn;404;104408;0;133;0;0;0;3;1;129
18.06.2020 00:00:00;Eferding;405;33156;1;54;1;3,016045;0;6;0;47
18.06.2020 00:00:00;Freistadt;406;66621;0;121;0;0;0;6;0;115
18.06.2020 00:00:00;Gmunden;407;101631;0;73;0;0;0;2;0;71
18.06.2020 00:00:00;Grieskirchen;408;64721;0;74;0;0;0;1;0;73
18.06.2020 00:00:00;Kirchdorf an der Krems;409;56866;0;44;0;0;0;1;0;43
18.06.2020 00:00:00;Linz-Land;410;150273;0;216;1;0,6654555;0;9;2;204
18.06.2020 00:00:00;Perg;411;68459;0;261;1;1,460728;0;2;0;249
18.06.2020 00:00:00;Ried im Innkreis;412;61204;0;46;0;0;0;0;0;45
18.06.2020 00:00:00;Rohrbach;413;56524;0;154;0;0;0;0;0;152
18.06.2020 00:00:00;Schärding;414;57307;0;58;0;0;0;1;0;57
18.06.2020 00:00:00;Steyr-Land;415;60427;0;182;0;0;0;7;0;173
18.06.2020 00:00:00;Urfahr-Umgebung;416;85505;0;282;0;0;0;5;0;277
18.06.2020 00:00:00;Vöcklabruck;417;136253;0;109;0;0;0;4;0;103
18.06.2020 00:00:00;Wels-Land;418;73094;0;80;0;0;0;0;0;78
18.06.2020 00:00:00;Salzburg(Stadt);501;154211;2;138;3;1,945387;0;1;0;133
18.06.2020 00:00:00;Hallein;502;60374;1;72;2;3,312684;0;1;0;69
18.06.2020 00:00:00;Salzburg-Umgebung;503;152281;1;203;2;1,313362;0;10;0;190
18.06.2020 00:00:00;Sankt Johann im Pongau;504;80573;0;433;0;0;0;16;0;416
18.06.2020 00:00:00;Tamsweg;505;20320;0;22;0;0;0;0;0;22
18.06.2020 00:00:00;Zell am See;506;87462;0;362;0;0;0;9;0;353
18.06.2020 00:00:00;Graz(Stadt);601;288806;0;473;3;1,03876;0;41;0;419
18.06.2020 00:00:00;Deutschlandsberg;603;60821;0;49;0;0;0;2;0;47
18.06.2020 00:00:00;Graz-Umgebung;606;154260;0;249;0;0;0;34;0;215
18.06.2020 00:00:00;Leibnitz;610;82484;0;183;0;0;0;4;0;179
18.06.2020 00:00:00;Leoben;611;60060;0;24;0;0;0;3;0;21
18.06.2020 00:00:00;Liezen;612;79901;0;88;0;0;0;1;0;87
18.06.2020 00:00:00;Murau;614;27659;0;7;0;0;0;0;0;7
18.06.2020 00:00:00;Voitsberg;616;51161;0;106;0;0;0;5;0;101
18.06.2020 00:00:00;Weiz;617;90343;0;202;2;2,213785;0;17;0;177
18.06.2020 00:00:00;Murtal;620;72004;0;32;0;0;0;1;0;31
18.06.2020 00:00:00;Bruck-Mürzzuschlag;621;98984;0;52;0;0;0;3;0;49
18.06.2020 00:00:00;Hartberg-Fürstenfeld;622;90622;0;318;0;0;0;38;0;280
18.06.2020 00:00:00;Südoststeiermark;623;85947;0;63;0;0;0;2;0;61
18.06.2020 00:00:00;Innsbruck-Stadt;701;132110;0;409;0;0;0;6;0;401
18.06.2020 00:00:00;Imst;702;60056;0;294;0;0;0;6;0;288
18.06.2020 00:00:00;Innsbruck-Land;703;179318;0;392;0;0;0;13;0;378
18.06.2020 00:00:00;Kitzbühel;704;63881;0;369;0;0;0;11;0;358
18.06.2020 00:00:00;Kufstein;705;109682;0;524;0;0;0;35;0;489
18.06.2020 00:00:00;Landeck;706;44362;0;993;1;2,254182;0;16;1;975
18.06.2020 00:00:00;Lienz;707;48753;0;153;0;0;0;6;0;147
18.06.2020 00:00:00;Reutte;708;32670;0;57;0;0;0;1;0;56
18.06.2020 00:00:00;Schwaz;709;83873;0;352;0;0;0;14;0;336
18.06.2020 00:00:00;Bludenz;801;63714;0;257;0;0;0;4;1;253
18.06.2020 00:00:00;Bregenz;802;134383;0;278;0;0;0;10;0;266
18.06.2020 00:00:00;Dornbirn;803;89041;1;157;1;1,123078;0;4;0;149
18.06.2020 00:00:00;Feldkirch;804;107159;0;214;0;0;0;1;0;212
18.06.2020 00:00:00;Wien;900;1897491;18;3632;168;8,853797;0;205;25;3135
19.06.2020 00:00:00;Eisenstadt(Stadt);101;14637;0;19;0;0;0;0;0;19
19.06.2020 00:00:00;Rust(Stadt);102;1940;0;0;0;0;0;0;0;0
19.06.2020 00:00:00;Eisenstadt-Umgebung;103;42927;0;23;0;0;0;1;0;22
19.06.2020 00:00:00;Güssing;104;25797;0;23;0;0;0;0;0;24
19.06.2020 00:00:00;Jennersdorf;105;17066;0;10;0;0;0;0;0;10
19.06.2020 00:00:00;Mattersburg;106;39925;1;55;2;5,009393;0;1;0;52
19.06.2020 00:00:00;Neusiedl am See;107;59552;0;56;0;0;0;4;0;52
19.06.2020 00:00:00;Oberpullendorf;108;37513;1;25;1;2,665743;0;1;0;23
19.06.2020 00:00:00;Oberwart;109;54076;0;134;0;0;0;4;0;127
19.06.2020 00:00:00;Klagenfurt Stadt;201;100817;0;91;0;0;0;3;0;88
19.06.2020 00:00:00;Villach Stadt;202;62243;0;23;0;0;0;0;0;23
19.06.2020 00:00:00;Hermagor;203;18224;0;5;0;0;0;0;0;5
19.06.2020 00:00:00;Klagenfurt Land;204;59800;1;43;1;1,672241;0;2;0;40
19.06.2020 00:00:00;Sankt Veit an der Glan;205;54555;0;52;0;0;0;0;0;52
19.06.2020 00:00:00;Spittal an der Drau;206;76091;0;42;0;0;0;1;0;41
19.06.2020 00:00:00;Villach Land;207;64668;0;48;0;0;0;2;0;46
19.06.2020 00:00:00;Völkermarkt;208;41878;0;54;0;0;0;4;0;50
19.06.2020 00:00:00;Wolfsberg;209;52726;2;45;2;3,793195;0;1;0;42
19.06.2020 00:00:00;Feldkirchen;210;29937;0;15;0;0;0;0;0;15
19.06.2020 00:00:00;Krems an der Donau(Stadt);301;24876;0;41;0;0;0;3;0;38
19.06.2020 00:00:00;Sankt Pölten(Stadt);302;55044;0;92;1;1,816728;0;4;0;85
19.06.2020 00:00:00;Waidhofen an der Ybbs(Stadt);303;11261;0;25;0;0;0;3;0;22
19.06.2020 00:00:00;Wiener Neustadt(Stadt);304;45277;0;56;1;2,208627;0;0;0;54
19.06.2020 00:00:00;Amstetten;305;116114;0;300;0;0;0;16;0;284
19.06.2020 00:00:00;Baden;306;146203;0;189;14;9,575727;0;4;0;169
19.06.2020 00:00:00;Bruck an der Leitha;307;102010;0;115;1;0,9802961;0;5;2;109
19.06.2020 00:00:00;Gänserndorf;308;103686;0;102;2;1,928901;0;3;1;95
19.06.2020 00:00:00;Gmünd;309;36773;0;14;0;0;0;0;0;14
19.06.2020 00:00:00;Hollabrunn;310;50858;0;39;0;0;0;0;0;38
19.06.2020 00:00:00;Horn;311;31090;0;65;0;0;0;5;0;59
19.06.2020 00:00:00;Korneuburg;312;90889;1;182;7;7,701702;0;5;0;169
19.06.2020 00:00:00;Krems(Land);313;56596;0;160;2;3,533819;0;8;0;151
19.06.2020 00:00:00;Lilienfeld;314;25812;0;51;0;0;0;5;0;41
19.06.2020 00:00:00;Melk;315;77962;0;173;1;1,282676;0;4;0;168
19.06.2020 00:00:00;Mistelbach;316;75483;0;146;0;0;0;7;0;139
19.06.2020 00:00:00;Mödling;317;118998;0;193;1;0,8403503;0;7;0;183
19.06.2020 00:00:00;Neunkirchen;318;86291;2;202;3;3,476608;0;3;0;196
19.06.2020 00:00:00;Sankt Pölten(Land);319;131044;0;273;3;2,289307;0;11;0;257
19.06.2020 00:00:00;Scheibbs;320;41403;0;103;0;0;0;1;0;102
19.06.2020 00:00:00;Tulln;321;103771;0;179;2;1,927321;0;6;0;169
19.06.2020 00:00:00;Waidhofen an der Thaya;322;25888;0;73;0;0;0;2;0;71
19.06.2020 00:00:00;Wiener Neustadt(Land);323;77991;0;88;2;2,564399;0;6;0;79
19.06.2020 00:00:00;Zwettl;325;42222;0;73;0;0;0;2;0;71
19.06.2020 00:00:00;Linz(Stadt);401;205726;0;329;4;1,944334;0;13;0;304
19.06.2020 00:00:00;Steyr(Stadt);402;38193;0;63;0;0;0;2;1;61
19.06.2020 00:00:00;Wels(Stadt);403;61727;0;58;0;0;0;0;0;58
19.06.2020 00:00:00;Braunau am Inn;404;104408;0;133;0;0;0;3;0;129
19.06.2020 00:00:00;Eferding;405;33156;0;54;1;3,016045;0;6;0;47
19.06.2020 00:00:00;Freistadt;406;66621;0;121;0;0;0;6;0;115
19.06.2020 00:00:00;Gmunden;407;101631;1;74;1;0,9839517;0;2;0;71
19.06.2020 00:00:00;Grieskirchen;408;64721;0;74;0;0;0;1;0;73
19.06.2020 00:00:00;Kirchdorf an der Krems;409;56866;0;44;0;0;0;1;0;43
19.06.2020 00:00:00;Linz-Land;410;150273;0;216;1;0,6654555;0;9;0;204
19.06.2020 00:00:00;Perg;411;68459;0;261;1;1,460728;0;2;0;249
19.06.2020 00:00:00;Ried im Innkreis;412;61204;0;46;0;0;0;0;0;45
19.06.2020 00:00:00;Rohrbach;413;56524;0;154;0;0;0;0;0;152
19.06.2020 00:00:00;Schärding;414;57307;0;58;0;0;0;1;0;57
19.06.2020 00:00:00;Steyr-Land;415;60427;0;182;0;0;0;7;0;173
19.06.2020 00:00:00;Urfahr-Umgebung;416;85505;0;282;0;0;0;5;0;277
19.06.2020 00:00:00;Vöcklabruck;417;136253;1;110;1;0,7339288;0;4;0;103
19.06.2020 00:00:00;Wels-Land;418;73094;1;81;1;1,368101;0;0;0;78
19.06.2020 00:00:00;Salzburg(Stadt);501;154211;1;139;4;2,593849;0;1;0;133
19.06.2020 00:00:00;Hallein;502;60374;2;74;4;6,625369;0;1;0;69
19.06.2020 00:00:00;Salzburg-Umgebung;503;152281;1;204;3;1,970042;0;10;0;190
19.06.2020 00:00:00;Sankt Johann im Pongau;504;80573;1;434;1;1,241111;0;16;0;416
19.06.2020 00:00:00;Tamsweg;505;20320;0;22;0;0;0;0;0;22
19.06.2020 00:00:00;Zell am See;506;87462;0;362;0;0;0;9;0;353
19.06.2020 00:00:00;Graz(Stadt);601;288806;4;477;7;2,423772;1;42;0;419
19.06.2020 00:00:00;Deutschlandsberg;603;60821;0;49;0;0;0;2;0;47
19.06.2020 00:00:00;Graz-Umgebung;606;154260;0;249;0;0;0;34;0;215
19.06.2020 00:00:00;Leibnitz;610;82484;0;183;0;0;0;4;0;179
19.06.2020 00:00:00;Leoben;611;60060;0;24;0;0;0;3;0;21
19.06.2020 00:00:00;Liezen;612;79901;0;88;0;0;0;1;0;87
19.06.2020 00:00:00;Murau;614;27659;0;7;0;0;0;0;0;7
19.06.2020 00:00:00;Voitsberg;616;51161;0;106;0;0;0;5;0;101
19.06.2020 00:00:00;Weiz;617;90343;0;202;2;2,213785;0;17;2;179
19.06.2020 00:00:00;Murtal;620;72004;0;32;0;0;0;1;0;31
19.06.2020 00:00:00;Bruck-Mürzzuschlag;621;98984;0;52;0;0;0;3;0;49
19.06.2020 00:00:00;Hartberg-Fürstenfeld;622;90622;0;318;0;0;0;38;0;280
19.06.2020 00:00:00;Südoststeiermark;623;85947;0;63;0;0;0;2;0;61
19.06.2020 00:00:00;Innsbruck-Stadt;701;132110;0;409;0;0;0;6;0;401
19.06.2020 00:00:00;Imst;702;60056;0;294;0;0;0;6;0;288
19.06.2020 00:00:00;Innsbruck-Land;703;179318;1;393;1;0,5576685;0;13;0;378
19.06.2020 00:00:00;Kitzbühel;704;63881;0;369;0;0;0;11;0;358
19.06.2020 00:00:00;Kufstein;705;109682;0;524;0;0;0;35;0;489
19.06.2020 00:00:00;Landeck;706;44362;0;993;1;2,254182;0;16;0;975
19.06.2020 00:00:00;Lienz;707;48753;0;153;0;0;0;6;0;147
19.06.2020 00:00:00;Reutte;708;32670;0;57;0;0;0;1;0;56
19.06.2020 00:00:00;Schwaz;709;83873;0;352;0;0;0;14;1;337
19.06.2020 00:00:00;Bludenz;801;63714;0;257;0;0;0;4;0;253
19.06.2020 00:00:00;Bregenz;802;134383;0;278;0;0;0;10;1;267
19.06.2020 00:00:00;Dornbirn;803;89041;0;157;1;1,123078;0;4;1;150
19.06.2020 00:00:00;Feldkirch;804;107159;0;214;0;0;0;1;0;212
19.06.2020 00:00:00;Wien;900;1897491;31;3663;183;9,644315;0;205;25;3160
20.06.2020 00:00:00;Eisenstadt(Stadt);101;14637;0;19;0;0;0;0;0;19
20.06.2020 00:00:00;Rust(Stadt);102;1940;0;0;0;0;0;0;0;0
20.06.2020 00:00:00;Eisenstadt-Umgebung;103;42927;0;23;0;0;0;1;0;22
20.06.2020 00:00:00;Güssing;104;25797;0;23;0;0;0;0;0;24
20.06.2020 00:00:00;Jennersdorf;105;17066;0;10;0;0;0;0;0;10
20.06.2020 00:00:00;Mattersburg;106;39925;0;55;2;5,009393;0;1;0;52
20.06.2020 00:00:00;Neusiedl am See;107;59552;0;56;0;0;0;4;0;52
20.06.2020 00:00:00;Oberpullendorf;108;37513;0;25;1;2,665743;0;1;0;23
20.06.2020 00:00:00;Oberwart;109;54076;0;134;0;0;0;4;0;127
20.06.2020 00:00:00;Klagenfurt Stadt;201;100817;0;91;0;0;0;3;0;88
20.06.2020 00:00:00;Villach Stadt;202;62243;0;23;0;0;0;0;0;23
20.06.2020 00:00:00;Hermagor;203;18224;0;5;0;0;0;0;0;5
20.06.2020 00:00:00;Klagenfurt Land;204;59800;2;45;3;5,016722;0;2;0;40
20.06.2020 00:00:00;Sankt Veit an der Glan;205;54555;0;52;0;0;0;0;0;52
20.06.2020 00:00:00;Spittal an der Drau;206;76091;0;42;0;0;0;1;0;41
20.06.2020 00:00:00;Villach Land;207;64668;0;48;0;0;0;2;0;46
20.06.2020 00:00:00;Völkermarkt;208;41878;1;55;1;2,387889;0;4;0;50
20.06.2020 00:00:00;Wolfsberg;209;52726;0;45;2;3,793195;0;1;0;42
20.06.2020 00:00:00;Feldkirchen;210;29937;0;15;0;0;0;0;0;15
20.06.2020 00:00:00;Krems an der Donau(Stadt);301;24876;0;41;0;0;0;3;0;38
20.06.2020 00:00:00;Sankt Pölten(Stadt);302;55044;2;94;3;5,450185;0;4;2;87
20.06.2020 00:00:00;Waidhofen an der Ybbs(Stadt);303;11261;0;25;0;0;0;3;0;22
20.06.2020 00:00:00;Wiener Neustadt(Stadt);304;45277;0;56;1;2,208627;0;0;0;54
20.06.2020 00:00:00;Amstetten;305;116114;0;300;0;0;0;16;0;284
20.06.2020 00:00:00;Baden;306;146203;0;189;9;6,155825;0;4;0;169
20.06.2020 00:00:00;Bruck an der Leitha;307;102010;0;115;0;0;0;5;0;109
20.06.2020 00:00:00;Gänserndorf;308;103686;0;102;1;0,9644504;0;3;0;95
20.06.2020 00:00:00;Gmünd;309;36773;1;15;1;2,719387;0;0;0;14
20.06.2020 00:00:00;Hollabrunn;310;50858;3;42;3;5,898777;0;0;0;38
20.06.2020 00:00:00;Horn;311;31090;0;65;0;0;0;5;0;59
20.06.2020 00:00:00;Korneuburg;312;90889;0;182;7;7,701702;0;5;0;169
20.06.2020 00:00:00;Krems(Land);313;56596;0;160;1;1,766909;0;8;0;151
20.06.2020 00:00:00;Lilienfeld;314;25812;0;51;0;0;0;5;0;41
20.06.2020 00:00:00;Melk;315;77962;0;173;0;0;0;4;0;168
20.06.2020 00:00:00;Mistelbach;316;75483;0;146;0;0;0;7;0;139
20.06.2020 00:00:00;Mödling;317;118998;0;193;1;0,8403503;0;7;0;183
20.06.2020 00:00:00;Neunkirchen;318;86291;5;207;8;9,270955;0;3;0;196
20.06.2020 00:00:00;Sankt Pölten(Land);319;131044;1;274;3;2,289307;0;11;0;257
20.06.2020 00:00:00;Scheibbs;320;41403;0;103;0;0;0;1;0;102
20.06.2020 00:00:00;Tulln;321;103771;0;179;0;0;0;6;0;169
20.06.2020 00:00:00;Waidhofen an der Thaya;322;25888;0;73;0;0;0;2;0;71
20.06.2020 00:00:00;Wiener Neustadt(Land);323;77991;0;88;2;2,564399;0;6;1;80
20.06.2020 00:00:00;Zwettl;325;42222;0;73;0;0;0;2;0;71
20.06.2020 00:00:00;Linz(Stadt);401;205726;2;331;6;2,916501;0;13;0;304
20.06.2020 00:00:00;Steyr(Stadt);402;38193;0;63;0;0;0;2;0;61
20.06.2020 00:00:00;Wels(Stadt);403;61727;0;58;0;0;0;0;0;58
20.06.2020 00:00:00;Braunau am Inn;404;104408;0;133;0;0;0;3;0;129
20.06.2020 00:00:00;Eferding;405;33156;1;55;2;6,032091;0;6;0;47
20.06.2020 00:00:00;Freistadt;406;66621;0;121;0;0;0;6;0;115
20.06.2020 00:00:00;Gmunden;407;101631;0;74;1;0,9839517;0;2;0;71
20.06.2020 00:00:00;Grieskirchen;408;64721;1;75;1;1,545094;0;1;0;73
20.06.2020 00:00:00;Kirchdorf an der Krems;409;56866;0;44;0;0;0;1;0;43
20.06.2020 00:00:00;Linz-Land;410;150273;0;216;0;0;0;9;0;204
20.06.2020 00:00:00;Perg;411;68459;0;261;0;0;0;2;1;250
20.06.2020 00:00:00;Ried im Innkreis;412;61204;0;46;0;0;0;0;0;45
20.06.2020 00:00:00;Rohrbach;413;56524;0;154;0;0;0;0;0;152
20.06.2020 00:00:00;Schärding;414;57307;0;58;0;0;0;1;0;57
20.06.2020 00:00:00;Steyr-Land;415;60427;0;182;0;0;0;7;0;173
20.06.2020 00:00:00;Urfahr-Umgebung;416;85505;0;282;0;0;0;5;0;277
20.06.2020 00:00:00;Vöcklabruck;417;136253;0;110;1;0,7339288;0;4;0;103
20.06.2020 00:00:00;Wels-Land;418;73094;0;81;1;1,368101;0;0;0;78
20.06.2020 00:00:00;Salzburg(Stadt);501;154211;1;140;5;3,242311;0;1;0;133
20.06.2020 00:00:00;Hallein;502;60374;1;75;5;8,281711;0;1;0;69
20.06.2020 00:00:00;Salzburg-Umgebung;503;152281;1;205;4;2,626723;0;10;0;190
20.06.2020 00:00:00;Sankt Johann im Pongau;504;80573;0;434;1;1,241111;0;16;0;416
20.06.2020 00:00:00;Tamsweg;505;20320;0;22;0;0;0;0;0;22
20.06.2020 00:00:00;Zell am See;506;87462;0;362;0;0;0;9;0;353
20.06.2020 00:00:00;Graz(Stadt);601;288806;1;478;8;2,770025;0;42;1;420
20.06.2020 00:00:00;Deutschlandsberg;603;60821;0;49;0;0;0;2;0;47
20.06.2020 00:00:00;Graz-Umgebung;606;154260;0;249;0;0;0;34;0;215
20.06.2020 00:00:00;Leibnitz;610;82484;0;183;0;0;0;4;0;179
20.06.2020 00:00:00;Leoben;611;60060;0;24;0;0;0;3;0;21
20.06.2020 00:00:00;Liezen;612;79901;0;88;0;0;0;1;0;87
20.06.2020 00:00:00;Murau;614;27659;0;7;0;0;0;0;0;7
20.06.2020 00:00:00;Voitsberg;616;51161;0;106;0;0;0;5;0;101
20.06.2020 00:00:00;Weiz;617;90343;0;202;2;2,213785;0;17;1;180
20.06.2020 00:00:00;Murtal;620;72004;0;32;0;0;0;1;0;31
20.06.2020 00:00:00;Bruck-Mürzzuschlag;621;98984;0;52;0;0;0;3;0;49
20.06.2020 00:00:00;Hartberg-Fürstenfeld;622;90622;0;318;0;0;0;38;0;280
20.06.2020 00:00:00;Südoststeiermark;623;85947;0;63;0;0;0;2;0;61
20.06.2020 00:00:00;Innsbruck-Stadt;701;132110;0;409;0;0;0;6;0;401
20.06.2020 00:00:00;Imst;702;60056;0;294;0;0;0;6;0;288
20.06.2020 00:00:00;Innsbruck-Land;703;179318;0;393;1;0,5576685;0;13;0;378
20.06.2020 00:00:00;Kitzbühel;704;63881;0;369;0;0;0;11;0;358
20.06.2020 00:00:00;Kufstein;705;109682;0;524;0;0;0;35;0;489
20.06.2020 00:00:00;Landeck;706;44362;0;993;1;2,254182;0;16;0;975
20.06.2020 00:00:00;Lienz;707;48753;0;153;0;0;0;6;0;147
20.06.2020 00:00:00;Reutte;708;32670;0;57;0;0;0;1;0;56
20.06.2020 00:00:00;Schwaz;709;83873;0;352;0;0;0;14;0;337
20.06.2020 00:00:00;Bludenz;801;63714;0;257;0;0;0;4;0;253
20.06.2020 00:00:00;Bregenz;802;134383;0;278;0;0;0;10;0;267
20.06.2020 00:00:00;Dornbirn;803;89041;0;157;1;1,123078;0;4;1;151
20.06.2020 00:00:00;Feldkirch;804;107159;0;214;0;0;0;1;0;212
20.06.2020 00:00:00;Wien;900;1897491;9;3672;169;8,906498;2;207;28;3188
21.06.2020 00:00:00;Eisenstadt(Stadt);101;14637;0;19;0;0;0;0;0;19
21.06.2020 00:00:00;Rust(Stadt);102;1940;0;0;0;0;0;0;0;0
21.06.2020 00:00:00;Eisenstadt-Umgebung;103;42927;0;23;0;0;0;1;0;22
21.06.2020 00:00:00;Güssing;104;25797;0;23;0;0;0;0;0;24
21.06.2020 00:00:00;Jennersdorf;105;17066;0;10;0;0;0;0;0;10
21.06.2020 00:00:00;Mattersburg;106;39925;0;55;2;5,009393;0;1;0;52
21.06.2020 00:00:00;Neusiedl am See;107;59552;0;56;0;0;0;4;0;52
21.06.2020 00:00:00;Oberpullendorf;108;37513;0;25;1;2,665743;0;1;0;23
21.06.2020 00:00:00;Oberwart;109;54076;0;134;0;0;0;4;0;127
21.06.2020 00:00:00;Klagenfurt Stadt;201;100817;0;91;0;0;0;3;0;88
21.06.2020 00:00:00;Villach Stadt;202;62243;0;23;0;0;0;0;0;23
21.06.2020 00:00:00;Hermagor;203;18224;0;5;0;0;0;0;0;5
21.06.2020 00:00:00;Klagenfurt Land;204;59800;0;45;3;5,016722;0;2;0;40
21.06.2020 00:00:00;Sankt Veit an der Glan;205;54555;0;52;0;0;0;0;0;52
21.06.2020 00:00:00;Spittal an der Drau;206;76091;0;42;0;0;0;1;0;41
21.06.2020 00:00:00;Villach Land;207;64668;0;48;0;0;0;2;0;46
21.06.2020 00:00:00;Völkermarkt;208;41878;0;55;1;2,387889;0;4;0;50
21.06.2020 00:00:00;Wolfsberg;209;52726;0;45;2;3,793195;0;1;0;42
21.06.2020 00:00:00;Feldkirchen;210;29937;0;15;0;0;0;0;0;15
21.06.2020 00:00:00;Krems an der Donau(Stadt);301;24876;0;41;0;0;0;3;0;38
21.06.2020 00:00:00;Sankt Pölten(Stadt);302;55044;0;94;3;5,450185;0;4;0;87
21.06.2020 00:00:00;Waidhofen an der Ybbs(Stadt);303;11261;0;25;0;0;0;3;0;22
21.06.2020 00:00:00;Wiener Neustadt(Stadt);304;45277;0;56;1;2,208627;0;0;0;54
21.06.2020 00:00:00;Amstetten;305;116114;0;300;0;0;0;16;0;284
21.06.2020 00:00:00;Baden;306;146203;0;189;6;4,103883;0;4;0;169
21.06.2020 00:00:00;Bruck an der Leitha;307;102010;0;115;0;0;0;5;0;109
21.06.2020 00:00:00;Gänserndorf;308;103686;1;103;2;1,928901;0;3;0;95
21.06.2020 00:00:00;Gmünd;309;36773;0;15;1;2,719387;0;0;0;14
21.06.2020 00:00:00;Hollabrunn;310;50858;0;42;3;5,898777;0;0;0;38
21.06.2020 00:00:00;Horn;311;31090;0;65;0;0;0;5;0;59
21.06.2020 00:00:00;Korneuburg;312;90889;0;182;6;6,601459;0;5;0;169
21.06.2020 00:00:00;Krems(Land);313;56596;0;160;1;1,766909;0;8;0;151
21.06.2020 00:00:00;Lilienfeld;314;25812;0;51;0;0;0;5;0;41
21.06.2020 00:00:00;Melk;315;77962;0;173;0;0;0;4;0;168
21.06.2020 00:00:00;Mistelbach;316;75483;0;146;0;0;0;7;0;139
21.06.2020 00:00:00;Mödling;317;118998;3;196;3;2,521051;0;7;1;184
21.06.2020 00:00:00;Neunkirchen;318;86291;0;207;8;9,270955;0;3;0;196
21.06.2020 00:00:00;Sankt Pölten(Land);319;131044;0;274;3;2,289307;0;11;1;258
21.06.2020 00:00:00;Scheibbs;320;41403;0;103;0;0;0;1;0;102
21.06.2020 00:00:00;Tulln;321;103771;0;179;0;0;0;6;0;169
21.06.2020 00:00:00;Waidhofen an der Thaya;322;25888;0;73;0;0;0;2;0;71
21.06.2020 00:00:00;Wiener Neustadt(Land);323;77991;0;88;2;2,564399;0;6;0;80
21.06.2020 00:00:00;Zwettl;325;42222;0;73;0;0;0;2;0;71
21.06.2020 00:00:00;Linz(Stadt);401;205726;1;332;7;3,402584;0;13;1;305
21.06.2020 00:00:00;Steyr(Stadt);402;38193;0;63;0;0;0;2;0;61
21.06.2020 00:00:00;Wels(Stadt);403;61727;0;58;0;0;0;0;0;58
21.06.2020 00:00:00;Braunau am Inn;404;104408;0;133;0;0;0;3;0;129
21.06.2020 00:00:00;Eferding;405;33156;1;56;3;9,048136;0;6;0;47
21.06.2020 00:00:00;Freistadt;406;66621;0;121;0;0;0;6;0;115
21.06.2020 00:00:00;Gmunden;407;101631;0;74;1;0,9839517;0;2;0;71
21.06.2020 00:00:00;Grieskirchen;408;64721;0;75;1;1,545094;0;1;0;73
21.06.2020 00:00:00;Kirchdorf an der Krems;409;56866;0;44;0;0;0;1;0;43
21.06.2020 00:00:00;Linz-Land;410;150273;2;218;2;1,330911;0;9;0;204
21.06.2020 00:00:00;Perg;411;68459;0;261;0;0;0;2;0;250
21.06.2020 00:00:00;Ried im Innkreis;412;61204;0;46;0;0;0;0;0;45
21.06.2020 00:00:00;Rohrbach;413;56524;0;154;0;0;0;0;0;152
21.06.2020 00:00:00;Schärding;414;57307;0;58;0;0;0;1;0;57
21.06.2020 00:00:00;Steyr-Land;415;60427;0;182;0;0;0;7;0;173
21.06.2020 00:00:00;Urfahr-Umgebung;416;85505;0;282;0;0;0;5;0;277
21.06.2020 00:00:00;Vöcklabruck;417;136253;0;110;1;0,7339288;0;4;0;103
21.06.2020 00:00:00;Wels-Land;418;73094;0;81;1;1,368101;0;0;0;78
21.06.2020 00:00:00;Salzburg(Stadt);501;154211;2;142;7;4,539235;0;1;0;133
21.06.2020 00:00:00;Hallein;502;60374;0;75;5;8,281711;0;1;0;69
21.06.2020 00:00:00;Salzburg-Umgebung;503;152281;0;205;4;2,626723;0;10;0;190
21.06.2020 00:00:00;Sankt Johann im Pongau;504;80573;0;434;1;1,241111;0;16;0;416
21.06.2020 00:00:00;Tamsweg;505;20320;0;22;0;0;0;0;0;22
21.06.2020 00:00:00;Zell am See;506;87462;0;362;0;0;0;9;0;353
21.06.2020 00:00:00;Graz(Stadt);601;288806;1;479;9;3,116279;0;42;0;420
21.06.2020 00:00:00;Deutschlandsberg;603;60821;0;49;0;0;0;2;0;47
21.06.2020 00:00:00;Graz-Umgebung;606;154260;0;249;0;0;0;34;0;215
21.06.2020 00:00:00;Leibnitz;610;82484;0;183;0;0;0;4;0;179
21.06.2020 00:00:00;Leoben;611;60060;0;24;0;0;0;3;0;21
21.06.2020 00:00:00;Liezen;612;79901;0;88;0;0;0;1;0;87
21.06.2020 00:00:00;Murau;614;27659;0;7;0;0;0;0;0;7
21.06.2020 00:00:00;Voitsberg;616;51161;0;106;0;0;0;5;0;101
21.06.2020 00:00:00;Weiz;617;90343;0;202;2;2,213785;0;17;0;180
21.06.2020 00:00:00;Murtal;620;72004;0;32;0;0;0;1;0;31
21.06.2020 00:00:00;Bruck-Mürzzuschlag;621;98984;0;52;0;0;0;3;0;49
21.06.2020 00:00:00;Hartberg-Fürstenfeld;622;90622;0;318;0;0;0;38;0;280
21.06.2020 00:00:00;Südoststeiermark;623;85947;0;63;0;0;0;2;0;61
21.06.2020 00:00:00;Innsbruck-Stadt;701;132110;1;410;1;0,756945;0;6;0;401
21.06.2020 00:00:00;Imst;702;60056;0;294;0;0;0;6;0;288
21.06.2020 00:00:00;Innsbruck-Land;703;179318;0;393;1;0,5576685;0;13;0;378
21.06.2020 00:00:00;Kitzbühel;704;63881;0;369;0;0;0;11;0;358
21.06.2020 00:00:00;Kufstein;705;109682;0;524;0;0;0;35;0;489
21.06.2020 00:00:00;Landeck;706;44362;0;993;1;2,254182;0;16;0;975
21.06.2020 00:00:00;Lienz;707;48753;0;153;0;0;0;6;0;147
21.06.2020 00:00:00;Reutte;708;32670;0;57;0;0;0;1;0;56
21.06.2020 00:00:00;Schwaz;709;83873;0;352;0;0;0;14;0;337
21.06.2020 00:00:00;Bludenz;801;63714;0;257;0;0;0;4;0;253
21.06.2020 00:00:00;Bregenz;802;134383;0;278;0;0;0;10;0;267
21.06.2020 00:00:00;Dornbirn;803;89041;0;157;1;1,123078;0;4;0;151
21.06.2020 00:00:00;Feldkirch;804;107159;0;214;0;0;0;1;0;212
21.06.2020 00:00:00;Wien;900;1897491;17;3689;169;8,906498;1;208;10;3198
22.06.2020 00:00:00;Eisenstadt(Stadt);101;14637;0;19;0;0;0;0;0;19
22.06.2020 00:00:00;Rust(Stadt);102;1940;0;0;0;0;0;0;0;0
22.06.2020 00:00:00;Eisenstadt-Umgebung;103;42927;0;23;0;0;0;1;0;22
22.06.2020 00:00:00;Güssing;104;25797;0;23;0;0;0;0;0;24
22.06.2020 00:00:00;Jennersdorf;105;17066;0;10;0;0;0;0;0;10
22.06.2020 00:00:00;Mattersburg;106;39925;0;55;2;5,009393;0;1;0;52
22.06.2020 00:00:00;Neusiedl am See;107;59552;0;56;0;0;0;4;0;52
22.06.2020 00:00:00;Oberpullendorf;108;37513;0;25;1;2,665743;0;1;0;23
22.06.2020 00:00:00;Oberwart;109;54076;0;134;0;0;0;4;1;128
22.06.2020 00:00:00;Klagenfurt Stadt;201;100817;0;91;0;0;0;3;0;88
22.06.2020 00:00:00;Villach Stadt;202;62243;0;23;0;0;0;0;0;23
22.06.2020 00:00:00;Hermagor;203;18224;0;5;0;0;0;0;0;5
22.06.2020 00:00:00;Klagenfurt Land;204;59800;0;45;3;5,016722;0;2;0;40
22.06.2020 00:00:00;Sankt Veit an der Glan;205;54555;0;52;0;0;0;0;0;52
22.06.2020 00:00:00;Spittal an der Drau;206;76091;0;42;0;0;0;1;0;41
22.06.2020 00:00:00;Villach Land;207;64668;0;48;0;0;0;2;0;46
22.06.2020 00:00:00;Völkermarkt;208;41878;0;55;1;2,387889;0;4;0;50
22.06.2020 00:00:00;Wolfsberg;209;52726;0;45;2;3,793195;0;1;0;42
22.06.2020 00:00:00;Feldkirchen;210;29937;0;15;0;0;0;0;0;15
22.06.2020 00:00:00;Krems an der Donau(Stadt);301;24876;0;41;0;0;0;3;0;38
22.06.2020 00:00:00;Sankt Pölten(Stadt);302;55044;1;95;4;7,266914;0;4;0;87
22.06.2020 00:00:00;Waidhofen an der Ybbs(Stadt);303;11261;0;25;0;0;0;3;0;22
22.06.2020 00:00:00;Wiener Neustadt(Stadt);304;45277;0;56;1;2,208627;0;0;0;54
22.06.2020 00:00:00;Amstetten;305;116114;0;300;0;0;0;16;0;284
22.06.2020 00:00:00;Baden;306;146203;1;190;6;4,103883;0;4;1;170
22.06.2020 00:00:00;Bruck an der Leitha;307;102010;0;115;0;0;0;5;0;109
22.06.2020 00:00:00;Gänserndorf;308;103686;0;103;2;1,928901;0;3;1;96
22.06.2020 00:00:00;Gmünd;309;36773;0;15;1;2,719387;0;0;0;14
22.06.2020 00:00:00;Hollabrunn;310;50858;0;42;3;5,898777;0;0;0;38
22.06.2020 00:00:00;Horn;311;31090;0;65;0;0;0;5;0;59
22.06.2020 00:00:00;Korneuburg;312;90889;0;182;6;6,601459;0;5;1;170
22.06.2020 00:00:00;Krems(Land);313;56596;0;160;1;1,766909;0;8;0;151
22.06.2020 00:00:00;Lilienfeld;314;25812;0;51;0;0;0;5;4;45
22.06.2020 00:00:00;Melk;315;77962;0;173;0;0;0;4;0;168
22.06.2020 00:00:00;Mistelbach;316;75483;0;146;0;0;0;7;0;139
22.06.2020 00:00:00;Mödling;317;118998;0;196;3;2,521051;0;7;0;184
22.06.2020 00:00:00;Neunkirchen;318;86291;0;207;8;9,270955;0;3;0;196
22.06.2020 00:00:00;Sankt Pölten(Land);319;131044;0;274;3;2,289307;0;11;1;259
22.06.2020 00:00:00;Scheibbs;320;41403;0;103;0;0;0;1;0;102
22.06.2020 00:00:00;Tulln;321;103771;0;179;0;0;0;6;0;169
22.06.2020 00:00:00;Waidhofen an der Thaya;322;25888;0;73;0;0;0;2;0;71
22.06.2020 00:00:00;Wiener Neustadt(Land);323;77991;0;88;1;1,282199;0;6;0;80
22.06.2020 00:00:00;Zwettl;325;42222;0;73;0;0;0;2;0;71
22.06.2020 00:00:00;Linz(Stadt);401;205726;0;332;7;3,402584;0;13;2;307
22.06.2020 00:00:00;Steyr(Stadt);402;38193;0;63;0;0;0;2;0;61
22.06.2020 00:00:00;Wels(Stadt);403;61727;0;58;0;0;0;0;0;58
22.06.2020 00:00:00;Braunau am Inn;404;104408;0;133;0;0;0;3;0;129
22.06.2020 00:00:00;Eferding;405;33156;0;56;3;9,048136;0;6;0;47
22.06.2020 00:00:00;Freistadt;406;66621;0;121;0;0;0;6;0;115
22.06.2020 00:00:00;Gmunden;407;101631;0;74;1;0,9839517;0;2;0;71
22.06.2020 00:00:00;Grieskirchen;408;64721;1;76;2;3,090187;0;1;0;73
22.06.2020 00:00:00;Kirchdorf an der Krems;409;56866;0;44;0;0;0;1;0;43
22.06.2020 00:00:00;Linz-Land;410;150273;0;218;2;1,330911;0;9;0;204
22.06.2020 00:00:00;Perg;411;68459;2;263;2;2,921457;0;2;0;250
22.06.2020 00:00:00;Ried im Innkreis;412;61204;0;46;0;0;0;0;0;45
22.06.2020 00:00:00;Rohrbach;413;56524;0;154;0;0;0;0;0;152
22.06.2020 00:00:00;Schärding;414;57307;0;58;0;0;0;1;0;57
22.06.2020 00:00:00;Steyr-Land;415;60427;0;182;0;0;0;7;0;173
22.06.2020 00:00:00;Urfahr-Umgebung;416;85505;0;282;0;0;0;5;0;277
22.06.2020 00:00:00;Vöcklabruck;417;136253;0;110;1;0,7339288;0;4;0;103
22.06.2020 00:00:00;Wels-Land;418;73094;0;81;1;1,368101;0;0;1;79
22.06.2020 00:00:00;Salzburg(Stadt);501;154211;0;142;7;4,539235;0;1;0;133
22.06.2020 00:00:00;Hallein;502;60374;0;75;5;8,281711;0;1;0;69
22.06.2020 00:00:00;Salzburg-Umgebung;503;152281;1;206;5;3,283404;0;10;0;190
22.06.2020 00:00:00;Sankt Johann im Pongau;504;80573;0;434;1;1,241111;0;16;0;416
22.06.2020 00:00:00;Tamsweg;505;20320;0;22;0;0;0;0;0;22
22.06.2020 00:00:00;Zell am See;506;87462;0;362;0;0;0;9;0;353
22.06.2020 00:00:00;Graz(Stadt);601;288806;0;479;9;3,116279;0;42;0;420
22.06.2020 00:00:00;Deutschlandsberg;603;60821;0;49;0;0;0;2;0;47
22.06.2020 00:00:00;Graz-Umgebung;606;154260;0;249;0;0;0;34;0;215
22.06.2020 00:00:00;Leibnitz;610;82484;0;183;0;0;0;4;0;179
22.06.2020 00:00:00;Leoben;611;60060;0;24;0;0;0;3;0;21
22.06.2020 00:00:00;Liezen;612;79901;0;88;0;0;0;1;0;87
22.06.2020 00:00:00;Murau;614;27659;0;7;0;0;0;0;0;7
22.06.2020 00:00:00;Voitsberg;616;51161;0;106;0;0;0;5;0;101
22.06.2020 00:00:00;Weiz;617;90343;0;202;2;2,213785;0;17;0;180
22.06.2020 00:00:00;Murtal;620;72004;0;32;0;0;0;1;0;31
22.06.2020 00:00:00;Bruck-Mürzzuschlag;621;98984;0;52;0;0;0;3;0;49
22.06.2020 00:00:00;Hartberg-Fürstenfeld;622;90622;0;318;0;0;0;38;0;280
22.06.2020 00:00:00;Südoststeiermark;623;85947;0;63;0;0;0;2;0;61
22.06.2020 00:00:00;Innsbruck-Stadt;701;132110;0;410;1;0,756945;0;6;0;401
22.06.2020 00:00:00;Imst;702;60056;0;294;0;0;0;6;0;288
22.06.2020 00:00:00;Innsbruck-Land;703;179318;0;393;1;0,5576685;0;13;1;379
22.06.2020 00:00:00;Kitzbühel;704;63881;0;369;0;0;0;11;0;358
22.06.2020 00:00:00;Kufstein;705;109682;0;524;0;0;0;35;0;489
22.06.2020 00:00:00;Landeck;706;44362;0;993;0;0;0;16;0;975
22.06.2020 00:00:00;Lienz;707;48753;1;154;1;2,051156;0;6;0;147
22.06.2020 00:00:00;Reutte;708;32670;0;57;0;0;0;1;0;56
22.06.2020 00:00:00;Schwaz;709;83873;0;352;0;0;0;14;0;337
22.06.2020 00:00:00;Bludenz;801;63714;0;257;0;0;0;4;0;253
22.06.2020 00:00:00;Bregenz;802;134383;0;278;0;0;0;10;0;267
22.06.2020 00:00:00;Dornbirn;803;89041;0;157;1;1,123078;0;4;0;151
22.06.2020 00:00:00;Feldkirch;804;107159;0;214;0;0;0;1;0;212
22.06.2020 00:00:00;Wien;900;1897491;24;3713;179;9,43351;1;209;26;3224
23.06.2020 00:00:00;Eisenstadt(Stadt);101;14637;0;19;0;0;0;0;0;19
23.06.2020 00:00:00;Rust(Stadt);102;1940;0;0;0;0;0;0;0;0
23.06.2020 00:00:00;Eisenstadt-Umgebung;103;42927;0;23;0;0;0;1;0;22
23.06.2020 00:00:00;Güssing;104;25797;0;23;0;0;0;0;0;24
23.06.2020 00:00:00;Jennersdorf;105;17066;0;10;0;0;0;0;0;10
23.06.2020 00:00:00;Mattersburg;106;39925;0;55;2;5,009393;0;1;0;52
23.06.2020 00:00:00;Neusiedl am See;107;59552;1;57;1;1,679205;0;4;0;52
23.06.2020 00:00:00;Oberpullendorf;108;37513;0;25;1;2,665743;0;1;0;23
23.06.2020 00:00:00;Oberwart;109;54076;0;134;0;0;0;4;1;129
23.06.2020 00:00:00;Klagenfurt Stadt;201;100817;1;92;1;0,9918962;0;3;0;88
23.06.2020 00:00:00;Villach Stadt;202;62243;0;23;0;0;0;0;0;23
23.06.2020 00:00:00;Hermagor;203;18224;0;5;0;0;0;0;0;5
23.06.2020 00:00:00;Klagenfurt Land;204;59800;0;45;3;5,016722;0;2;0;40
23.06.2020 00:00:00;Sankt Veit an der Glan;205;54555;0;52;0;0;0;0;0;52
23.06.2020 00:00:00;Spittal an der Drau;206;76091;0;42;0;0;0;1;0;41
23.06.2020 00:00:00;Villach Land;207;64668;1;49;1;1,54636;0;2;0;46
23.06.2020 00:00:00;Völkermarkt;208;41878;0;55;1;2,387889;0;4;0;50
23.06.2020 00:00:00;Wolfsberg;209;52726;0;45;2;3,793195;0;1;0;42
23.06.2020 00:00:00;Feldkirchen;210;29937;0;15;0;0;0;0;0;15
23.06.2020 00:00:00;Krems an der Donau(Stadt);301;24876;0;41;0;0;0;3;0;38
23.06.2020 00:00:00;Sankt Pölten(Stadt);302;55044;0;95;4;7,266914;0;4;0;87
23.06.2020 00:00:00;Waidhofen an der Ybbs(Stadt);303;11261;0;25;0;0;0;3;0;22
23.06.2020 00:00:00;Wiener Neustadt(Stadt);304;45277;0;56;1;2,208627;0;0;0;54
23.06.2020 00:00:00;Amstetten;305;116114;0;300;0;0;0;16;0;284
23.06.2020 00:00:00;Baden;306;146203;0;190;6;4,103883;0;4;0;170
23.06.2020 00:00:00;Bruck an der Leitha;307;102010;0;115;0;0;0;5;0;109
23.06.2020 00:00:00;Gänserndorf;308;103686;0;103;2;1,928901;0;3;1;97
23.06.2020 00:00:00;Gmünd;309;36773;0;15;1;2,719387;0;0;0;14
23.06.2020 00:00:00;Hollabrunn;310;50858;0;42;3;5,898777;0;0;0;38
23.06.2020 00:00:00;Horn;311;31090;0;65;0;0;0;5;1;60
23.06.2020 00:00:00;Korneuburg;312;90889;0;182;1;1,100243;0;5;0;170
23.06.2020 00:00:00;Krems(Land);313;56596;0;160;1;1,766909;0;8;0;151
23.06.2020 00:00:00;Lilienfeld;314;25812;1;52;1;3,874167;0;5;0;45
23.06.2020 00:00:00;Melk;315;77962;1;174;1;1,282676;0;4;0;168
23.06.2020 00:00:00;Mistelbach;316;75483;0;146;0;0;0;7;0;139
23.06.2020 00:00:00;Mödling;317;118998;3;199;6;5,042101;0;7;1;185
23.06.2020 00:00:00;Neunkirchen;318;86291;0;207;8;9,270955;1;4;0;196
23.06.2020 00:00:00;Sankt Pölten(Land);319;131044;0;274;3;2,289307;0;11;0;259
23.06.2020 00:00:00;Scheibbs;320;41403;0;103;0;0;0;1;0;102
23.06.2020 00:00:00;Tulln;321;103771;0;179;0;0;0;6;0;169
23.06.2020 00:00:00;Waidhofen an der Thaya;322;25888;0;73;0;0;0;2;0;71
23.06.2020 00:00:00;Wiener Neustadt(Land);323;77991;1;89;2;2,564399;0;6;0;80
23.06.2020 00:00:00;Zwettl;325;42222;0;73;0;0;0;2;0;71
23.06.2020 00:00:00;Linz(Stadt);401;205726;3;335;10;4,860834;0;13;0;307
23.06.2020 00:00:00;Steyr(Stadt);402;38193;1;64;1;2,618281;0;2;0;61
23.06.2020 00:00:00;Wels(Stadt);403;61727;1;59;1;1,620037;0;0;0;58
23.06.2020 00:00:00;Braunau am Inn;404;104408;0;133;0;0;0;3;0;129
23.06.2020 00:00:00;Eferding;405;33156;1;57;4;12,06418;0;6;0;47
23.06.2020 00:00:00;Freistadt;406;66621;1;122;1;1,501028;0;6;0;115
23.06.2020 00:00:00;Gmunden;407;101631;0;74;1;0,9839517;0;2;0;71
23.06.2020 00:00:00;Grieskirchen;408;64721;0;76;2;3,090187;0;1;0;73
23.06.2020 00:00:00;Kirchdorf an der Krems;409;56866;0;44;0;0;0;1;0;43
23.06.2020 00:00:00;Linz-Land;410;150273;2;220;4;2,661822;0;9;2;206
23.06.2020 00:00:00;Perg;411;68459;1;264;3;4,382185;0;2;0;250
23.06.2020 00:00:00;Ried im Innkreis;412;61204;0;46;0;0;0;0;0;45
23.06.2020 00:00:00;Rohrbach;413;56524;0;154;0;0;0;0;0;152
23.06.2020 00:00:00;Schärding;414;57307;0;58;0;0;0;1;0;57
23.06.2020 00:00:00;Steyr-Land;415;60427;1;183;1;1,654889;0;7;1;174
23.06.2020 00:00:00;Urfahr-Umgebung;416;85505;1;283;1;1,169522;0;5;0;277
23.06.2020 00:00:00;Vöcklabruck;417;136253;0;110;1;0,7339288;0;4;0;103
23.06.2020 00:00:00;Wels-Land;418;73094;0;81;1;1,368101;0;0;0;79
23.06.2020 00:00:00;Salzburg(Stadt);501;154211;1;143;8;5,187697;0;1;0;133
23.06.2020 00:00:00;Hallein;502;60374;0;75;5;8,281711;0;1;0;69
23.06.2020 00:00:00;Salzburg-Umgebung;503;152281;1;207;6;3,940084;0;10;0;190
23.06.2020 00:00:00;Sankt Johann im Pongau;504;80573;0;434;1;1,241111;0;16;0;416
23.06.2020 00:00:00;Tamsweg;505;20320;0;22;0;0;0;0;0;22
23.06.2020 00:00:00;Zell am See;506;87462;0;362;0;0;0;9;0;353
23.06.2020 00:00:00;Graz(Stadt);601;288806;0;479;8;2,770025;0;42;2;422
23.06.2020 00:00:00;Deutschlandsberg;603;60821;0;49;0;0;0;2;0;47
23.06.2020 00:00:00;Graz-Umgebung;606;154260;0;249;0;0;0;34;0;215
23.06.2020 00:00:00;Leibnitz;610;82484;0;183;0;0;0;4;0;179
23.06.2020 00:00:00;Leoben;611;60060;0;24;0;0;0;3;0;21
23.06.2020 00:00:00;Liezen;612;79901;0;88;0;0;0;1;0;87
23.06.2020 00:00:00;Murau;614;27659;0;7;0;0;0;0;0;7
23.06.2020 00:00:00;Voitsberg;616;51161;0;106;0;0;0;5;0;101
23.06.2020 00:00:00;Weiz;617;90343;0;202;0;0;0;17;0;180
23.06.2020 00:00:00;Murtal;620;72004;0;32;0;0;0;1;0;31
23.06.2020 00:00:00;Bruck-Mürzzuschlag;621;98984;2;54;2;2,020529;0;3;0;49
23.06.2020 00:00:00;Hartberg-Fürstenfeld;622;90622;0;318;0;0;0;38;0;280
23.06.2020 00:00:00;Südoststeiermark;623;85947;0;63;0;0;0;2;0;61
23.06.2020 00:00:00;Innsbruck-Stadt;701;132110;0;410;1;0,756945;0;6;0;401
23.06.2020 00:00:00;Imst;702;60056;0;294;0;0;0;6;0;288
23.06.2020 00:00:00;Innsbruck-Land;703;179318;0;393;1;0,5576685;0;13;0;379
23.06.2020 00:00:00;Kitzbühel;704;63881;0;369;0;0;0;11;0;358
23.06.2020 00:00:00;Kufstein;705;109682;0;524;0;0;0;35;0;489
23.06.2020 00:00:00;Landeck;706;44362;0;993;0;0;0;16;0;975
23.06.2020 00:00:00;Lienz;707;48753;0;154;1;2,051156;0;6;0;147
23.06.2020 00:00:00;Reutte;708;32670;0;57;0;0;0;1;0;56
23.06.2020 00:00:00;Schwaz;709;83873;0;352;0;0;0;14;0;337
23.06.2020 00:00:00;Bludenz;801;63714;0;257;0;0;0;4;0;253
23.06.2020 00:00:00;Bregenz;802;134383;0;278;0;0;0;10;0;267
23.06.2020 00:00:00;Dornbirn;803;89041;0;157;1;1,123078;0;4;0;151
23.06.2020 00:00:00;Feldkirch;804;107159;0;214;0;0;0;1;0;212
23.06.2020 00:00:00;Wien;900;1897491;17;3730;151;7,957877;1;210;26;3250
24.06.2020 00:00:00;Eisenstadt(Stadt);101;14637;0;19;0;0;0;0;0;19
24.06.2020 00:00:00;Rust(Stadt);102;1940;0;0;0;0;0;0;0;0
24.06.2020 00:00:00;Eisenstadt-Umgebung;103;42927;0;23;0;0;0;1;0;22
24.06.2020 00:00:00;Güssing;104;25797;0;23;0;0;0;0;0;24
24.06.2020 00:00:00;Jennersdorf;105;17066;0;10;0;0;0;0;0;10
24.06.2020 00:00:00;Mattersburg;106;39925;0;55;2;5,009393;0;1;0;52
24.06.2020 00:00:00;Neusiedl am See;107;59552;0;57;1;1,679205;0;4;0;52
24.06.2020 00:00:00;Oberpullendorf;108;37513;1;26;2;5,331485;0;1;0;23
24.06.2020 00:00:00;Oberwart;109;54076;0;134;0;0;0;4;0;129
24.06.2020 00:00:00;Klagenfurt Stadt;201;100817;0;92;1;0,9918962;0;3;0;88
24.06.2020 00:00:00;Villach Stadt;202;62243;0;23;0;0;0;0;0;23
24.06.2020 00:00:00;Hermagor;203;18224;0;5;0;0;0;0;0;5
24.06.2020 00:00:00;Klagenfurt Land;204;59800;0;45;3;5,016722;0;2;0;40
24.06.2020 00:00:00;Sankt Veit an der Glan;205;54555;0;52;0;0;0;0;0;52
24.06.2020 00:00:00;Spittal an der Drau;206;76091;0;42;0;0;0;1;0;41
24.06.2020 00:00:00;Villach Land;207;64668;0;49;1;1,54636;0;2;0;46
24.06.2020 00:00:00;Völkermarkt;208;41878;0;55;1;2,387889;0;4;0;50
24.06.2020 00:00:00;Wolfsberg;209;52726;2;47;4;7,58639;0;1;0;42
24.06.2020 00:00:00;Feldkirchen;210;29937;0;15;0;0;0;0;0;15
24.06.2020 00:00:00;Krems an der Donau(Stadt);301;24876;0;41;0;0;0;3;0;38
24.06.2020 00:00:00;Sankt Pölten(Stadt);302;55044;0;95;4;7,266914;0;4;0;87
24.06.2020 00:00:00;Waidhofen an der Ybbs(Stadt);303;11261;0;25;0;0;0;3;0;22
24.06.2020 00:00:00;Wiener Neustadt(Stadt);304;45277;0;56;1;2,208627;0;0;0;54
24.06.2020 00:00:00;Amstetten;305;116114;0;300;0;0;0;16;0;284
24.06.2020 00:00:00;Baden;306;146203;1;191;4;2,735922;0;4;1;171
24.06.2020 00:00:00;Bruck an der Leitha;307;102010;2;117;2;1,960592;0;5;1;110
24.06.2020 00:00:00;Gänserndorf;308;103686;0;103;2;1,928901;0;3;0;97
24.06.2020 00:00:00;Gmünd;309;36773;0;15;1;2,719387;0;0;0;14
24.06.2020 00:00:00;Hollabrunn;310;50858;0;42;3;5,898777;0;0;0;38
24.06.2020 00:00:00;Horn;311;31090;0;65;0;0;0;5;0;60
24.06.2020 00:00:00;Korneuburg;312;90889;0;182;1;1,100243;0;5;0;170
24.06.2020 00:00:00;Krems(Land);313;56596;0;160;0;0;0;8;0;151
24.06.2020 00:00:00;Lilienfeld;314;25812;0;52;1;3,874167;0;5;0;45
24.06.2020 00:00:00;Melk;315;77962;0;174;1;1,282676;0;4;0;168
24.06.2020 00:00:00;Mistelbach;316;75483;0;146;0;0;0;7;0;139
24.06.2020 00:00:00;Mödling;317;118998;1;200;7;5,882452;0;7;0;185
24.06.2020 00:00:00;Neunkirchen;318;86291;4;211;12;13,90643;0;4;0;196
24.06.2020 00:00:00;Sankt Pölten(Land);319;131044;2;276;5;3,815512;0;11;1;260
24.06.2020 00:00:00;Scheibbs;320;41403;0;103;0;0;0;1;0;102
24.06.2020 00:00:00;Tulln;321;103771;0;179;0;0;0;6;1;170
24.06.2020 00:00:00;Waidhofen an der Thaya;322;25888;0;73;0;0;0;2;0;71
24.06.2020 00:00:00;Wiener Neustadt(Land);323;77991;0;89;1;1,282199;0;6;0;80
24.06.2020 00:00:00;Zwettl;325;42222;0;73;0;0;0;2;0;71
24.06.2020 00:00:00;Linz(Stadt);401;205726;0;335;9;4,374751;0;13;0;307
24.06.2020 00:00:00;Steyr(Stadt);402;38193;0;64;1;2,618281;0;2;0;61
24.06.2020 00:00:00;Wels(Stadt);403;61727;2;61;3;4,86011;0;0;0;58
24.06.2020 00:00:00;Braunau am Inn;404;104408;0;133;0;0;0;3;0;129
24.06.2020 00:00:00;Eferding;405;33156;0;57;4;12,06418;0;6;0;47
24.06.2020 00:00:00;Freistadt;406;66621;0;122;1;1,501028;0;6;0;115
24.06.2020 00:00:00;Gmunden;407;101631;0;74;1;0,9839517;0;2;0;71
24.06.2020 00:00:00;Grieskirchen;408;64721;0;76;2;3,090187;0;1;0;73
24.06.2020 00:00:00;Kirchdorf an der Krems;409;56866;0;44;0;0;0;1;0;43
24.06.2020 00:00:00;Linz-Land;410;150273;1;221;5;3,327278;0;9;0;206
24.06.2020 00:00:00;Perg;411;68459;0;264;3;4,382185;0;2;0;250
24.06.2020 00:00:00;Ried im Innkreis;412;61204;0;46;0;0;0;0;0;45
24.06.2020 00:00:00;Rohrbach;413;56524;0;154;0;0;0;0;1;153
24.06.2020 00:00:00;Schärding;414;57307;0;58;0;0;0;1;0;57
24.06.2020 00:00:00;Steyr-Land;415;60427;0;183;1;1,654889;0;7;1;175
24.06.2020 00:00:00;Urfahr-Umgebung;416;85505;1;284;2;2,339045;0;5;0;277
24.06.2020 00:00:00;Vöcklabruck;417;136253;0;110;1;0,7339288;0;4;0;103
24.06.2020 00:00:00;Wels-Land;418;73094;0;81;1;1,368101;0;0;0;79
24.06.2020 00:00:00;Salzburg(Stadt);501;154211;1;144;9;5,83616;0;1;0;133
24.06.2020 00:00:00;Hallein;502;60374;0;75;4;6,625369;0;1;0;69
24.06.2020 00:00:00;Salzburg-Umgebung;503;152281;2;209;7;4,596765;0;10;0;190
24.06.2020 00:00:00;Sankt Johann im Pongau;504;80573;0;434;1;1,241111;0;16;0;416
24.06.2020 00:00:00;Tamsweg;505;20320;0;22;0;0;0;0;0;22
24.06.2020 00:00:00;Zell am See;506;87462;0;362;0;0;0;9;0;353
24.06.2020 00:00:00;Graz(Stadt);601;288806;0;479;8;2,770025;0;42;0;422
24.06.2020 00:00:00;Deutschlandsberg;603;60821;0;49;0;0;0;2;0;47
24.06.2020 00:00:00;Graz-Umgebung;606;154260;0;249;0;0;0;34;0;215
24.06.2020 00:00:00;Leibnitz;610;82484;0;183;0;0;0;4;0;179
24.06.2020 00:00:00;Leoben;611;60060;0;24;0;0;0;3;0;21
24.06.2020 00:00:00;Liezen;612;79901;0;88;0;0;0;1;0;87
24.06.2020 00:00:00;Murau;614;27659;0;7;0;0;0;0;0;7
24.06.2020 00:00:00;Voitsberg;616;51161;0;106;0;0;0;5;0;101
24.06.2020 00:00:00;Weiz;617;90343;0;202;0;0;0;17;0;180
24.06.2020 00:00:00;Murtal;620;72004;0;32;0;0;0;1;0;31
24.06.2020 00:00:00;Bruck-Mürzzuschlag;621;98984;1;55;3;3,030793;0;3;0;49
24.06.2020 00:00:00;Hartberg-Fürstenfeld;622;90622;0;318;0;0;0;38;0;280
24.06.2020 00:00:00;Südoststeiermark;623;85947;0;63;0;0;0;2;0;61
24.06.2020 00:00:00;Innsbruck-Stadt;701;132110;1;411;2;1,51389;0;6;0;401
24.06.2020 00:00:00;Imst;702;60056;0;294;0;0;0;6;0;288
24.06.2020 00:00:00;Innsbruck-Land;703;179318;0;393;1;0,5576685;0;13;0;379
24.06.2020 00:00:00;Kitzbühel;704;63881;0;369;0;0;0;11;0;358
24.06.2020 00:00:00;Kufstein;705;109682;0;524;0;0;0;35;0;489
24.06.2020 00:00:00;Landeck;706;44362;0;993;0;0;0;16;0;975
24.06.2020 00:00:00;Lienz;707;48753;0;154;1;2,051156;0;6;0;147
24.06.2020 00:00:00;Reutte;708;32670;0;57;0;0;0;1;0;56
24.06.2020 00:00:00;Schwaz;709;83873;0;352;0;0;0;14;0;337
24.06.2020 00:00:00;Bludenz;801;63714;0;257;0;0;0;4;0;253
24.06.2020 00:00:00;Bregenz;802;134383;0;278;0;0;0;10;0;267
24.06.2020 00:00:00;Dornbirn;803;89041;1;158;2;2,246156;0;4;1;152
24.06.2020 00:00:00;Feldkirch;804;107159;0;214;0;0;0;1;0;212
24.06.2020 00:00:00;Wien;900;1897491;11;3741;151;7,957877;2;212;16;3266
25.06.2020 00:00:00;Eisenstadt(Stadt);101;14637;0;19;0;0;0;0;0;19
25.06.2020 00:00:00;Rust(Stadt);102;1940;0;0;0;0;0;0;0;0
25.06.2020 00:00:00;Eisenstadt-Umgebung;103;42927;0;23;0;0;0;1;0;22
25.06.2020 00:00:00;Güssing;104;25797;0;23;0;0;0;0;0;24
25.06.2020 00:00:00;Jennersdorf;105;17066;0;10;0;0;0;0;0;10
25.06.2020 00:00:00;Mattersburg;106;39925;0;55;1;2,504696;0;1;0;52
25.06.2020 00:00:00;Neusiedl am See;107;59552;0;57;1;1,679205;0;4;0;52
25.06.2020 00:00:00;Oberpullendorf;108;37513;0;26;2;5,331485;0;1;0;23
25.06.2020 00:00:00;Oberwart;109;54076;0;134;0;0;0;4;0;129
25.06.2020 00:00:00;Klagenfurt Stadt;201;100817;1;93;2;1,983792;0;3;0;88
25.06.2020 00:00:00;Villach Stadt;202;62243;0;23;0;0;0;0;0;23
25.06.2020 00:00:00;Hermagor;203;18224;0;5;0;0;0;0;0;5
25.06.2020 00:00:00;Klagenfurt Land;204;59800;0;45;3;5,016722;0;2;0;40
25.06.2020 00:00:00;Sankt Veit an der Glan;205;54555;0;52;0;0;0;0;0;52
25.06.2020 00:00:00;Spittal an der Drau;206;76091;1;43;1;1,314216;0;1;0;41
25.06.2020 00:00:00;Villach Land;207;64668;0;49;1;1,54636;0;2;0;46
25.06.2020 00:00:00;Völkermarkt;208;41878;0;55;1;2,387889;0;4;0;50
25.06.2020 00:00:00;Wolfsberg;209;52726;1;48;5;9,482987;0;1;0;42
25.06.2020 00:00:00;Feldkirchen;210;29937;0;15;0;0;0;0;0;15
25.06.2020 00:00:00;Krems an der Donau(Stadt);301;24876;0;41;0;0;0;3;0;38
25.06.2020 00:00:00;Sankt Pölten(Stadt);302;55044;0;95;4;7,266914;0;4;0;87
25.06.2020 00:00:00;Waidhofen an der Ybbs(Stadt);303;11261;0;25;0;0;0;3;0;22
25.06.2020 00:00:00;Wiener Neustadt(Stadt);304;45277;1;57;1;2,208627;0;0;0;54
25.06.2020 00:00:00;Amstetten;305;116114;0;300;0;0;0;16;0;284
25.06.2020 00:00:00;Baden;306;146203;1;192;5;3,419903;0;4;0;171
25.06.2020 00:00:00;Bruck an der Leitha;307;102010;1;118;3;2,940888;0;5;0;110
25.06.2020 00:00:00;Gänserndorf;308;103686;0;103;2;1,928901;0;3;0;97
25.06.2020 00:00:00;Gmünd;309;36773;0;15;1;2,719387;0;0;0;14
25.06.2020 00:00:00;Hollabrunn;310;50858;0;42;3;5,898777;0;0;1;39
25.06.2020 00:00:00;Horn;311;31090;0;65;0;0;0;5;0;60
25.06.2020 00:00:00;Korneuburg;312;90889;0;182;1;1,100243;0;5;0;170
25.06.2020 00:00:00;Krems(Land);313;56596;0;160;0;0;0;8;0;151
25.06.2020 00:00:00;Lilienfeld;314;25812;0;52;1;3,874167;0;5;0;45
25.06.2020 00:00:00;Melk;315;77962;0;174;1;1,282676;0;4;0;168
25.06.2020 00:00:00;Mistelbach;316;75483;0;146;0;0;0;7;0;139
25.06.2020 00:00:00;Mödling;317;118998;0;200;7;5,882452;0;7;0;185
25.06.2020 00:00:00;Neunkirchen;318;86291;3;214;15;17,38304;0;4;0;196
25.06.2020 00:00:00;Sankt Pölten(Land);319;131044;0;276;4;3,05241;0;11;0;260
25.06.2020 00:00:00;Scheibbs;320;41403;0;103;0;0;0;1;0;102
25.06.2020 00:00:00;Tulln;321;103771;0;179;0;0;0;6;1;171
25.06.2020 00:00:00;Waidhofen an der Thaya;322;25888;0;73;0;0;0;2;0;71
25.06.2020 00:00:00;Wiener Neustadt(Land);323;77991;0;89;1;1,282199;0;6;0;80
25.06.2020 00:00:00;Zwettl;325;42222;0;73;0;0;0;2;0;71
25.06.2020 00:00:00;Linz(Stadt);401;205726;1;336;9;4,374751;0;13;1;308
25.06.2020 00:00:00;Steyr(Stadt);402;38193;0;64;1;2,618281;0;2;0;61
25.06.2020 00:00:00;Wels(Stadt);403;61727;1;62;4;6,480146;0;0;0;58
25.06.2020 00:00:00;Braunau am Inn;404;104408;0;133;0;0;0;3;1;130
25.06.2020 00:00:00;Eferding;405;33156;0;57;4;12,06418;0;6;0;47
25.06.2020 00:00:00;Freistadt;406;66621;0;122;1;1,501028;0;6;0;115
25.06.2020 00:00:00;Gmunden;407;101631;1;75;2;1,967903;0;2;0;71
25.06.2020 00:00:00;Grieskirchen;408;64721;0;76;2;3,090187;0;1;0;73
25.06.2020 00:00:00;Kirchdorf an der Krems;409;56866;0;44;0;0;0;1;0;43
25.06.2020 00:00:00;Linz-Land;410;150273;2;223;7;4,658189;0;9;0;206
25.06.2020 00:00:00;Perg;411;68459;0;264;3;4,382185;0;2;1;251
25.06.2020 00:00:00;Ried im Innkreis;412;61204;0;46;0;0;0;0;0;45
25.06.2020 00:00:00;Rohrbach;413;56524;0;154;0;0;0;0;0;153
25.06.2020 00:00:00;Schärding;414;57307;0;58;0;0;0;1;0;57
25.06.2020 00:00:00;Steyr-Land;415;60427;0;183;1;1,654889;0;7;0;175
25.06.2020 00:00:00;Urfahr-Umgebung;416;85505;0;284;2;2,339045;0;5;0;277
25.06.2020 00:00:00;Vöcklabruck;417;136253;0;110;1;0,7339288;0;4;0;103
25.06.2020 00:00:00;Wels-Land;418;73094;3;84;4;5,472405;0;0;0;79
25.06.2020 00:00:00;Salzburg(Stadt);501;154211;0;144;8;5,187697;0;1;0;133
25.06.2020 00:00:00;Hallein;502;60374;0;75;4;6,625369;0;1;0;69
25.06.2020 00:00:00;Salzburg-Umgebung;503;152281;0;209;7;4,596765;0;10;0;190
25.06.2020 00:00:00;Sankt Johann im Pongau;504;80573;0;434;1;1,241111;0;16;0;416
25.06.2020 00:00:00;Tamsweg;505;20320;0;22;0;0;0;0;0;22
25.06.2020 00:00:00;Zell am See;506;87462;0;362;0;0;0;9;0;353
25.06.2020 00:00:00;Graz(Stadt);601;288806;2;481;8;2,770025;0;42;0;422
25.06.2020 00:00:00;Deutschlandsberg;603;60821;0;49;0;0;0;2;0;47
25.06.2020 00:00:00;Graz-Umgebung;606;154260;0;249;0;0;0;34;0;215
25.06.2020 00:00:00;Leibnitz;610;82484;0;183;0;0;0;4;0;179
25.06.2020 00:00:00;Leoben;611;60060;0;24;0;0;0;3;0;21
25.06.2020 00:00:00;Liezen;612;79901;0;88;0;0;0;1;0;87
25.06.2020 00:00:00;Murau;614;27659;0;7;0;0;0;0;0;7
25.06.2020 00:00:00;Voitsberg;616;51161;0;106;0;0;0;5;0;101
25.06.2020 00:00:00;Weiz;617;90343;0;202;0;0;1;18;0;180
25.06.2020 00:00:00;Murtal;620;72004;0;32;0;0;0;1;0;31
25.06.2020 00:00:00;Bruck-Mürzzuschlag;621;98984;1;56;4;4,041057;0;3;0;49
25.06.2020 00:00:00;Hartberg-Fürstenfeld;622;90622;0;318;0;0;0;38;0;280
25.06.2020 00:00:00;Südoststeiermark;623;85947;0;63;0;0;0;2;0;61
25.06.2020 00:00:00;Innsbruck-Stadt;701;132110;1;412;3;2,270835;0;6;0;401
25.06.2020 00:00:00;Imst;702;60056;0;294;0;0;0;6;0;288
25.06.2020 00:00:00;Innsbruck-Land;703;179318;0;393;1;0,5576685;0;13;0;379
25.06.2020 00:00:00;Kitzbühel;704;63881;0;369;0;0;0;11;0;358
25.06.2020 00:00:00;Kufstein;705;109682;0;524;0;0;0;35;0;489
25.06.2020 00:00:00;Landeck;706;44362;0;993;0;0;0;16;0;975
25.06.2020 00:00:00;Lienz;707;48753;0;154;1;2,051156;0;6;0;147
25.06.2020 00:00:00;Reutte;708;32670;0;57;0;0;0;1;0;56
25.06.2020 00:00:00;Schwaz;709;83873;0;352;0;0;0;14;0;337
25.06.2020 00:00:00;Bludenz;801;63714;0;257;0;0;0;4;0;253
25.06.2020 00:00:00;Bregenz;802;134383;0;278;0;0;0;10;0;267
25.06.2020 00:00:00;Dornbirn;803;89041;0;158;2;2,246156;0;4;0;152
25.06.2020 00:00:00;Feldkirch;804;107159;0;214;0;0;0;1;0;212
25.06.2020 00:00:00;Wien;900;1897491;23;3764;150;7,905176;0;212;27;3293
26.06.2020 00:00:00;Eisenstadt(Stadt);101;14637;0;19;0;0;0;0;0;19
26.06.2020 00:00:00;Rust(Stadt);102;1940;0;0;0;0;0;0;0;0
26.06.2020 00:00:00;Eisenstadt-Umgebung;103;42927;0;23;0;0;0;1;0;22
26.06.2020 00:00:00;Güssing;104;25797;0;23;0;0;0;0;0;24
26.06.2020 00:00:00;Jennersdorf;105;17066;0;10;0;0;0;0;0;10
26.06.2020 00:00:00;Mattersburg;106;39925;0;55;1;2,504696;0;1;0;52
26.06.2020 00:00:00;Neusiedl am See;107;59552;0;57;1;1,679205;0;4;0;52
26.06.2020 00:00:00;Oberpullendorf;108;37513;0;26;2;5,331485;0;1;0;23
26.06.2020 00:00:00;Oberwart;109;54076;0;134;0;0;0;4;0;129
26.06.2020 00:00:00;Klagenfurt Stadt;201;100817;0;93;2;1,983792;0;3;0;88
26.06.2020 00:00:00;Villach Stadt;202;62243;0;23;0;0;0;0;0;23
26.06.2020 00:00:00;Hermagor;203;18224;0;5;0;0;0;0;0;5
26.06.2020 00:00:00;Klagenfurt Land;204;59800;0;45;3;5,016722;0;2;0;40
26.06.2020 00:00:00;Sankt Veit an der Glan;205;54555;0;52;0;0;0;0;0;52
26.06.2020 00:00:00;Spittal an der Drau;206;76091;1;44;2;2,628432;0;1;0;41
26.06.2020 00:00:00;Villach Land;207;64668;0;49;1;1,54636;0;2;0;46
26.06.2020 00:00:00;Völkermarkt;208;41878;0;55;1;2,387889;0;4;0;50
26.06.2020 00:00:00;Wolfsberg;209;52726;0;48;5;9,482987;0;1;0;42
26.06.2020 00:00:00;Feldkirchen;210;29937;0;15;0;0;0;0;0;15
26.06.2020 00:00:00;Krems an der Donau(Stadt);301;24876;0;41;0;0;0;3;0;38
26.06.2020 00:00:00;Sankt Pölten(Stadt);302;55044;0;95;3;5,450185;0;4;0;87
26.06.2020 00:00:00;Waidhofen an der Ybbs(Stadt);303;11261;0;25;0;0;0;3;0;22
26.06.2020 00:00:00;Wiener Neustadt(Stadt);304;45277;1;58;2;4,417254;0;0;0;54
26.06.2020 00:00:00;Amstetten;305;116114;0;300;0;0;0;16;0;284
26.06.2020 00:00:00;Baden;306;146203;0;192;3;2,051941;0;4;2;173
26.06.2020 00:00:00;Bruck an der Leitha;307;102010;0;118;3;2,940888;0;5;0;110
26.06.2020 00:00:00;Gänserndorf;308;103686;1;104;2;1,928901;0;3;0;97
26.06.2020 00:00:00;Gmünd;309;36773;0;15;1;2,719387;0;0;0;14
26.06.2020 00:00:00;Hollabrunn;310;50858;0;42;3;5,898777;0;0;0;39
26.06.2020 00:00:00;Horn;311;31090;0;65;0;0;0;5;0;60
26.06.2020 00:00:00;Korneuburg;312;90889;0;182;1;1,100243;0;5;1;171
26.06.2020 00:00:00;Krems(Land);313;56596;0;160;0;0;0;8;0;151
26.06.2020 00:00:00;Lilienfeld;314;25812;0;52;1;3,874167;0;5;0;45
26.06.2020 00:00:00;Melk;315;77962;0;174;1;1,282676;0;4;0;168
26.06.2020 00:00:00;Mistelbach;316;75483;0;146;0;0;0;7;0;139
26.06.2020 00:00:00;Mödling;317;118998;0;200;7;5,882452;0;7;1;186
26.06.2020 00:00:00;Neunkirchen;318;86291;3;217;17;19,70078;0;4;0;196
26.06.2020 00:00:00;Sankt Pölten(Land);319;131044;0;276;3;2,289307;0;11;0;260
26.06.2020 00:00:00;Scheibbs;320;41403;0;103;0;0;0;1;0;102
26.06.2020 00:00:00;Tulln;321;103771;1;180;1;0,9636604;0;6;0;171
26.06.2020 00:00:00;Waidhofen an der Thaya;322;25888;0;73;0;0;0;2;0;71
26.06.2020 00:00:00;Wiener Neustadt(Land);323;77991;0;89;1;1,282199;0;6;1;81
26.06.2020 00:00:00;Zwettl;325;42222;0;73;0;0;0;2;0;71
26.06.2020 00:00:00;Linz(Stadt);401;205726;11;347;18;8,749502;0;13;0;308
26.06.2020 00:00:00;Steyr(Stadt);402;38193;0;64;1;2,618281;0;2;0;61
26.06.2020 00:00:00;Wels(Stadt);403;61727;1;63;5;8,100183;0;0;0;58
26.06.2020 00:00:00;Braunau am Inn;404;104408;0;133;0;0;0;3;0;130
26.06.2020 00:00:00;Eferding;405;33156;0;57;3;9,048136;0;6;0;47
26.06.2020 00:00:00;Freistadt;406;66621;1;123;2;3,002056;0;6;0;115
26.06.2020 00:00:00;Gmunden;407;101631;1;76;3;2,951855;0;2;0;71
26.06.2020 00:00:00;Grieskirchen;408;64721;0;76;2;3,090187;0;1;0;73
26.06.2020 00:00:00;Kirchdorf an der Krems;409;56866;0;44;0;0;0;1;0;43
26.06.2020 00:00:00;Linz-Land;410;150273;7;230;14;9,316378;0;9;0;206
26.06.2020 00:00:00;Perg;411;68459;0;264;3;4,382185;0;2;1;252
26.06.2020 00:00:00;Ried im Innkreis;412;61204;0;46;0;0;0;0;0;45
26.06.2020 00:00:00;Rohrbach;413;56524;0;154;0;0;0;0;0;153
26.06.2020 00:00:00;Schärding;414;57307;0;58;0;0;0;1;0;57
26.06.2020 00:00:00;Steyr-Land;415;60427;0;183;1;1,654889;0;7;0;175
26.06.2020 00:00:00;Urfahr-Umgebung;416;85505;1;285;3;3,508567;0;5;0;277
26.06.2020 00:00:00;Vöcklabruck;417;136253;0;110;1;0,7339288;0;4;1;104
26.06.2020 00:00:00;Wels-Land;418;73094;2;86;6;8,208608;0;0;0;79
26.06.2020 00:00:00;Salzburg(Stadt);501;154211;0;144;6;3,890773;0;1;0;133
26.06.2020 00:00:00;Hallein;502;60374;0;75;3;4,969027;0;1;0;69
26.06.2020 00:00:00;Salzburg-Umgebung;503;152281;0;209;6;3,940084;0;10;0;190
26.06.2020 00:00:00;Sankt Johann im Pongau;504;80573;0;434;1;1,241111;0;16;0;416
26.06.2020 00:00:00;Tamsweg;505;20320;0;22;0;0;0;0;0;22
26.06.2020 00:00:00;Zell am See;506;87462;0;362;0;0;0;9;0;353
26.06.2020 00:00:00;Graz(Stadt);601;288806;4;485;12;4,155038;0;42;3;425
26.06.2020 00:00:00;Deutschlandsberg;603;60821;0;49;0;0;0;2;0;47
26.06.2020 00:00:00;Graz-Umgebung;606;154260;0;249;0;0;0;34;0;215
26.06.2020 00:00:00;Leibnitz;610;82484;0;183;0;0;0;4;0;179
26.06.2020 00:00:00;Leoben;611;60060;0;24;0;0;0;3;0;21
26.06.2020 00:00:00;Liezen;612;79901;0;88;0;0;0;1;0;87
26.06.2020 00:00:00;Murau;614;27659;0;7;0;0;0;0;0;7
26.06.2020 00:00:00;Voitsberg;616;51161;0;106;0;0;0;5;0;101
26.06.2020 00:00:00;Weiz;617;90343;0;202;0;0;0;18;1;181
26.06.2020 00:00:00;Murtal;620;72004;0;32;0;0;0;1;0;31
26.06.2020 00:00:00;Bruck-Mürzzuschlag;621;98984;1;57;5;5,051322;0;3;0;49
26.06.2020 00:00:00;Hartberg-Fürstenfeld;622;90622;0;318;0;0;0;38;0;280
26.06.2020 00:00:00;Südoststeiermark;623;85947;0;63;0;0;0;2;0;61
26.06.2020 00:00:00;Innsbruck-Stadt;701;132110;0;412;3;2,270835;0;6;0;401
26.06.2020 00:00:00;Imst;702;60056;0;294;0;0;0;6;0;288
26.06.2020 00:00:00;Innsbruck-Land;703;179318;0;393;1;0,5576685;0;13;0;379
26.06.2020 00:00:00;Kitzbühel;704;63881;0;369;0;0;0;11;0;358
26.06.2020 00:00:00;Kufstein;705;109682;0;524;0;0;0;35;0;489
26.06.2020 00:00:00;Landeck;706;44362;0;993;0;0;0;16;0;975
26.06.2020 00:00:00;Lienz;707;48753;0;154;1;2,051156;0;6;0;147
26.06.2020 00:00:00;Reutte;708;32670;0;57;0;0;0;1;0;56
26.06.2020 00:00:00;Schwaz;709;83873;0;352;0;0;0;14;0;337
26.06.2020 00:00:00;Bludenz;801;63714;0;257;0;0;0;4;0;253
26.06.2020 00:00:00;Bregenz;802;134383;0;278;0;0;0;10;0;267
26.06.2020 00:00:00;Dornbirn;803;89041;0;158;1;1,123078;0;4;0;152
26.06.2020 00:00:00;Feldkirch;804;107159;2;216;2;1,866385;0;1;1;213
26.06.2020 00:00:00;Wien;900;1897491;36;3800;168;8,853797;0;212;13;3306
27.06.2020 00:00:00;Eisenstadt(Stadt);101;14637;0;19;0;0;0;0;0;19
27.06.2020 00:00:00;Rust(Stadt);102;1940;0;0;0;0;0;0;0;0
27.06.2020 00:00:00;Eisenstadt-Umgebung;103;42927;0;23;0;0;0;1;0;22
27.06.2020 00:00:00;Güssing;104;25797;0;23;0;0;0;0;0;24
27.06.2020 00:00:00;Jennersdorf;105;17066;0;10;0;0;0;0;0;10
27.06.2020 00:00:00;Mattersburg;106;39925;0;55;0;0;0;1;0;52
27.06.2020 00:00:00;Neusiedl am See;107;59552;0;57;1;1,679205;0;4;0;52
27.06.2020 00:00:00;Oberpullendorf;108;37513;0;26;1;2,665743;0;1;0;23
27.06.2020 00:00:00;Oberwart;109;54076;2;136;2;3,698498;0;4;1;130
27.06.2020 00:00:00;Klagenfurt Stadt;201;100817;0;93;2;1,983792;0;3;0;88
27.06.2020 00:00:00;Villach Stadt;202;62243;0;23;0;0;0;0;0;23
27.06.2020 00:00:00;Hermagor;203;18224;0;5;0;0;0;0;0;5
27.06.2020 00:00:00;Klagenfurt Land;204;59800;0;45;2;3,344482;0;2;0;40
27.06.2020 00:00:00;Sankt Veit an der Glan;205;54555;0;52;0;0;0;0;0;52
27.06.2020 00:00:00;Spittal an der Drau;206;76091;0;44;2;2,628432;0;1;0;41
27.06.2020 00:00:00;Villach Land;207;64668;0;49;1;1,54636;0;2;0;46
27.06.2020 00:00:00;Völkermarkt;208;41878;0;55;1;2,387889;0;4;0;50
27.06.2020 00:00:00;Wolfsberg;209;52726;0;48;3;5,689793;0;1;0;42
27.06.2020 00:00:00;Feldkirchen;210;29937;0;15;0;0;0;0;0;15
27.06.2020 00:00:00;Krems an der Donau(Stadt);301;24876;0;41;0;0;0;3;0;38
27.06.2020 00:00:00;Sankt Pölten(Stadt);302;55044;0;95;3;5,450185;0;4;0;87
27.06.2020 00:00:00;Waidhofen an der Ybbs(Stadt);303;11261;0;25;0;0;0;3;0;22
27.06.2020 00:00:00;Wiener Neustadt(Stadt);304;45277;0;58;2;4,417254;0;0;0;54
27.06.2020 00:00:00;Amstetten;305;116114;0;300;0;0;0;16;0;284
27.06.2020 00:00:00;Baden;306;146203;0;192;3;2,051941;0;4;1;174
27.06.2020 00:00:00;Bruck an der Leitha;307;102010;1;119;4;3,921184;0;5;0;110
27.06.2020 00:00:00;Gänserndorf;308;103686;0;104;2;1,928901;0;3;0;97
27.06.2020 00:00:00;Gmünd;309;36773;0;15;1;2,719387;0;0;0;14
27.06.2020 00:00:00;Hollabrunn;310;50858;0;42;3;5,898777;0;0;0;39
27.06.2020 00:00:00;Horn;311;31090;0;65;0;0;0;5;0;60
27.06.2020 00:00:00;Korneuburg;312;90889;1;183;1;1,100243;0;5;0;171
27.06.2020 00:00:00;Krems(Land);313;56596;0;160;0;0;0;8;0;151
27.06.2020 00:00:00;Lilienfeld;314;25812;0;52;1;3,874167;0;5;0;45
27.06.2020 00:00:00;Melk;315;77962;0;174;1;1,282676;0;4;2;170
27.06.2020 00:00:00;Mistelbach;316;75483;0;146;0;0;0;7;0;139
27.06.2020 00:00:00;Mödling;317;118998;0;200;7;5,882452;0;7;0;186
27.06.2020 00:00:00;Neunkirchen;318;86291;1;218;16;18,54191;1;5;0;196
27.06.2020 00:00:00;Sankt Pölten(Land);319;131044;0;276;3;2,289307;0;11;1;261
27.06.2020 00:00:00;Scheibbs;320;41403;0;103;0;0;0;1;0;102
27.06.2020 00:00:00;Tulln;321;103771;0;180;1;0,9636604;0;6;0;171
27.06.2020 00:00:00;Waidhofen an der Thaya;322;25888;0;73;0;0;0;2;0;71
27.06.2020 00:00:00;Wiener Neustadt(Land);323;77991;0;89;1;1,282199;0;6;0;81
27.06.2020 00:00:00;Zwettl;325;42222;0;73;0;0;0;2;0;71
27.06.2020 00:00:00;Linz(Stadt);401;205726;6;353;24;11,666;0;13;0;308
27.06.2020 00:00:00;Steyr(Stadt);402;38193;0;64;1;2,618281;0;2;0;61
27.06.2020 00:00:00;Wels(Stadt);403;61727;3;66;8;12,96029;0;0;0;58
27.06.2020 00:00:00;Braunau am Inn;404;104408;0;133;0;0;0;3;0;130
27.06.2020 00:00:00;Eferding;405;33156;0;57;3;9,048136;0;6;0;47
27.06.2020 00:00:00;Freistadt;406;66621;0;123;2;3,002056;0;6;0;115
27.06.2020 00:00:00;Gmunden;407;101631;0;76;2;1,967903;0;2;0;71
27.06.2020 00:00:00;Grieskirchen;408;64721;0;76;2;3,090187;0;1;0;73
27.06.2020 00:00:00;Kirchdorf an der Krems;409;56866;0;44;0;0;0;1;0;43
27.06.2020 00:00:00;Linz-Land;410;150273;7;237;21;13,97457;0;9;0;206
27.06.2020 00:00:00;Perg;411;68459;0;264;3;4,382185;0;2;3;255
27.06.2020 00:00:00;Ried im Innkreis;412;61204;0;46;0;0;0;0;0;45
27.06.2020 00:00:00;Rohrbach;413;56524;0;154;0;0;0;0;0;153
27.06.2020 00:00:00;Schärding;414;57307;1;59;1;1,744987;0;1;0;57
27.06.2020 00:00:00;Steyr-Land;415;60427;0;183;1;1,654889;0;7;0;175
27.06.2020 00:00:00;Urfahr-Umgebung;416;85505;1;286;4;4,678089;0;5;0;277
27.06.2020 00:00:00;Vöcklabruck;417;136253;0;110;0;0;0;4;0;104
27.06.2020 00:00:00;Wels-Land;418;73094;1;87;6;8,208608;0;0;0;79
27.06.2020 00:00:00;Salzburg(Stadt);501;154211;0;144;5;3,242311;0;1;0;133
27.06.2020 00:00:00;Hallein;502;60374;0;75;1;1,656342;0;1;0;69
27.06.2020 00:00:00;Salzburg-Umgebung;503;152281;2;211;7;4,596765;0;10;0;190
27.06.2020 00:00:00;Sankt Johann im Pongau;504;80573;0;434;0;0;0;16;0;416
27.06.2020 00:00:00;Tamsweg;505;20320;0;22;0;0;0;0;0;22
27.06.2020 00:00:00;Zell am See;506;87462;1;363;1;1,143354;0;9;0;353
27.06.2020 00:00:00;Graz(Stadt);601;288806;0;485;8;2,770025;0;42;2;427
27.06.2020 00:00:00;Deutschlandsberg;603;60821;0;49;0;0;0;2;0;47
27.06.2020 00:00:00;Graz-Umgebung;606;154260;0;249;0;0;0;34;0;215
27.06.2020 00:00:00;Leibnitz;610;82484;0;183;0;0;0;4;0;179
27.06.2020 00:00:00;Leoben;611;60060;0;24;0;0;0;3;0;21
27.06.2020 00:00:00;Liezen;612;79901;0;88;0;0;0;1;0;87
27.06.2020 00:00:00;Murau;614;27659;0;7;0;0;0;0;0;7
27.06.2020 00:00:00;Voitsberg;616;51161;0;106;0;0;0;5;0;101
27.06.2020 00:00:00;Weiz;617;90343;0;202;0;0;0;18;0;181
27.06.2020 00:00:00;Murtal;620;72004;0;32;0;0;0;1;0;31
27.06.2020 00:00:00;Bruck-Mürzzuschlag;621;98984;0;57;5;5,051322;0;3;0;49
27.06.2020 00:00:00;Hartberg-Fürstenfeld;622;90622;0;318;0;0;0;38;0;280
27.06.2020 00:00:00;Südoststeiermark;623;85947;0;63;0;0;0;2;0;61
27.06.2020 00:00:00;Innsbruck-Stadt;701;132110;0;412;3;2,270835;0;6;0;401
27.06.2020 00:00:00;Imst;702;60056;0;294;0;0;0;6;0;288
27.06.2020 00:00:00;Innsbruck-Land;703;179318;0;393;0;0;0;13;0;379
27.06.2020 00:00:00;Kitzbühel;704;63881;0;369;0;0;0;11;0;358
27.06.2020 00:00:00;Kufstein;705;109682;1;525;1;0,9117267;0;35;0;489
27.06.2020 00:00:00;Landeck;706;44362;0;993;0;0;0;16;0;975
27.06.2020 00:00:00;Lienz;707;48753;0;154;1;2,051156;0;6;0;147
27.06.2020 00:00:00;Reutte;708;32670;0;57;0;0;0;1;0;56
27.06.2020 00:00:00;Schwaz;709;83873;0;352;0;0;0;14;0;337
27.06.2020 00:00:00;Bludenz;801;63714;0;257;0;0;0;4;0;253
27.06.2020 00:00:00;Bregenz;802;134383;0;278;0;0;0;10;0;267
27.06.2020 00:00:00;Dornbirn;803;89041;0;158;1;1,123078;0;4;0;152
27.06.2020 00:00:00;Feldkirch;804;107159;0;216;2;1,866385;0;1;0;213
27.06.2020 00:00:00;Wien;900;1897491;17;3817;154;8,11598;1;213;21;3327
28.06.2020 00:00:00;Eisenstadt(Stadt);101;14637;0;19;0;0;0;0;0;19
28.06.2020 00:00:00;Rust(Stadt);102;1940;0;0;0;0;0;0;0;0
28.06.2020 00:00:00;Eisenstadt-Umgebung;103;42927;0;23;0;0;0;1;0;22
28.06.2020 00:00:00;Güssing;104;25797;0;23;0;0;0;0;0;24
28.06.2020 00:00:00;Jennersdorf;105;17066;0;10;0;0;0;0;0;10
28.06.2020 00:00:00;Mattersburg;106;39925;0;55;0;0;0;1;0;52
28.06.2020 00:00:00;Neusiedl am See;107;59552;1;58;2;3,358409;0;4;0;52
28.06.2020 00:00:00;Oberpullendorf;108;37513;0;26;1;2,665743;0;1;0;23
28.06.2020 00:00:00;Oberwart;109;54076;0;136;2;3,698498;0;4;0;130
28.06.2020 00:00:00;Klagenfurt Stadt;201;100817;0;93;2;1,983792;0;3;0;88
28.06.2020 00:00:00;Villach Stadt;202;62243;0;23;0;0;0;0;0;23
28.06.2020 00:00:00;Hermagor;203;18224;0;5;0;0;0;0;0;5
28.06.2020 00:00:00;Klagenfurt Land;204;59800;0;45;0;0;0;2;0;40
28.06.2020 00:00:00;Sankt Veit an der Glan;205;54555;0;52;0;0;0;0;0;52
28.06.2020 00:00:00;Spittal an der Drau;206;76091;0;44;2;2,628432;0;1;0;41
28.06.2020 00:00:00;Villach Land;207;64668;0;49;1;1,54636;0;2;0;46
28.06.2020 00:00:00;Völkermarkt;208;41878;0;55;0;0;0;4;0;50
28.06.2020 00:00:00;Wolfsberg;209;52726;0;48;3;5,689793;0;1;0;42
28.06.2020 00:00:00;Feldkirchen;210;29937;0;15;0;0;0;0;0;15
28.06.2020 00:00:00;Krems an der Donau(Stadt);301;24876;0;41;0;0;0;3;0;38
28.06.2020 00:00:00;Sankt Pölten(Stadt);302;55044;2;97;3;5,450185;0;4;0;87
28.06.2020 00:00:00;Waidhofen an der Ybbs(Stadt);303;11261;0;25;0;0;0;3;0;22
28.06.2020 00:00:00;Wiener Neustadt(Stadt);304;45277;0;58;2;4,417254;0;0;0;54
28.06.2020 00:00:00;Amstetten;305;116114;0;300;0;0;0;16;0;284
28.06.2020 00:00:00;Baden;306;146203;3;195;6;4,103883;0;4;1;175
28.06.2020 00:00:00;Bruck an der Leitha;307;102010;0;119;4;3,921184;0;5;0;110
28.06.2020 00:00:00;Gänserndorf;308;103686;0;104;2;1,928901;0;3;0;97
28.06.2020 00:00:00;Gmünd;309;36773;0;15;0;0;0;0;0;14
28.06.2020 00:00:00;Hollabrunn;310;50858;0;42;0;0;0;0;0;39
28.06.2020 00:00:00;Horn;311;31090;0;65;0;0;0;5;0;60
28.06.2020 00:00:00;Korneuburg;312;90889;0;183;1;1,100243;0;5;0;171
28.06.2020 00:00:00;Krems(Land);313;56596;0;160;0;0;0;8;0;151
28.06.2020 00:00:00;Lilienfeld;314;25812;0;52;1;3,874167;0;5;0;45
28.06.2020 00:00:00;Melk;315;77962;0;174;1;1,282676;0;4;0;170
28.06.2020 00:00:00;Mistelbach;316;75483;0;146;0;0;0;7;0;139
28.06.2020 00:00:00;Mödling;317;118998;2;202;9;7,563152;0;7;0;186
28.06.2020 00:00:00;Neunkirchen;318;86291;1;219;12;13,90643;0;5;0;196
28.06.2020 00:00:00;Sankt Pölten(Land);319;131044;0;276;2;1,526205;0;11;0;261
28.06.2020 00:00:00;Scheibbs;320;41403;0;103;0;0;0;1;0;102
28.06.2020 00:00:00;Tulln;321;103771;1;181;2;1,927321;0;6;0;171
28.06.2020 00:00:00;Waidhofen an der Thaya;322;25888;0;73;0;0;0;2;0;71
28.06.2020 00:00:00;Wiener Neustadt(Land);323;77991;0;89;1;1,282199;0;6;1;82
28.06.2020 00:00:00;Zwettl;325;42222;0;73;0;0;0;2;0;71
28.06.2020 00:00:00;Linz(Stadt);401;205726;6;359;28;13,61034;0;13;0;308
28.06.2020 00:00:00;Steyr(Stadt);402;38193;0;64;1;2,618281;0;2;0;61
28.06.2020 00:00:00;Wels(Stadt);403;61727;0;66;8;12,96029;0;0;0;58
28.06.2020 00:00:00;Braunau am Inn;404;104408;0;133;0;0;0;3;0;130
28.06.2020 00:00:00;Eferding;405;33156;0;57;2;6,032091;0;6;0;47
28.06.2020 00:00:00;Freistadt;406;66621;0;123;2;3,002056;0;6;0;115
28.06.2020 00:00:00;Gmunden;407;101631;1;77;3;2,951855;0;2;0;71
28.06.2020 00:00:00;Grieskirchen;408;64721;0;76;1;1,545094;0;1;0;73
28.06.2020 00:00:00;Kirchdorf an der Krems;409;56866;0;44;0;0;0;1;0;43
28.06.2020 00:00:00;Linz-Land;410;150273;16;253;37;24,62185;0;9;0;206
28.06.2020 00:00:00;Perg;411;68459;1;265;4;5,842913;0;2;0;255
28.06.2020 00:00:00;Ried im Innkreis;412;61204;0;46;0;0;0;0;0;45
28.06.2020 00:00:00;Rohrbach;413;56524;0;154;0;0;0;0;0;153
28.06.2020 00:00:00;Schärding;414;57307;3;62;4;6,97995;0;1;0;57
28.06.2020 00:00:00;Steyr-Land;415;60427;0;183;1;1,654889;0;7;0;175
28.06.2020 00:00:00;Urfahr-Umgebung;416;85505;4;290;8;9,356178;0;5;0;277
28.06.2020 00:00:00;Vöcklabruck;417;136253;0;110;0;0;0;4;0;104
28.06.2020 00:00:00;Wels-Land;418;73094;5;92;11;15,04912;0;0;0;79
28.06.2020 00:00:00;Salzburg(Stadt);501;154211;0;144;4;2,593849;0;1;0;133
28.06.2020 00:00:00;Hallein;502;60374;0;75;0;0;0;1;0;69
28.06.2020 00:00:00;Salzburg-Umgebung;503;152281;0;211;6;3,940084;0;10;0;190
28.06.2020 00:00:00;Sankt Johann im Pongau;504;80573;2;436;2;2,482221;0;16;0;416
28.06.2020 00:00:00;Tamsweg;505;20320;0;22;0;0;0;0;0;22
28.06.2020 00:00:00;Zell am See;506;87462;0;363;1;1,143354;0;9;0;353
28.06.2020 00:00:00;Graz(Stadt);601;288806;3;488;10;3,462532;0;42;1;428
28.06.2020 00:00:00;Deutschlandsberg;603;60821;0;49;0;0;0;2;0;47
28.06.2020 00:00:00;Graz-Umgebung;606;154260;0;249;0;0;0;34;0;215
28.06.2020 00:00:00;Leibnitz;610;82484;0;183;0;0;0;4;0;179
28.06.2020 00:00:00;Leoben;611;60060;0;24;0;0;0;3;0;21
28.06.2020 00:00:00;Liezen;612;79901;0;88;0;0;0;1;0;87
28.06.2020 00:00:00;Murau;614;27659;0;7;0;0;0;0;0;7
28.06.2020 00:00:00;Voitsberg;616;51161;0;106;0;0;0;5;0;101
28.06.2020 00:00:00;Weiz;617;90343;0;202;0;0;0;18;0;181
28.06.2020 00:00:00;Murtal;620;72004;0;32;0;0;0;1;0;31
28.06.2020 00:00:00;Bruck-Mürzzuschlag;621;98984;0;57;5;5,051322;0;3;0;49
28.06.2020 00:00:00;Hartberg-Fürstenfeld;622;90622;0;318;0;0;0;38;0;280
28.06.2020 00:00:00;Südoststeiermark;623;85947;0;63;0;0;0;2;0;61
28.06.2020 00:00:00;Innsbruck-Stadt;701;132110;2;414;5;3,784725;0;6;0;401
28.06.2020 00:00:00;Imst;702;60056;0;294;0;0;0;6;0;288
28.06.2020 00:00:00;Innsbruck-Land;703;179318;0;393;0;0;0;13;0;379
28.06.2020 00:00:00;Kitzbühel;704;63881;0;369;0;0;0;11;0;358
28.06.2020 00:00:00;Kufstein;705;109682;0;525;1;0,9117267;0;35;0;489
28.06.2020 00:00:00;Landeck;706;44362;0;993;0;0;0;16;0;975
28.06.2020 00:00:00;Lienz;707;48753;0;154;1;2,051156;0;6;0;147
28.06.2020 00:00:00;Reutte;708;32670;0;57;0;0;0;1;0;56
28.06.2020 00:00:00;Schwaz;709;83873;0;352;0;0;0;14;0;337
28.06.2020 00:00:00;Bludenz;801;63714;0;257;0;0;0;4;0;253
28.06.2020 00:00:00;Bregenz;802;134383;0;278;0;0;0;10;0;267
28.06.2020 00:00:00;Dornbirn;803;89041;0;158;1;1,123078;0;4;0;152
28.06.2020 00:00:00;Feldkirch;804;107159;0;216;2;1,866385;0;1;0;213
28.06.2020 00:00:00;Wien;900;1897491;10;3827;155;8,168682;1;214;19;3346
29.06.2020 00:00:00;Eisenstadt(Stadt);101;14637;0;19;0;0;0;0;0;19
29.06.2020 00:00:00;Rust(Stadt);102;1940;0;0;0;0;0;0;0;0
29.06.2020 00:00:00;Eisenstadt-Umgebung;103;42927;0;23;0;0;0;1;0;22
29.06.2020 00:00:00;Güssing;104;25797;0;23;0;0;0;0;0;24
29.06.2020 00:00:00;Jennersdorf;105;17066;0;10;0;0;0;0;0;10
29.06.2020 00:00:00;Mattersburg;106;39925;0;55;0;0;0;1;0;52
29.06.2020 00:00:00;Neusiedl am See;107;59552;0;58;2;3,358409;0;4;0;52
29.06.2020 00:00:00;Oberpullendorf;108;37513;0;26;1;2,665743;0;1;0;23
29.06.2020 00:00:00;Oberwart;109;54076;0;136;2;3,698498;0;4;0;130
29.06.2020 00:00:00;Klagenfurt Stadt;201;100817;0;93;2;1,983792;0;3;0;88
29.06.2020 00:00:00;Villach Stadt;202;62243;0;23;0;0;0;0;0;23
29.06.2020 00:00:00;Hermagor;203;18224;0;5;0;0;0;0;0;5
29.06.2020 00:00:00;Klagenfurt Land;204;59800;0;45;0;0;0;2;0;40
29.06.2020 00:00:00;Sankt Veit an der Glan;205;54555;0;52;0;0;0;0;0;52
29.06.2020 00:00:00;Spittal an der Drau;206;76091;0;44;2;2,628432;0;1;0;41
29.06.2020 00:00:00;Villach Land;207;64668;0;49;1;1,54636;0;2;0;46
29.06.2020 00:00:00;Völkermarkt;208;41878;0;55;0;0;0;4;0;50
29.06.2020 00:00:00;Wolfsberg;209;52726;0;48;3;5,689793;0;1;0;42
29.06.2020 00:00:00;Feldkirchen;210;29937;0;15;0;0;0;0;0;15
29.06.2020 00:00:00;Krems an der Donau(Stadt);301;24876;0;41;0;0;0;3;0;38
29.06.2020 00:00:00;Sankt Pölten(Stadt);302;55044;0;97;3;5,450185;0;4;0;87
29.06.2020 00:00:00;Waidhofen an der Ybbs(Stadt);303;11261;0;25;0;0;0;3;0;22
29.06.2020 00:00:00;Wiener Neustadt(Stadt);304;45277;2;60;4;8,834508;0;0;1;55
29.06.2020 00:00:00;Amstetten;305;116114;0;300;0;0;0;16;0;284
29.06.2020 00:00:00;Baden;306;146203;0;195;6;4,103883;0;4;4;179
29.06.2020 00:00:00;Bruck an der Leitha;307;102010;0;119;4;3,921184;0;5;0;110
29.06.2020 00:00:00;Gänserndorf;308;103686;0;104;1;0,9644504;0;3;0;97
29.06.2020 00:00:00;Gmünd;309;36773;0;15;0;0;0;0;0;14
29.06.2020 00:00:00;Hollabrunn;310;50858;0;42;0;0;0;0;0;39
29.06.2020 00:00:00;Horn;311;31090;0;65;0;0;0;5;0;60
29.06.2020 00:00:00;Korneuburg;312;90889;0;183;1;1,100243;0;5;5;176
29.06.2020 00:00:00;Krems(Land);313;56596;0;160;0;0;0;8;1;152
29.06.2020 00:00:00;Lilienfeld;314;25812;0;52;1;3,874167;0;5;1;46
29.06.2020 00:00:00;Melk;315;77962;0;174;1;1,282676;0;4;0;170
29.06.2020 00:00:00;Mistelbach;316;75483;0;146;0;0;0;7;0;139
29.06.2020 00:00:00;Mödling;317;118998;0;202;6;5,042101;0;7;0;186
29.06.2020 00:00:00;Neunkirchen;318;86291;0;219;12;13,90643;1;6;0;196
29.06.2020 00:00:00;Sankt Pölten(Land);319;131044;0;276;2;1,526205;0;11;0;261
29.06.2020 00:00:00;Scheibbs;320;41403;0;103;0;0;0;1;0;102
29.06.2020 00:00:00;Tulln;321;103771;2;183;4;3,854641;0;6;0;171
29.06.2020 00:00:00;Waidhofen an der Thaya;322;25888;0;73;0;0;0;2;0;71
29.06.2020 00:00:00;Wiener Neustadt(Land);323;77991;0;89;1;1,282199;0;6;0;82
29.06.2020 00:00:00;Zwettl;325;42222;0;73;0;0;0;2;0;71
29.06.2020 00:00:00;Linz(Stadt);401;205726;2;361;29;14,09642;0;13;0;308
29.06.2020 00:00:00;Steyr(Stadt);402;38193;0;64;1;2,618281;0;2;0;61
29.06.2020 00:00:00;Wels(Stadt);403;61727;0;66;8;12,96029;0;0;0;58
29.06.2020 00:00:00;Braunau am Inn;404;104408;1;134;1;0,957781;0;3;0;130
29.06.2020 00:00:00;Eferding;405;33156;0;57;1;3,016045;0;6;0;47
29.06.2020 00:00:00;Freistadt;406;66621;0;123;2;3,002056;0;6;0;115
29.06.2020 00:00:00;Gmunden;407;101631;0;77;3;2,951855;0;2;0;71
29.06.2020 00:00:00;Grieskirchen;408;64721;0;76;1;1,545094;0;1;0;73
29.06.2020 00:00:00;Kirchdorf an der Krems;409;56866;0;44;0;0;0;1;0;43
29.06.2020 00:00:00;Linz-Land;410;150273;3;256;38;25,28731;0;9;2;208
29.06.2020 00:00:00;Perg;411;68459;1;266;5;7,303642;0;2;1;256
29.06.2020 00:00:00;Ried im Innkreis;412;61204;0;46;0;0;0;0;0;45
29.06.2020 00:00:00;Rohrbach;413;56524;0;154;0;0;0;0;1;154
29.06.2020 00:00:00;Schärding;414;57307;0;62;4;6,97995;0;1;0;57
29.06.2020 00:00:00;Steyr-Land;415;60427;0;183;1;1,654889;0;7;0;175
29.06.2020 00:00:00;Urfahr-Umgebung;416;85505;0;290;8;9,356178;0;5;0;277
29.06.2020 00:00:00;Vöcklabruck;417;136253;0;110;0;0;0;4;0;104
29.06.2020 00:00:00;Wels-Land;418;73094;0;92;11;15,04912;0;0;0;79
29.06.2020 00:00:00;Salzburg(Stadt);501;154211;1;145;3;1,945387;0;1;0;133
29.06.2020 00:00:00;Hallein;502;60374;0;75;0;0;0;1;0;69
29.06.2020 00:00:00;Salzburg-Umgebung;503;152281;0;211;6;3,940084;0;10;0;190
29.06.2020 00:00:00;Sankt Johann im Pongau;504;80573;0;436;2;2,482221;0;16;0;416
29.06.2020 00:00:00;Tamsweg;505;20320;0;22;0;0;0;0;0;22
29.06.2020 00:00:00;Zell am See;506;87462;0;363;1;1,143354;0;9;0;353
29.06.2020 00:00:00;Graz(Stadt);601;288806;1;489;10;3,462532;0;42;0;428
29.06.2020 00:00:00;Deutschlandsberg;603;60821;0;49;0;0;0;2;0;47
29.06.2020 00:00:00;Graz-Umgebung;606;154260;0;249;0;0;0;34;0;215
29.06.2020 00:00:00;Leibnitz;610;82484;0;183;0;0;0;4;0;179
29.06.2020 00:00:00;Leoben;611;60060;0;24;0;0;0;3;0;21
29.06.2020 00:00:00;Liezen;612;79901;0;88;0;0;0;1;0;87
29.06.2020 00:00:00;Murau;614;27659;0;7;0;0;0;0;0;7
29.06.2020 00:00:00;Voitsberg;616;51161;0;106;0;0;0;5;0;101
29.06.2020 00:00:00;Weiz;617;90343;0;202;0;0;0;18;1;182
29.06.2020 00:00:00;Murtal;620;72004;0;32;0;0;0;1;0;31
29.06.2020 00:00:00;Bruck-Mürzzuschlag;621;98984;0;57;5;5,051322;0;3;0;49
29.06.2020 00:00:00;Hartberg-Fürstenfeld;622;90622;0;318;0;0;0;38;0;280
29.06.2020 00:00:00;Südoststeiermark;623;85947;0;63;0;0;0;2;0;61
29.06.2020 00:00:00;Innsbruck-Stadt;701;132110;2;416;6;4,54167;0;6;2;403
29.06.2020 00:00:00;Imst;702;60056;0;294;0;0;0;6;0;288
29.06.2020 00:00:00;Innsbruck-Land;703;179318;0;393;0;0;0;13;0;379
29.06.2020 00:00:00;Kitzbühel;704;63881;0;369;0;0;0;11;0;358
29.06.2020 00:00:00;Kufstein;705;109682;1;526;2;1,823453;0;35;0;489
29.06.2020 00:00:00;Landeck;706;44362;0;993;0;0;0;16;0;975
29.06.2020 00:00:00;Lienz;707;48753;0;154;1;2,051156;0;6;0;147
29.06.2020 00:00:00;Reutte;708;32670;0;57;0;0;0;1;0;56
29.06.2020 00:00:00;Schwaz;709;83873;1;353;1;1,192279;0;14;0;337
29.06.2020 00:00:00;Bludenz;801;63714;0;257;0;0;0;4;0;253
29.06.2020 00:00:00;Bregenz;802;134383;0;278;0;0;0;10;0;267
29.06.2020 00:00:00;Dornbirn;803;89041;0;158;1;1,123078;0;4;0;152
29.06.2020 00:00:00;Feldkirch;804;107159;0;216;2;1,866385;0;1;0;213
29.06.2020 00:00:00;Wien;900;1897491;32;3859;170;8,959199;0;214;17;3363
30.06.2020 00:00:00;Eisenstadt(Stadt);101;14637;0;19;0;0;0;0;0;19
30.06.2020 00:00:00;Rust(Stadt);102;1940;0;0;0;0;0;0;0;0
30.06.2020 00:00:00;Eisenstadt-Umgebung;103;42927;0;23;0;0;0;1;0;22
30.06.2020 00:00:00;Güssing;104;25797;1;24;1;3,87642;0;0;0;24
30.06.2020 00:00:00;Jennersdorf;105;17066;0;10;0;0;0;0;0;10
30.06.2020 00:00:00;Mattersburg;106;39925;0;55;0;0;0;1;1;53
30.06.2020 00:00:00;Neusiedl am See;107;59552;0;58;2;3,358409;0;4;0;52
30.06.2020 00:00:00;Oberpullendorf;108;37513;0;26;1;2,665743;0;1;0;23
30.06.2020 00:00:00;Oberwart;109;54076;0;136;2;3,698498;0;4;0;130
30.06.2020 00:00:00;Klagenfurt Stadt;201;100817;0;93;2;1,983792;0;3;0;88
30.06.2020 00:00:00;Villach Stadt;202;62243;0;23;0;0;0;0;0;23
30.06.2020 00:00:00;Hermagor;203;18224;0;5;0;0;0;0;0;5
30.06.2020 00:00:00;Klagenfurt Land;204;59800;1;46;1;1,672241;0;2;0;40
30.06.2020 00:00:00;Sankt Veit an der Glan;205;54555;0;52;0;0;0;0;0;52
30.06.2020 00:00:00;Spittal an der Drau;206;76091;0;44;2;2,628432;0;1;0;41
30.06.2020 00:00:00;Villach Land;207;64668;0;49;1;1,54636;0;2;0;46
30.06.2020 00:00:00;Völkermarkt;208;41878;0;55;0;0;0;4;0;50
30.06.2020 00:00:00;Wolfsberg;209;52726;0;48;3;5,689793;0;1;0;42
30.06.2020 00:00:00;Feldkirchen;210;29937;0;15;0;0;0;0;0;15
30.06.2020 00:00:00;Krems an der Donau(Stadt);301;24876;0;41;0;0;0;3;0;38
30.06.2020 00:00:00;Sankt Pölten(Stadt);302;55044;0;97;2;3,633457;0;4;0;87
30.06.2020 00:00:00;Waidhofen an der Ybbs(Stadt);303;11261;0;25;0;0;0;3;0;22
30.06.2020 00:00:00;Wiener Neustadt(Stadt);304;45277;0;60;4;8,834508;0;0;0;55
30.06.2020 00:00:00;Amstetten;305;116114;0;300;0;0;0;16;0;284
30.06.2020 00:00:00;Baden;306;146203;0;195;5;3,419903;0;4;2;181
30.06.2020 00:00:00;Bruck an der Leitha;307;102010;0;119;4;3,921184;0;5;0;110
30.06.2020 00:00:00;Gänserndorf;308;103686;0;104;1;0,9644504;0;3;0;97
30.06.2020 00:00:00;Gmünd;309;36773;0;15;0;0;0;0;0;14
30.06.2020 00:00:00;Hollabrunn;310;50858;0;42;0;0;0;0;0;39
30.06.2020 00:00:00;Horn;311;31090;0;65;0;0;0;5;0;60
30.06.2020 00:00:00;Korneuburg;312;90889;0;183;1;1,100243;0;5;0;176
30.06.2020 00:00:00;Krems(Land);313;56596;0;160;0;0;0;8;0;152
30.06.2020 00:00:00;Lilienfeld;314;25812;1;53;2;7,748334;0;5;0;46
30.06.2020 00:00:00;Melk;315;77962;1;175;2;2,565352;0;4;0;170
30.06.2020 00:00:00;Mistelbach;316;75483;0;146;0;0;0;7;0;139
30.06.2020 00:00:00;Mödling;317;118998;1;203;7;5,882452;0;7;0;186
30.06.2020 00:00:00;Neunkirchen;318;86291;1;220;13;15,0653;0;6;0;196
30.06.2020 00:00:00;Sankt Pölten(Land);319;131044;0;276;2;1,526205;0;11;0;261
30.06.2020 00:00:00;Scheibbs;320;41403;0;103;0;0;0;1;0;102
30.06.2020 00:00:00;Tulln;321;103771;0;183;4;3,854641;0;6;0;171
30.06.2020 00:00:00;Waidhofen an der Thaya;322;25888;0;73;0;0;0;2;0;71
30.06.2020 00:00:00;Wiener Neustadt(Land);323;77991;0;89;1;1,282199;0;6;0;82
30.06.2020 00:00:00;Zwettl;325;42222;0;73;0;0;0;2;0;71
30.06.2020 00:00:00;Linz(Stadt);401;205726;19;380;48;23,332;0;13;2;310
30.06.2020 00:00:00;Steyr(Stadt);402;38193;0;64;1;2,618281;0;2;0;61
30.06.2020 00:00:00;Wels(Stadt);403;61727;6;72;14;22,68051;0;0;0;58
30.06.2020 00:00:00;Braunau am Inn;404;104408;1;135;2;1,915562;0;3;0;130
30.06.2020 00:00:00;Eferding;405;33156;1;58;2;6,032091;0;6;0;47
30.06.2020 00:00:00;Freistadt;406;66621;3;126;5;7,505141;0;6;0;115
30.06.2020 00:00:00;Gmunden;407;101631;0;77;3;2,951855;0;2;0;71
30.06.2020 00:00:00;Grieskirchen;408;64721;3;79;3;4,635281;0;1;0;73
30.06.2020 00:00:00;Kirchdorf an der Krems;409;56866;0;44;0;0;0;1;0;43
30.06.2020 00:00:00;Linz-Land;410;150273;5;261;43;28,61459;0;9;0;208
30.06.2020 00:00:00;Perg;411;68459;3;269;6;8,76437;0;2;1;257
30.06.2020 00:00:00;Ried im Innkreis;412;61204;0;46;0;0;0;0;0;45
30.06.2020 00:00:00;Rohrbach;413;56524;0;154;0;0;0;0;0;154
30.06.2020 00:00:00;Schärding;414;57307;0;62;4;6,97995;0;1;0;57
30.06.2020 00:00:00;Steyr-Land;415;60427;0;183;1;1,654889;0;7;0;175
30.06.2020 00:00:00;Urfahr-Umgebung;416;85505;3;293;11;12,86475;0;5;0;277
30.06.2020 00:00:00;Vöcklabruck;417;136253;0;110;0;0;0;4;0;104
30.06.2020 00:00:00;Wels-Land;418;73094;3;95;14;19,15342;0;0;0;79
30.06.2020 00:00:00;Salzburg(Stadt);501;154211;1;146;4;2,593849;0;1;0;133
30.06.2020 00:00:00;Hallein;502;60374;0;75;0;0;0;1;0;69
30.06.2020 00:00:00;Salzburg-Umgebung;503;152281;1;212;6;3,940084;0;10;1;191
30.06.2020 00:00:00;Sankt Johann im Pongau;504;80573;0;436;2;2,482221;0;16;0;416
30.06.2020 00:00:00;Tamsweg;505;20320;0;22;0;0;0;0;0;22
30.06.2020 00:00:00;Zell am See;506;87462;0;363;1;1,143354;0;9;0;353
30.06.2020 00:00:00;Graz(Stadt);601;288806;9;498;19;6,578811;0;42;1;429
30.06.2020 00:00:00;Deutschlandsberg;603;60821;0;49;0;0;0;2;0;47
30.06.2020 00:00:00;Graz-Umgebung;606;154260;0;249;0;0;0;34;0;215
30.06.2020 00:00:00;Leibnitz;610;82484;0;183;0;0;0;4;0;179
30.06.2020 00:00:00;Leoben;611;60060;0;24;0;0;0;3;0;21
30.06.2020 00:00:00;Liezen;612;79901;0;88;0;0;0;1;0;87
30.06.2020 00:00:00;Murau;614;27659;0;7;0;0;0;0;0;7
30.06.2020 00:00:00;Voitsberg;616;51161;0;106;0;0;0;5;0;101
30.06.2020 00:00:00;Weiz;617;90343;0;202;0;0;0;18;0;182
30.06.2020 00:00:00;Murtal;620;72004;0;32;0;0;0;1;0;31
30.06.2020 00:00:00;Bruck-Mürzzuschlag;621;98984;0;57;5;5,051322;0;3;0;49
30.06.2020 00:00:00;Hartberg-Fürstenfeld;622;90622;0;318;0;0;0;38;0;280
30.06.2020 00:00:00;Südoststeiermark;623;85947;0;63;0;0;0;2;0;61
30.06.2020 00:00:00;Innsbruck-Stadt;701;132110;1;417;7;5,298615;0;6;0;403
30.06.2020 00:00:00;Imst;702;60056;1;295;1;1,665113;0;6;0;288
30.06.2020 00:00:00;Innsbruck-Land;703;179318;0;393;0;0;0;13;1;380
30.06.2020 00:00:00;Kitzbühel;704;63881;0;369;0;0;0;11;0;358
30.06.2020 00:00:00;Kufstein;705;109682;1;527;3;2,73518;0;35;0;489
30.06.2020 00:00:00;Landeck;706;44362;0;993;0;0;0;16;0;975
30.06.2020 00:00:00;Lienz;707;48753;0;154;0;0;0;6;0;147
30.06.2020 00:00:00;Reutte;708;32670;0;57;0;0;0;1;0;56
30.06.2020 00:00:00;Schwaz;709;83873;0;353;1;1,192279;0;14;0;337
30.06.2020 00:00:00;Bludenz;801;63714;0;257;0;0;0;4;0;253
30.06.2020 00:00:00;Bregenz;802;134383;0;278;0;0;0;10;0;267
30.06.2020 00:00:00;Dornbirn;803;89041;0;158;1;1,123078;0;4;0;152
30.06.2020 00:00:00;Feldkirch;804;107159;0;216;2;1,866385;0;1;0;213
30.06.2020 00:00:00;Wien;900;1897491;34;3893;180;9,486211;0;214;22;3385
01.07.2020 00:00:00;Eisenstadt(Stadt);101;14637;0;19;0;0;0;0;0;19
01.07.2020 00:00:00;Rust(Stadt);102;1940;0;0;0;0;0;0;0;0
01.07.2020 00:00:00;Eisenstadt-Umgebung;103;42927;0;23;0;0;0;1;0;22
01.07.2020 00:00:00;Güssing;104;25797;0;24;1;3,87642;0;0;0;24
01.07.2020 00:00:00;Jennersdorf;105;17066;0;10;0;0;0;0;0;10
01.07.2020 00:00:00;Mattersburg;106;39925;0;55;0;0;0;1;0;53
01.07.2020 00:00:00;Neusiedl am See;107;59552;0;58;1;1,679205;0;4;0;52
01.07.2020 00:00:00;Oberpullendorf;108;37513;0;26;1;2,665743;0;1;0;23
01.07.2020 00:00:00;Oberwart;109;54076;1;137;3;5,547748;0;4;0;130
01.07.2020 00:00:00;Klagenfurt Stadt;201;100817;0;93;1;0,9918962;0;3;0;88
01.07.2020 00:00:00;Villach Stadt;202;62243;0;23;0;0;0;0;0;23
01.07.2020 00:00:00;Hermagor;203;18224;0;5;0;0;0;0;0;5
01.07.2020 00:00:00;Klagenfurt Land;204;59800;0;46;1;1,672241;0;2;0;40
01.07.2020 00:00:00;Sankt Veit an der Glan;205;54555;0;52;0;0;0;0;0;52
01.07.2020 00:00:00;Spittal an der Drau;206;76091;0;44;2;2,628432;0;1;0;41
01.07.2020 00:00:00;Villach Land;207;64668;0;49;0;0;0;2;0;46
01.07.2020 00:00:00;Völkermarkt;208;41878;0;55;0;0;0;4;0;50
01.07.2020 00:00:00;Wolfsberg;209;52726;0;48;3;5,689793;0;1;0;42
01.07.2020 00:00:00;Feldkirchen;210;29937;0;15;0;0;0;0;0;15
01.07.2020 00:00:00;Krems an der Donau(Stadt);301;24876;0;41;0;0;0;3;0;38
01.07.2020 00:00:00;Sankt Pölten(Stadt);302;55044;1;98;3;5,450185;0;4;0;87
01.07.2020 00:00:00;Waidhofen an der Ybbs(Stadt);303;11261;0;25;0;0;0;3;0;22
01.07.2020 00:00:00;Wiener Neustadt(Stadt);304;45277;0;60;4;8,834508;0;0;0;55
01.07.2020 00:00:00;Amstetten;305;116114;0;300;0;0;0;16;0;284
01.07.2020 00:00:00;Baden;306;146203;1;196;6;4,103883;0;4;1;182
01.07.2020 00:00:00;Bruck an der Leitha;307;102010;0;119;4;3,921184;0;5;0;110
01.07.2020 00:00:00;Gänserndorf;308;103686;0;104;1;0,9644504;0;3;0;97
01.07.2020 00:00:00;Gmünd;309;36773;0;15;0;0;0;0;0;14
01.07.2020 00:00:00;Hollabrunn;310;50858;0;42;0;0;0;0;0;39
01.07.2020 00:00:00;Horn;311;31090;0;65;0;0;0;5;0;60
01.07.2020 00:00:00;Korneuburg;312;90889;0;183;1;1,100243;0;5;0;176
01.07.2020 00:00:00;Krems(Land);313;56596;0;160;0;0;0;8;0;152
01.07.2020 00:00:00;Lilienfeld;314;25812;0;53;1;3,874167;0;5;0;46
01.07.2020 00:00:00;Melk;315;77962;0;175;1;1,282676;0;4;0;170
01.07.2020 00:00:00;Mistelbach;316;75483;0;146;0;0;0;7;0;139
01.07.2020 00:00:00;Mödling;317;118998;0;203;4;3,361401;0;7;0;186
01.07.2020 00:00:00;Neunkirchen;318;86291;1;221;14;16,22417;0;6;0;196
01.07.2020 00:00:00;Sankt Pölten(Land);319;131044;0;276;2;1,526205;0;11;1;262
01.07.2020 00:00:00;Scheibbs;320;41403;0;103;0;0;0;1;0;102
01.07.2020 00:00:00;Tulln;321;103771;0;183;4;3,854641;0;6;0;171
01.07.2020 00:00:00;Waidhofen an der Thaya;322;25888;0;73;0;0;0;2;0;71
01.07.2020 00:00:00;Wiener Neustadt(Land);323;77991;0;89;0;0;0;6;0;82
01.07.2020 00:00:00;Zwettl;325;42222;0;73;0;0;0;2;0;71
01.07.2020 00:00:00;Linz(Stadt);401;205726;11;391;56;27,22067;0;13;0;310
01.07.2020 00:00:00;Steyr(Stadt);402;38193;0;64;0;0;0;2;0;61
01.07.2020 00:00:00;Wels(Stadt);403;61727;0;72;13;21,06048;0;0;0;58
01.07.2020 00:00:00;Braunau am Inn;404;104408;6;141;8;7,662248;0;3;0;130
01.07.2020 00:00:00;Eferding;405;33156;1;59;2;6,032091;0;6;0;47
01.07.2020 00:00:00;Freistadt;406;66621;0;126;4;6,004113;0;6;0;115
01.07.2020 00:00:00;Gmunden;407;101631;0;77;3;2,951855;0;2;0;71
01.07.2020 00:00:00;Grieskirchen;408;64721;3;82;6;9,270561;0;1;0;73
01.07.2020 00:00:00;Kirchdorf an der Krems;409;56866;1;45;1;1,75852;0;1;0;43
01.07.2020 00:00:00;Linz-Land;410;150273;19;280;60;39,92733;0;9;0;208
01.07.2020 00:00:00;Perg;411;68459;1;270;6;8,76437;0;2;0;257
01.07.2020 00:00:00;Ried im Innkreis;412;61204;2;48;2;3,26776;0;0;0;45
01.07.2020 00:00:00;Rohrbach;413;56524;0;154;0;0;0;0;0;154
01.07.2020 00:00:00;Schärding;414;57307;0;62;4;6,97995;0;1;0;57
01.07.2020 00:00:00;Steyr-Land;415;60427;0;183;0;0;0;7;0;175
01.07.2020 00:00:00;Urfahr-Umgebung;416;85505;6;299;16;18,71236;0;5;0;277
01.07.2020 00:00:00;Vöcklabruck;417;136253;1;111;1;0,7339288;0;4;0;104
01.07.2020 00:00:00;Wels-Land;418;73094;4;99;18;24,62582;0;0;0;79
01.07.2020 00:00:00;Salzburg(Stadt);501;154211;0;146;3;1,945387;0;1;1;134
01.07.2020 00:00:00;Hallein;502;60374;0;75;0;0;0;1;0;69
01.07.2020 00:00:00;Salzburg-Umgebung;503;152281;1;213;6;3,940084;0;10;1;192
01.07.2020 00:00:00;Sankt Johann im Pongau;504;80573;0;436;2;2,482221;0;16;0;416
01.07.2020 00:00:00;Tamsweg;505;20320;0;22;0;0;0;0;0;22
01.07.2020 00:00:00;Zell am See;506;87462;0;363;1;1,143354;0;9;0;353
01.07.2020 00:00:00;Graz(Stadt);601;288806;0;498;19;6,578811;0;42;1;430
01.07.2020 00:00:00;Deutschlandsberg;603;60821;0;49;0;0;0;2;0;47
01.07.2020 00:00:00;Graz-Umgebung;606;154260;0;249;0;0;0;34;0;215
01.07.2020 00:00:00;Leibnitz;610;82484;0;183;0;0;0;4;0;179
01.07.2020 00:00:00;Leoben;611;60060;0;24;0;0;0;3;0;21
01.07.2020 00:00:00;Liezen;612;79901;0;88;0;0;0;1;0;87
01.07.2020 00:00:00;Murau;614;27659;0;7;0;0;0;0;0;7
01.07.2020 00:00:00;Voitsberg;616;51161;0;106;0;0;0;5;0;101
01.07.2020 00:00:00;Weiz;617;90343;0;202;0;0;0;18;0;182
01.07.2020 00:00:00;Murtal;620;72004;0;32;0;0;0;1;0;31
01.07.2020 00:00:00;Bruck-Mürzzuschlag;621;98984;0;57;3;3,030793;0;3;0;49
01.07.2020 00:00:00;Hartberg-Fürstenfeld;622;90622;0;318;0;0;0;38;0;280
01.07.2020 00:00:00;Südoststeiermark;623;85947;0;63;0;0;0;2;0;61
01.07.2020 00:00:00;Innsbruck-Stadt;701;132110;0;417;7;5,298615;0;6;0;403
01.07.2020 00:00:00;Imst;702;60056;0;295;1;1,665113;0;6;0;288
01.07.2020 00:00:00;Innsbruck-Land;703;179318;0;393;0;0;0;13;0;380
01.07.2020 00:00:00;Kitzbühel;704;63881;0;369;0;0;0;11;0;358
01.07.2020 00:00:00;Kufstein;705;109682;0;527;3;2,73518;0;35;0;489
01.07.2020 00:00:00;Landeck;706;44362;0;993;0;0;0;16;0;975
01.07.2020 00:00:00;Lienz;707;48753;0;154;0;0;0;6;0;147
01.07.2020 00:00:00;Reutte;708;32670;0;57;0;0;0;1;0;56
01.07.2020 00:00:00;Schwaz;709;83873;1;354;2;2,384558;0;14;0;337
01.07.2020 00:00:00;Bludenz;801;63714;0;257;0;0;0;4;0;253
01.07.2020 00:00:00;Bregenz;802;134383;0;278;0;0;0;10;0;267
01.07.2020 00:00:00;Dornbirn;803;89041;0;158;1;1,123078;0;4;1;153
01.07.2020 00:00:00;Feldkirch;804;107159;0;216;2;1,866385;0;1;0;213
01.07.2020 00:00:00;Wien;900;1897491;35;3928;198;10,43483;0;214;25;3410
02.07.2020 00:00:00;Eisenstadt(Stadt);101;14637;0;19;0;0;0;0;0;19
02.07.2020 00:00:00;Rust(Stadt);102;1940;0;0;0;0;0;0;0;0
02.07.2020 00:00:00;Eisenstadt-Umgebung;103;42927;1;24;1;2,329536;0;1;0;22
02.07.2020 00:00:00;Güssing;104;25797;1;25;2;7,75284;0;0;0;24
02.07.2020 00:00:00;Jennersdorf;105;17066;0;10;0;0;0;0;0;10
02.07.2020 00:00:00;Mattersburg;106;39925;1;56;1;2,504696;0;1;1;54
02.07.2020 00:00:00;Neusiedl am See;107;59552;0;58;1;1,679205;0;4;0;52
02.07.2020 00:00:00;Oberpullendorf;108;37513;0;26;0;0;0;1;1;24
02.07.2020 00:00:00;Oberwart;109;54076;1;138;4;7,396997;0;4;0;130
02.07.2020 00:00:00;Klagenfurt Stadt;201;100817;0;93;1;0,9918962;0;3;0;88
02.07.2020 00:00:00;Villach Stadt;202;62243;0;23;0;0;0;0;0;23
02.07.2020 00:00:00;Hermagor;203;18224;0;5;0;0;0;0;0;5
02.07.2020 00:00:00;Klagenfurt Land;204;59800;0;46;1;1,672241;0;2;0;40
02.07.2020 00:00:00;Sankt Veit an der Glan;205;54555;0;52;0;0;0;0;0;52
02.07.2020 00:00:00;Spittal an der Drau;206;76091;0;44;2;2,628432;0;1;0;41
02.07.2020 00:00:00;Villach Land;207;64668;0;49;0;0;0;2;0;46
02.07.2020 00:00:00;Völkermarkt;208;41878;0;55;0;0;0;4;0;50
02.07.2020 00:00:00;Wolfsberg;209;52726;0;48;1;1,896598;0;1;0;42
02.07.2020 00:00:00;Feldkirchen;210;29937;0;15;0;0;0;0;0;15
02.07.2020 00:00:00;Krems an der Donau(Stadt);301;24876;0;41;0;0;0;3;0;38
02.07.2020 00:00:00;Sankt Pölten(Stadt);302;55044;1;99;4;7,266914;0;4;0;87
02.07.2020 00:00:00;Waidhofen an der Ybbs(Stadt);303;11261;0;25;0;0;0;3;0;22
02.07.2020 00:00:00;Wiener Neustadt(Stadt);304;45277;0;60;4;8,834508;0;0;0;55
02.07.2020 00:00:00;Amstetten;305;116114;0;300;0;0;0;16;0;284
02.07.2020 00:00:00;Baden;306;146203;1;197;6;4,103883;0;4;0;182
02.07.2020 00:00:00;Bruck an der Leitha;307;102010;2;121;4;3,921184;0;5;0;110
02.07.2020 00:00:00;Gänserndorf;308;103686;0;104;1;0,9644504;0;3;0;97
02.07.2020 00:00:00;Gmünd;309;36773;0;15;0;0;0;0;0;14
02.07.2020 00:00:00;Hollabrunn;310;50858;0;42;0;0;0;0;0;39
02.07.2020 00:00:00;Horn;311;31090;0;65;0;0;0;5;0;60
02.07.2020 00:00:00;Korneuburg;312;90889;0;183;1;1,100243;0;5;1;177
02.07.2020 00:00:00;Krems(Land);313;56596;1;161;1;1,766909;0;8;0;152
02.07.2020 00:00:00;Lilienfeld;314;25812;0;53;1;3,874167;0;5;0;46
02.07.2020 00:00:00;Melk;315;77962;0;175;1;1,282676;0;4;0;170
02.07.2020 00:00:00;Mistelbach;316;75483;0;146;0;0;0;7;0;139
02.07.2020 00:00:00;Mödling;317;118998;0;203;3;2,521051;0;7;0;186
02.07.2020 00:00:00;Neunkirchen;318;86291;1;222;11;12,74756;0;6;0;196
02.07.2020 00:00:00;Sankt Pölten(Land);319;131044;0;276;0;0;0;11;0;262
02.07.2020 00:00:00;Scheibbs;320;41403;1;104;1;2,415284;0;1;0;102
02.07.2020 00:00:00;Tulln;321;103771;0;183;4;3,854641;0;6;0;171
02.07.2020 00:00:00;Waidhofen an der Thaya;322;25888;0;73;0;0;0;2;0;71
02.07.2020 00:00:00;Wiener Neustadt(Land);323;77991;0;89;0;0;0;6;0;82
02.07.2020 00:00:00;Zwettl;325;42222;0;73;0;0;0;2;0;71
02.07.2020 00:00:00;Linz(Stadt);401;205726;10;401;66;32,0815;0;13;1;311
02.07.2020 00:00:00;Steyr(Stadt);402;38193;0;64;0;0;0;2;0;61
02.07.2020 00:00:00;Wels(Stadt);403;61727;2;74;13;21,06048;0;0;0;58
02.07.2020 00:00:00;Braunau am Inn;404;104408;0;141;8;7,662248;0;3;0;130
02.07.2020 00:00:00;Eferding;405;33156;0;59;2;6,032091;0;6;0;47
02.07.2020 00:00:00;Freistadt;406;66621;0;126;4;6,004113;0;6;0;115
02.07.2020 00:00:00;Gmunden;407;101631;0;77;3;2,951855;0;2;0;71
02.07.2020 00:00:00;Grieskirchen;408;64721;2;84;8;12,36075;0;1;0;73
02.07.2020 00:00:00;Kirchdorf an der Krems;409;56866;3;48;4;7,03408;0;1;0;43
02.07.2020 00:00:00;Linz-Land;410;150273;15;295;74;49,24371;0;9;0;208
02.07.2020 00:00:00;Perg;411;68459;7;277;13;18,98947;0;2;0;257
02.07.2020 00:00:00;Ried im Innkreis;412;61204;3;51;5;8,169401;0;0;0;45
02.07.2020 00:00:00;Rohrbach;413;56524;1;155;1;1,76916;0;0;0;154
02.07.2020 00:00:00;Schärding;414;57307;0;62;4;6,97995;0;1;0;57
02.07.2020 00:00:00;Steyr-Land;415;60427;0;183;0;0;0;7;0;175
02.07.2020 00:00:00;Urfahr-Umgebung;416;85505;1;300;16;18,71236;0;5;1;278
02.07.2020 00:00:00;Vöcklabruck;417;136253;0;111;1;0,7339288;0;4;0;104
02.07.2020 00:00:00;Wels-Land;418;73094;2;101;20;27,36203;0;0;0;79
02.07.2020 00:00:00;Salzburg(Stadt);501;154211;1;147;3;1,945387;0;1;2;136
02.07.2020 00:00:00;Hallein;502;60374;0;75;0;0;0;1;1;70
02.07.2020 00:00:00;Salzburg-Umgebung;503;152281;0;213;4;2,626723;0;10;1;193
02.07.2020 00:00:00;Sankt Johann im Pongau;504;80573;0;436;2;2,482221;0;16;1;417
02.07.2020 00:00:00;Tamsweg;505;20320;0;22;0;0;0;0;0;22
02.07.2020 00:00:00;Zell am See;506;87462;0;363;1;1,143354;0;9;0;353
02.07.2020 00:00:00;Graz(Stadt);601;288806;9;507;28;9,695089;0;42;2;432
02.07.2020 00:00:00;Deutschlandsberg;603;60821;0;49;0;0;0;2;0;47
02.07.2020 00:00:00;Graz-Umgebung;606;154260;0;249;0;0;0;34;0;215
02.07.2020 00:00:00;Leibnitz;610;82484;0;183;0;0;0;4;0;179
02.07.2020 00:00:00;Leoben;611;60060;0;24;0;0;0;3;0;21
02.07.2020 00:00:00;Liezen;612;79901;0;88;0;0;0;1;0;87
02.07.2020 00:00:00;Murau;614;27659;0;7;0;0;0;0;0;7
02.07.2020 00:00:00;Voitsberg;616;51161;0;106;0;0;0;5;0;101
02.07.2020 00:00:00;Weiz;617;90343;0;202;0;0;0;18;0;182
02.07.2020 00:00:00;Murtal;620;72004;0;32;0;0;0;1;0;31
02.07.2020 00:00:00;Bruck-Mürzzuschlag;621;98984;2;59;4;4,041057;0;3;0;49
02.07.2020 00:00:00;Hartberg-Fürstenfeld;622;90622;0;318;0;0;0;38;0;280
02.07.2020 00:00:00;Südoststeiermark;623;85947;0;63;0;0;0;2;0;61
02.07.2020 00:00:00;Innsbruck-Stadt;701;132110;1;418;7;5,298615;0;6;0;403
02.07.2020 00:00:00;Imst;702;60056;1;296;2;3,330225;0;6;0;288
02.07.2020 00:00:00;Innsbruck-Land;703;179318;0;393;0;0;0;13;0;380
02.07.2020 00:00:00;Kitzbühel;704;63881;0;369;0;0;0;11;0;358
02.07.2020 00:00:00;Kufstein;705;109682;0;527;3;2,73518;0;35;0;489
02.07.2020 00:00:00;Landeck;706;44362;0;993;0;0;0;16;0;975
02.07.2020 00:00:00;Lienz;707;48753;0;154;0;0;0;6;0;147
02.07.2020 00:00:00;Reutte;708;32670;0;57;0;0;0;1;0;56
02.07.2020 00:00:00;Schwaz;709;83873;0;354;2;2,384558;0;14;0;337
02.07.2020 00:00:00;Bludenz;801;63714;0;257;0;0;0;4;0;253
02.07.2020 00:00:00;Bregenz;802;134383;0;278;0;0;0;10;0;267
02.07.2020 00:00:00;Dornbirn;803;89041;0;158;0;0;0;4;0;153
02.07.2020 00:00:00;Feldkirch;804;107159;0;216;2;1,866385;0;1;0;213
02.07.2020 00:00:00;Wien;900;1897491;9;3937;196;10,32943;0;214;32;3442
03.07.2020 00:00:00;Eisenstadt(Stadt);101;14637;0;19;0;0;0;0;0;19
03.07.2020 00:00:00;Rust(Stadt);102;1940;0;0;0;0;0;0;0;0
03.07.2020 00:00:00;Eisenstadt-Umgebung;103;42927;1;25;2;4,659072;0;1;0;22
03.07.2020 00:00:00;Güssing;104;25797;0;25;2;7,75284;0;0;0;24
03.07.2020 00:00:00;Jennersdorf;105;17066;0;10;0;0;0;0;0;10
03.07.2020 00:00:00;Mattersburg;106;39925;1;57;2;5,009393;0;1;0;54
03.07.2020 00:00:00;Neusiedl am See;107;59552;0;58;1;1,679205;0;4;0;52
03.07.2020 00:00:00;Oberpullendorf;108;37513;0;26;0;0;0;1;0;24
03.07.2020 00:00:00;Oberwart;109;54076;2;140;6;11,0955;0;4;0;130
03.07.2020 00:00:00;Klagenfurt Stadt;201;100817;0;93;0;0;0;3;0;88
03.07.2020 00:00:00;Villach Stadt;202;62243;0;23;0;0;0;0;0;23
03.07.2020 00:00:00;Hermagor;203;18224;0;5;0;0;0;0;0;5
03.07.2020 00:00:00;Klagenfurt Land;204;59800;1;47;2;3,344482;0;2;2;42
03.07.2020 00:00:00;Sankt Veit an der Glan;205;54555;0;52;0;0;0;0;0;52
03.07.2020 00:00:00;Spittal an der Drau;206;76091;1;45;2;2,628432;0;1;0;41
03.07.2020 00:00:00;Villach Land;207;64668;0;49;0;0;0;2;0;46
03.07.2020 00:00:00;Völkermarkt;208;41878;0;55;0;0;0;4;0;50
03.07.2020 00:00:00;Wolfsberg;209;52726;0;48;0;0;0;1;2;44
03.07.2020 00:00:00;Feldkirchen;210;29937;0;15;0;0;0;0;0;15
03.07.2020 00:00:00;Krems an der Donau(Stadt);301;24876;0;41;0;0;0;3;0;38
03.07.2020 00:00:00;Sankt Pölten(Stadt);302;55044;0;99;4;7,266914;0;4;4;91
03.07.2020 00:00:00;Waidhofen an der Ybbs(Stadt);303;11261;0;25;0;0;0;3;0;22
03.07.2020 00:00:00;Wiener Neustadt(Stadt);304;45277;1;61;4;8,834508;0;0;0;55
03.07.2020 00:00:00;Amstetten;305;116114;1;301;1;0,8612226;0;16;0;284
03.07.2020 00:00:00;Baden;306;146203;0;197;5;3,419903;0;4;2;184
03.07.2020 00:00:00;Bruck an der Leitha;307;102010;0;121;3;2,940888;0;5;0;110
03.07.2020 00:00:00;Gänserndorf;308;103686;0;104;1;0,9644504;0;3;0;97
03.07.2020 00:00:00;Gmünd;309;36773;0;15;0;0;0;0;0;14
03.07.2020 00:00:00;Hollabrunn;310;50858;0;42;0;0;0;0;3;42
03.07.2020 00:00:00;Horn;311;31090;0;65;0;0;0;5;0;60
03.07.2020 00:00:00;Korneuburg;312;90889;0;183;1;1,100243;0;5;0;177
03.07.2020 00:00:00;Krems(Land);313;56596;0;161;1;1,766909;0;8;0;152
03.07.2020 00:00:00;Lilienfeld;314;25812;0;53;1;3,874167;0;5;0;46
03.07.2020 00:00:00;Melk;315;77962;0;175;1;1,282676;0;4;0;170
03.07.2020 00:00:00;Mistelbach;316;75483;0;146;0;0;0;7;0;139
03.07.2020 00:00:00;Mödling;317;118998;0;203;3;2,521051;0;7;0;186
03.07.2020 00:00:00;Neunkirchen;318;86291;0;222;8;9,270955;0;6;1;197
03.07.2020 00:00:00;Sankt Pölten(Land);319;131044;0;276;0;0;0;11;0;262
03.07.2020 00:00:00;Scheibbs;320;41403;0;104;1;2,415284;0;1;0;102
03.07.2020 00:00:00;Tulln;321;103771;1;184;5;4,818302;0;6;0;171
03.07.2020 00:00:00;Waidhofen an der Thaya;322;25888;0;73;0;0;0;2;0;71
03.07.2020 00:00:00;Wiener Neustadt(Land);323;77991;1;90;1;1,282199;0;6;0;82
03.07.2020 00:00:00;Zwettl;325;42222;0;73;0;0;0;2;0;71
03.07.2020 00:00:00;Linz(Stadt);401;205726;12;413;77;37,42842;0;13;7;318
03.07.2020 00:00:00;Steyr(Stadt);402;38193;0;64;0;0;0;2;0;61
03.07.2020 00:00:00;Wels(Stadt);403;61727;6;80;18;29,16066;0;0;0;58
03.07.2020 00:00:00;Braunau am Inn;404;104408;2;143;10;9,57781;0;3;0;130
03.07.2020 00:00:00;Eferding;405;33156;1;60;3;9,048136;0;6;2;49
03.07.2020 00:00:00;Freistadt;406;66621;1;127;5;7,505141;0;6;0;115
03.07.2020 00:00:00;Gmunden;407;101631;0;77;2;1,967903;0;2;0;71
03.07.2020 00:00:00;Grieskirchen;408;64721;1;85;9;13,90584;0;1;0;73
03.07.2020 00:00:00;Kirchdorf an der Krems;409;56866;2;50;6;10,55112;0;1;0;43
03.07.2020 00:00:00;Linz-Land;410;150273;3;298;75;49,90916;0;9;0;208
03.07.2020 00:00:00;Perg;411;68459;1;278;14;20,4502;0;2;0;257
03.07.2020 00:00:00;Ried im Innkreis;412;61204;9;60;14;22,87432;0;0;0;45
03.07.2020 00:00:00;Rohrbach;413;56524;0;155;1;1,76916;0;0;0;154
03.07.2020 00:00:00;Schärding;414;57307;0;62;4;6,97995;0;1;0;57
03.07.2020 00:00:00;Steyr-Land;415;60427;0;183;0;0;0;7;0;175
03.07.2020 00:00:00;Urfahr-Umgebung;416;85505;2;302;18;21,0514;0;5;0;278
03.07.2020 00:00:00;Vöcklabruck;417;136253;0;111;1;0,7339288;0;4;0;104
03.07.2020 00:00:00;Wels-Land;418;73094;0;101;17;23,25772;0;0;0;79
03.07.2020 00:00:00;Salzburg(Stadt);501;154211;1;148;4;2,593849;0;1;0;136
03.07.2020 00:00:00;Hallein;502;60374;0;75;0;0;0;1;0;70
03.07.2020 00:00:00;Salzburg-Umgebung;503;152281;2;215;6;3,940084;0;10;2;195
03.07.2020 00:00:00;Sankt Johann im Pongau;504;80573;0;436;2;2,482221;0;16;0;417
03.07.2020 00:00:00;Tamsweg;505;20320;0;22;0;0;0;0;0;22
03.07.2020 00:00:00;Zell am See;506;87462;0;363;1;1,143354;0;9;0;353
03.07.2020 00:00:00;Graz(Stadt);601;288806;3;510;29;10,04134;0;42;1;433
03.07.2020 00:00:00;Deutschlandsberg;603;60821;0;49;0;0;0;2;0;47
03.07.2020 00:00:00;Graz-Umgebung;606;154260;0;249;0;0;0;34;0;215
03.07.2020 00:00:00;Leibnitz;610;82484;3;186;3;3,637069;0;4;0;179
03.07.2020 00:00:00;Leoben;611;60060;1;25;1;1,665002;0;3;0;21
03.07.2020 00:00:00;Liezen;612;79901;0;88;0;0;0;1;0;87
03.07.2020 00:00:00;Murau;614;27659;0;7;0;0;0;0;0;7
03.07.2020 00:00:00;Voitsberg;616;51161;0;106;0;0;0;5;0;101
03.07.2020 00:00:00;Weiz;617;90343;0;202;0;0;0;18;0;182
03.07.2020 00:00:00;Murtal;620;72004;0;32;0;0;0;1;0;31
03.07.2020 00:00:00;Bruck-Mürzzuschlag;621;98984;0;59;3;3,030793;0;3;0;49
03.07.2020 00:00:00;Hartberg-Fürstenfeld;622;90622;1;319;1;1,103485;1;39;0;280
03.07.2020 00:00:00;Südoststeiermark;623;85947;2;65;2;2,327015;0;2;0;61
03.07.2020 00:00:00;Innsbruck-Stadt;701;132110;0;418;6;4,54167;0;6;0;403
03.07.2020 00:00:00;Imst;702;60056;0;296;2;3,330225;0;6;0;288
03.07.2020 00:00:00;Innsbruck-Land;703;179318;0;393;0;0;0;13;0;380
03.07.2020 00:00:00;Kitzbühel;704;63881;0;369;0;0;0;11;0;358
03.07.2020 00:00:00;Kufstein;705;109682;0;527;3;2,73518;0;35;0;489
03.07.2020 00:00:00;Landeck;706;44362;4;997;4;9,016726;0;16;0;975
03.07.2020 00:00:00;Lienz;707;48753;0;154;0;0;0;6;0;147
03.07.2020 00:00:00;Reutte;708;32670;0;57;0;0;0;1;0;56
03.07.2020 00:00:00;Schwaz;709;83873;0;354;2;2,384558;0;14;0;337
03.07.2020 00:00:00;Bludenz;801;63714;1;258;1;1,569514;0;4;0;253
03.07.2020 00:00:00;Bregenz;802;134383;0;278;0;0;0;10;0;267
03.07.2020 00:00:00;Dornbirn;803;89041;0;158;0;0;0;4;0;153
03.07.2020 00:00:00;Feldkirch;804;107159;0;216;2;1,866385;0;1;0;213
03.07.2020 00:00:00;Wien;900;1897491;66;4003;239;12,59558;0;214;19;3461
04.07.2020 00:00:00;Eisenstadt(Stadt);101;14637;0;19;0;0;0;0;0;19
04.07.2020 00:00:00;Rust(Stadt);102;1940;0;0;0;0;0;0;0;0
04.07.2020 00:00:00;Eisenstadt-Umgebung;103;42927;0;25;2;4,659072;0;1;0;22
04.07.2020 00:00:00;Güssing;104;25797;0;25;2;7,75284;0;0;0;24
04.07.2020 00:00:00;Jennersdorf;105;17066;0;10;0;0;0;0;0;10
04.07.2020 00:00:00;Mattersburg;106;39925;0;57;2;5,009393;0;1;0;54
04.07.2020 00:00:00;Neusiedl am See;107;59552;0;58;1;1,679205;0;4;0;52
04.07.2020 00:00:00;Oberpullendorf;108;37513;0;26;0;0;0;1;0;24
04.07.2020 00:00:00;Oberwart;109;54076;0;140;6;11,0955;0;4;0;130
04.07.2020 00:00:00;Klagenfurt Stadt;201;100817;0;93;0;0;0;3;0;88
04.07.2020 00:00:00;Villach Stadt;202;62243;0;23;0;0;0;0;0;23
04.07.2020 00:00:00;Hermagor;203;18224;0;5;0;0;0;0;0;5
04.07.2020 00:00:00;Klagenfurt Land;204;59800;1;48;3;5,016722;0;2;0;42
04.07.2020 00:00:00;Sankt Veit an der Glan;205;54555;0;52;0;0;0;0;0;52
04.07.2020 00:00:00;Spittal an der Drau;206;76091;0;45;1;1,314216;0;1;0;41
04.07.2020 00:00:00;Villach Land;207;64668;0;49;0;0;0;2;0;46
04.07.2020 00:00:00;Völkermarkt;208;41878;0;55;0;0;0;4;0;50
04.07.2020 00:00:00;Wolfsberg;209;52726;0;48;0;0;0;1;0;44
04.07.2020 00:00:00;Feldkirchen;210;29937;0;15;0;0;0;0;0;15
04.07.2020 00:00:00;Krems an der Donau(Stadt);301;24876;0;41;0;0;0;3;0;38
04.07.2020 00:00:00;Sankt Pölten(Stadt);302;55044;0;99;4;7,266914;0;4;0;91
04.07.2020 00:00:00;Waidhofen an der Ybbs(Stadt);303;11261;0;25;0;0;0;3;0;22
04.07.2020 00:00:00;Wiener Neustadt(Stadt);304;45277;0;61;3;6,625881;0;0;0;55
04.07.2020 00:00:00;Amstetten;305;116114;0;301;1;0,8612226;0;16;0;284
04.07.2020 00:00:00;Baden;306;146203;0;197;5;3,419903;0;4;0;184
04.07.2020 00:00:00;Bruck an der Leitha;307;102010;1;122;4;3,921184;0;5;0;110
04.07.2020 00:00:00;Gänserndorf;308;103686;0;104;0;0;0;3;0;97
04.07.2020 00:00:00;Gmünd;309;36773;0;15;0;0;0;0;0;14
04.07.2020 00:00:00;Hollabrunn;310;50858;0;42;0;0;0;0;0;42
04.07.2020 00:00:00;Horn;311;31090;0;65;0;0;0;5;0;60
04.07.2020 00:00:00;Korneuburg;312;90889;0;183;1;1,100243;0;5;0;177
04.07.2020 00:00:00;Krems(Land);313;56596;0;161;1;1,766909;0;8;0;152
04.07.2020 00:00:00;Lilienfeld;314;25812;0;53;1;3,874167;0;5;0;46
04.07.2020 00:00:00;Melk;315;77962;0;175;1;1,282676;0;4;0;170
04.07.2020 00:00:00;Mistelbach;316;75483;0;146;0;0;0;7;0;139
04.07.2020 00:00:00;Mödling;317;118998;0;203;3;2,521051;0;7;3;189
04.07.2020 00:00:00;Neunkirchen;318;86291;0;222;5;5,794347;0;6;1;198
04.07.2020 00:00:00;Sankt Pölten(Land);319;131044;0;276;0;0;0;11;1;263
04.07.2020 00:00:00;Scheibbs;320;41403;0;104;1;2,415284;0;1;0;102
04.07.2020 00:00:00;Tulln;321;103771;0;184;4;3,854641;0;6;0;171
04.07.2020 00:00:00;Waidhofen an der Thaya;322;25888;0;73;0;0;0;2;0;71
04.07.2020 00:00:00;Wiener Neustadt(Land);323;77991;0;90;1;1,282199;0;6;0;82
04.07.2020 00:00:00;Zwettl;325;42222;0;73;0;0;0;2;0;71
04.07.2020 00:00:00;Linz(Stadt);401;205726;19;432;85;41,31709;0;13;0;318
04.07.2020 00:00:00;Steyr(Stadt);402;38193;0;64;0;0;0;2;0;61
04.07.2020 00:00:00;Wels(Stadt);403;61727;4;84;21;34,02077;0;0;0;58
04.07.2020 00:00:00;Braunau am Inn;404;104408;0;143;10;9,57781;0;3;0;130
04.07.2020 00:00:00;Eferding;405;33156;2;62;5;15,08023;0;6;0;49
04.07.2020 00:00:00;Freistadt;406;66621;0;127;4;6,004113;0;6;0;115
04.07.2020 00:00:00;Gmunden;407;101631;0;77;1;0,9839517;0;2;0;71
04.07.2020 00:00:00;Grieskirchen;408;64721;0;85;9;13,90584;0;1;0;73
04.07.2020 00:00:00;Kirchdorf an der Krems;409;56866;1;51;7;12,30964;0;1;0;43
04.07.2020 00:00:00;Linz-Land;410;150273;21;319;89;59,22554;0;9;0;208
04.07.2020 00:00:00;Perg;411;68459;6;284;20;29,21457;0;2;0;257
04.07.2020 00:00:00;Ried im Innkreis;412;61204;0;60;14;22,87432;0;0;0;45
04.07.2020 00:00:00;Rohrbach;413;56524;0;155;1;1,76916;0;0;0;154
04.07.2020 00:00:00;Schärding;414;57307;0;62;4;6,97995;0;1;0;57
04.07.2020 00:00:00;Steyr-Land;415;60427;0;183;0;0;0;7;0;175
04.07.2020 00:00:00;Urfahr-Umgebung;416;85505;0;302;17;19,88188;0;5;0;278
04.07.2020 00:00:00;Vöcklabruck;417;136253;0;111;1;0,7339288;0;4;0;104
04.07.2020 00:00:00;Wels-Land;418;73094;3;104;18;24,62582;0;0;0;79
04.07.2020 00:00:00;Salzburg(Stadt);501;154211;3;151;7;4,539235;0;1;0;136
04.07.2020 00:00:00;Hallein;502;60374;0;75;0;0;0;1;3;73
04.07.2020 00:00:00;Salzburg-Umgebung;503;152281;0;215;6;3,940084;0;10;0;195
04.07.2020 00:00:00;Sankt Johann im Pongau;504;80573;0;436;2;2,482221;0;16;0;417
04.07.2020 00:00:00;Tamsweg;505;20320;0;22;0;0;0;0;0;22
04.07.2020 00:00:00;Zell am See;506;87462;0;363;1;1,143354;0;9;0;353
04.07.2020 00:00:00;Graz(Stadt);601;288806;6;516;31;10,73385;0;42;2;435
04.07.2020 00:00:00;Deutschlandsberg;603;60821;0;49;0;0;0;2;0;47
04.07.2020 00:00:00;Graz-Umgebung;606;154260;0;249;0;0;0;34;0;215
04.07.2020 00:00:00;Leibnitz;610;82484;0;186;3;3,637069;0;4;0;179
04.07.2020 00:00:00;Leoben;611;60060;0;25;1;1,665002;0;3;0;21
04.07.2020 00:00:00;Liezen;612;79901;0;88;0;0;0;1;0;87
04.07.2020 00:00:00;Murau;614;27659;0;7;0;0;0;0;0;7
04.07.2020 00:00:00;Voitsberg;616;51161;0;106;0;0;0;5;0;101
04.07.2020 00:00:00;Weiz;617;90343;0;202;0;0;0;18;0;182
04.07.2020 00:00:00;Murtal;620;72004;0;32;0;0;0;1;0;31
04.07.2020 00:00:00;Bruck-Mürzzuschlag;621;98984;0;59;2;2,020529;0;3;0;49
04.07.2020 00:00:00;Hartberg-Fürstenfeld;622;90622;0;319;1;1,103485;0;39;0;280
04.07.2020 00:00:00;Südoststeiermark;623;85947;0;65;2;2,327015;0;2;0;61
04.07.2020 00:00:00;Innsbruck-Stadt;701;132110;3;421;9;6,812505;0;6;0;403
04.07.2020 00:00:00;Imst;702;60056;0;296;2;3,330225;0;6;0;288
04.07.2020 00:00:00;Innsbruck-Land;703;179318;0;393;0;0;0;13;0;380
04.07.2020 00:00:00;Kitzbühel;704;63881;0;369;0;0;0;11;0;358
04.07.2020 00:00:00;Kufstein;705;109682;0;527;3;2,73518;0;35;0;489
04.07.2020 00:00:00;Landeck;706;44362;0;997;4;9,016726;0;16;0;975
04.07.2020 00:00:00;Lienz;707;48753;0;154;0;0;0;6;0;147
04.07.2020 00:00:00;Reutte;708;32670;0;57;0;0;0;1;0;56
04.07.2020 00:00:00;Schwaz;709;83873;1;355;3;3,576836;0;14;0;337
04.07.2020 00:00:00;Bludenz;801;63714;0;258;1;1,569514;0;4;0;253
04.07.2020 00:00:00;Bregenz;802;134383;0;278;0;0;0;10;0;267
04.07.2020 00:00:00;Dornbirn;803;89041;0;158;0;0;0;4;0;153
04.07.2020 00:00:00;Feldkirch;804;107159;0;216;0;0;0;1;0;213
04.07.2020 00:00:00;Wien;900;1897491;34;4037;237;12,49018;0;214;14;3475
05.07.2020 00:00:00;Eisenstadt(Stadt);101;14637;0;19;0;0;0;0;0;19
05.07.2020 00:00:00;Rust(Stadt);102;1940;0;0;0;0;0;0;0;0
05.07.2020 00:00:00;Eisenstadt-Umgebung;103;42927;0;25;2;4,659072;0;1;0;22
05.07.2020 00:00:00;Güssing;104;25797;0;25;2;7,75284;0;0;0;24
05.07.2020 00:00:00;Jennersdorf;105;17066;0;10;0;0;0;0;0;10
05.07.2020 00:00:00;Mattersburg;106;39925;0;57;2;5,009393;0;1;0;54
05.07.2020 00:00:00;Neusiedl am See;107;59552;0;58;1;1,679205;0;4;0;52
05.07.2020 00:00:00;Oberpullendorf;108;37513;0;26;0;0;0;1;0;24
05.07.2020 00:00:00;Oberwart;109;54076;0;140;4;7,396997;0;4;0;130
05.07.2020 00:00:00;Klagenfurt Stadt;201;100817;0;93;0;0;0;3;0;88
05.07.2020 00:00:00;Villach Stadt;202;62243;0;23;0;0;0;0;0;23
05.07.2020 00:00:00;Hermagor;203;18224;0;5;0;0;0;0;0;5
05.07.2020 00:00:00;Klagenfurt Land;204;59800;0;48;3;5,016722;0;2;0;42
05.07.2020 00:00:00;Sankt Veit an der Glan;205;54555;0;52;0;0;0;0;0;52
05.07.2020 00:00:00;Spittal an der Drau;206;76091;0;45;1;1,314216;0;1;0;41
05.07.2020 00:00:00;Villach Land;207;64668;0;49;0;0;0;2;0;46
05.07.2020 00:00:00;Völkermarkt;208;41878;0;55;0;0;0;4;0;50
05.07.2020 00:00:00;Wolfsberg;209;52726;0;48;0;0;0;1;0;44
05.07.2020 00:00:00;Feldkirchen;210;29937;0;15;0;0;0;0;0;15
05.07.2020 00:00:00;Krems an der Donau(Stadt);301;24876;0;41;0;0;0;3;0;38
05.07.2020 00:00:00;Sankt Pölten(Stadt);302;55044;1;100;5;9,083642;0;4;0;91
05.07.2020 00:00:00;Waidhofen an der Ybbs(Stadt);303;11261;0;25;0;0;0;3;0;22
05.07.2020 00:00:00;Wiener Neustadt(Stadt);304;45277;0;61;3;6,625881;0;0;0;55
05.07.2020 00:00:00;Amstetten;305;116114;0;301;1;0,8612226;0;16;0;284
05.07.2020 00:00:00;Baden;306;146203;0;197;5;3,419903;0;4;0;184
05.07.2020 00:00:00;Bruck an der Leitha;307;102010;0;122;3;2,940888;0;5;0;110
05.07.2020 00:00:00;Gänserndorf;308;103686;1;105;1;0,9644504;0;3;3;100
05.07.2020 00:00:00;Gmünd;309;36773;0;15;0;0;0;0;1;15
05.07.2020 00:00:00;Hollabrunn;310;50858;0;42;0;0;0;0;0;42
05.07.2020 00:00:00;Horn;311;31090;0;65;0;0;0;5;0;60
05.07.2020 00:00:00;Korneuburg;312;90889;0;183;0;0;0;5;0;177
05.07.2020 00:00:00;Krems(Land);313;56596;0;161;1;1,766909;0;8;0;152
05.07.2020 00:00:00;Lilienfeld;314;25812;0;53;1;3,874167;0;5;0;46
05.07.2020 00:00:00;Melk;315;77962;0;175;1;1,282676;0;4;0;170
05.07.2020 00:00:00;Mistelbach;316;75483;0;146;0;0;0;7;0;139
05.07.2020 00:00:00;Mödling;317;118998;1;204;4;3,361401;0;7;0;189
05.07.2020 00:00:00;Neunkirchen;318;86291;1;223;5;5,794347;0;6;1;199
05.07.2020 00:00:00;Sankt Pölten(Land);319;131044;0;276;0;0;0;11;0;263
05.07.2020 00:00:00;Scheibbs;320;41403;0;104;1;2,415284;0;1;0;102
05.07.2020 00:00:00;Tulln;321;103771;0;184;4;3,854641;0;6;0;171
05.07.2020 00:00:00;Waidhofen an der Thaya;322;25888;0;73;0;0;0;2;0;71
05.07.2020 00:00:00;Wiener Neustadt(Land);323;77991;0;90;1;1,282199;0;6;0;82
05.07.2020 00:00:00;Zwettl;325;42222;0;73;0;0;0;2;0;71
05.07.2020 00:00:00;Linz(Stadt);401;205726;9;441;88;42,77534;0;13;0;318
05.07.2020 00:00:00;Steyr(Stadt);402;38193;0;64;0;0;0;2;0;61
05.07.2020 00:00:00;Wels(Stadt);403;61727;0;84;18;29,16066;0;0;0;58
05.07.2020 00:00:00;Braunau am Inn;404;104408;0;143;10;9,57781;0;3;0;130
05.07.2020 00:00:00;Eferding;405;33156;1;63;6;18,09627;0;6;0;49
05.07.2020 00:00:00;Freistadt;406;66621;0;127;4;6,004113;0;6;0;115
05.07.2020 00:00:00;Gmunden;407;101631;0;77;1;0,9839517;0;2;0;71
05.07.2020 00:00:00;Grieskirchen;408;64721;0;85;9;13,90584;0;1;0;73
05.07.2020 00:00:00;Kirchdorf an der Krems;409;56866;3;54;10;17,5852;0;1;0;43
05.07.2020 00:00:00;Linz-Land;410;150273;29;348;111;73,86556;0;9;0;208
05.07.2020 00:00:00;Perg;411;68459;2;286;22;32,13602;0;2;0;257
05.07.2020 00:00:00;Ried im Innkreis;412;61204;4;64;18;29,40984;0;0;0;45
05.07.2020 00:00:00;Rohrbach;413;56524;0;155;1;1,76916;0;0;0;154
05.07.2020 00:00:00;Schärding;414;57307;0;62;3;5,234962;0;1;0;57
05.07.2020 00:00:00;Steyr-Land;415;60427;0;183;0;0;0;7;0;175
05.07.2020 00:00:00;Urfahr-Umgebung;416;85505;2;304;18;21,0514;0;5;0;278
05.07.2020 00:00:00;Vöcklabruck;417;136253;0;111;1;0,7339288;0;4;0;104
05.07.2020 00:00:00;Wels-Land;418;73094;0;104;17;23,25772;0;0;0;79
05.07.2020 00:00:00;Salzburg(Stadt);501;154211;0;151;7;4,539235;0;1;0;136
05.07.2020 00:00:00;Hallein;502;60374;0;75;0;0;0;1;0;73
05.07.2020 00:00:00;Salzburg-Umgebung;503;152281;0;215;4;2,626723;0;10;0;195
05.07.2020 00:00:00;Sankt Johann im Pongau;504;80573;0;436;2;2,482221;0;16;0;417
05.07.2020 00:00:00;Tamsweg;505;20320;0;22;0;0;0;0;0;22
05.07.2020 00:00:00;Zell am See;506;87462;0;363;0;0;0;9;0;353
05.07.2020 00:00:00;Graz(Stadt);601;288806;0;516;31;10,73385;0;42;0;435
05.07.2020 00:00:00;Deutschlandsberg;603;60821;0;49;0;0;0;2;0;47
05.07.2020 00:00:00;Graz-Umgebung;606;154260;0;249;0;0;0;34;0;215
05.07.2020 00:00:00;Leibnitz;610;82484;0;186;3;3,637069;0;4;0;179
05.07.2020 00:00:00;Leoben;611;60060;0;25;1;1,665002;0;3;0;21
05.07.2020 00:00:00;Liezen;612;79901;0;88;0;0;0;1;0;87
05.07.2020 00:00:00;Murau;614;27659;0;7;0;0;0;0;0;7
05.07.2020 00:00:00;Voitsberg;616;51161;0;106;0;0;0;5;0;101
05.07.2020 00:00:00;Weiz;617;90343;0;202;0;0;0;18;0;182
05.07.2020 00:00:00;Murtal;620;72004;0;32;0;0;0;1;0;31
05.07.2020 00:00:00;Bruck-Mürzzuschlag;621;98984;0;59;2;2,020529;0;3;0;49
05.07.2020 00:00:00;Hartberg-Fürstenfeld;622;90622;0;319;1;1,103485;0;39;0;280
05.07.2020 00:00:00;Südoststeiermark;623;85947;0;65;2;2,327015;0;2;0;61
05.07.2020 00:00:00;Innsbruck-Stadt;701;132110;0;421;9;6,812505;0;6;0;403
05.07.2020 00:00:00;Imst;702;60056;0;296;2;3,330225;0;6;0;288
05.07.2020 00:00:00;Innsbruck-Land;703;179318;0;393;0;0;0;13;0;380
05.07.2020 00:00:00;Kitzbühel;704;63881;0;369;0;0;0;11;0;358
05.07.2020 00:00:00;Kufstein;705;109682;0;527;2;1,823453;0;35;0;489
05.07.2020 00:00:00;Landeck;706;44362;0;997;4;9,016726;0;16;0;975
05.07.2020 00:00:00;Lienz;707;48753;0;154;0;0;0;6;0;147
05.07.2020 00:00:00;Reutte;708;32670;0;57;0;0;0;1;0;56
05.07.2020 00:00:00;Schwaz;709;83873;0;355;3;3,576836;0;14;0;337
05.07.2020 00:00:00;Bludenz;801;63714;0;258;1;1,569514;0;4;0;253
05.07.2020 00:00:00;Bregenz;802;134383;0;278;0;0;0;10;1;268
05.07.2020 00:00:00;Dornbirn;803;89041;0;158;0;0;0;4;0;153
05.07.2020 00:00:00;Feldkirch;804;107159;0;216;0;0;0;1;0;213
05.07.2020 00:00:00;Wien;900;1897491;21;4058;241;12,70098;0;214;24;3499
06.07.2020 00:00:00;Eisenstadt(Stadt);101;14637;0;19;0;0;0;0;0;19
06.07.2020 00:00:00;Rust(Stadt);102;1940;0;0;0;0;0;0;0;0
06.07.2020 00:00:00;Eisenstadt-Umgebung;103;42927;1;26;3;6,988608;0;1;0;22
06.07.2020 00:00:00;Güssing;104;25797;0;25;2;7,75284;0;0;0;24
06.07.2020 00:00:00;Jennersdorf;105;17066;0;10;0;0;0;0;0;10
06.07.2020 00:00:00;Mattersburg;106;39925;0;57;2;5,009393;0;1;0;54
06.07.2020 00:00:00;Neusiedl am See;107;59552;0;58;0;0;0;4;0;52
06.07.2020 00:00:00;Oberpullendorf;108;37513;0;26;0;0;0;1;0;24
06.07.2020 00:00:00;Oberwart;109;54076;1;141;5;9,246246;0;4;0;130
06.07.2020 00:00:00;Klagenfurt Stadt;201;100817;2;95;2;1,983792;0;3;0;88
06.07.2020 00:00:00;Villach Stadt;202;62243;0;23;0;0;0;0;0;23
06.07.2020 00:00:00;Hermagor;203;18224;0;5;0;0;0;0;0;5
06.07.2020 00:00:00;Klagenfurt Land;204;59800;0;48;3;5,016722;0;2;0;42
06.07.2020 00:00:00;Sankt Veit an der Glan;205;54555;0;52;0;0;0;0;0;52
06.07.2020 00:00:00;Spittal an der Drau;206;76091;0;45;1;1,314216;0;1;0;41
06.07.2020 00:00:00;Villach Land;207;64668;0;49;0;0;0;2;0;46
06.07.2020 00:00:00;Völkermarkt;208;41878;0;55;0;0;0;4;0;50
06.07.2020 00:00:00;Wolfsberg;209;52726;0;48;0;0;0;1;0;44
06.07.2020 00:00:00;Feldkirchen;210;29937;0;15;0;0;0;0;0;15
06.07.2020 00:00:00;Krems an der Donau(Stadt);301;24876;0;41;0;0;0;3;0;38
06.07.2020 00:00:00;Sankt Pölten(Stadt);302;55044;0;100;3;5,450185;0;4;0;91
06.07.2020 00:00:00;Waidhofen an der Ybbs(Stadt);303;11261;0;25;0;0;0;3;0;22
06.07.2020 00:00:00;Wiener Neustadt(Stadt);304;45277;0;61;3;6,625881;0;0;0;55
06.07.2020 00:00:00;Amstetten;305;116114;1;302;2;1,722445;0;16;0;284
06.07.2020 00:00:00;Baden;306;146203;0;197;2;1,367961;0;4;3;187
06.07.2020 00:00:00;Bruck an der Leitha;307;102010;0;122;3;2,940888;0;5;0;110
06.07.2020 00:00:00;Gänserndorf;308;103686;0;105;1;0,9644504;0;3;0;100
06.07.2020 00:00:00;Gmünd;309;36773;0;15;0;0;0;0;0;15
06.07.2020 00:00:00;Hollabrunn;310;50858;0;42;0;0;0;0;0;42
06.07.2020 00:00:00;Horn;311;31090;0;65;0;0;0;5;0;60
06.07.2020 00:00:00;Korneuburg;312;90889;0;183;0;0;0;5;0;177
06.07.2020 00:00:00;Krems(Land);313;56596;1;162;2;3,533819;0;8;0;152
06.07.2020 00:00:00;Lilienfeld;314;25812;0;53;1;3,874167;0;5;0;46
06.07.2020 00:00:00;Melk;315;77962;1;176;2;2,565352;0;4;0;170
06.07.2020 00:00:00;Mistelbach;316;75483;0;146;0;0;0;7;0;139
06.07.2020 00:00:00;Mödling;317;118998;0;204;2;1,680701;0;7;2;191
06.07.2020 00:00:00;Neunkirchen;318;86291;0;223;4;4,635478;0;6;0;199
06.07.2020 00:00:00;Sankt Pölten(Land);319;131044;1;277;1;0,7631025;0;11;0;263
06.07.2020 00:00:00;Scheibbs;320;41403;0;104;1;2,415284;0;1;0;102
06.07.2020 00:00:00;Tulln;321;103771;0;184;3;2,890981;0;6;0;171
06.07.2020 00:00:00;Waidhofen an der Thaya;322;25888;0;73;0;0;0;2;0;71
06.07.2020 00:00:00;Wiener Neustadt(Land);323;77991;2;92;3;3,846598;0;6;1;83
06.07.2020 00:00:00;Zwettl;325;42222;0;73;0;0;0;2;0;71
06.07.2020 00:00:00;Linz(Stadt);401;205726;1;442;83;40,34492;0;13;1;319
06.07.2020 00:00:00;Steyr(Stadt);402;38193;1;65;1;2,618281;0;2;0;61
06.07.2020 00:00:00;Wels(Stadt);403;61727;2;86;20;32,40073;0;0;0;58
06.07.2020 00:00:00;Braunau am Inn;404;104408;0;143;10;9,57781;0;3;0;130
06.07.2020 00:00:00;Eferding;405;33156;4;67;10;30,16045;0;6;0;49
06.07.2020 00:00:00;Freistadt;406;66621;1;128;5;7,505141;0;6;0;115
06.07.2020 00:00:00;Gmunden;407;101631;0;77;0;0;0;2;0;71
06.07.2020 00:00:00;Grieskirchen;408;64721;0;85;9;13,90584;0;1;0;73
06.07.2020 00:00:00;Kirchdorf an der Krems;409;56866;0;54;10;17,5852;0;1;0;43
06.07.2020 00:00:00;Linz-Land;410;150273;2;350;97;64,54919;0;9;5;213
06.07.2020 00:00:00;Perg;411;68459;12;298;33;48,20403;0;2;1;258
06.07.2020 00:00:00;Ried im Innkreis;412;61204;1;65;19;31,04372;0;0;0;45
06.07.2020 00:00:00;Rohrbach;413;56524;0;155;1;1,76916;0;0;0;154
06.07.2020 00:00:00;Schärding;414;57307;1;63;1;1,744987;0;1;0;57
06.07.2020 00:00:00;Steyr-Land;415;60427;0;183;0;0;0;7;0;175
06.07.2020 00:00:00;Urfahr-Umgebung;416;85505;0;304;14;16,37331;0;5;0;278
06.07.2020 00:00:00;Vöcklabruck;417;136253;0;111;1;0,7339288;0;4;0;104
06.07.2020 00:00:00;Wels-Land;418;73094;1;105;13;17,78532;0;0;0;79
06.07.2020 00:00:00;Salzburg(Stadt);501;154211;3;154;10;6,484622;0;1;0;136
06.07.2020 00:00:00;Hallein;502;60374;0;75;0;0;0;1;0;73
06.07.2020 00:00:00;Salzburg-Umgebung;503;152281;0;215;4;2,626723;0;10;2;197
06.07.2020 00:00:00;Sankt Johann im Pongau;504;80573;0;436;0;0;0;16;0;417
06.07.2020 00:00:00;Tamsweg;505;20320;0;22;0;0;0;0;0;22
06.07.2020 00:00:00;Zell am See;506;87462;1;364;1;1,143354;0;9;0;353
06.07.2020 00:00:00;Graz(Stadt);601;288806;3;519;31;10,73385;0;42;1;436
06.07.2020 00:00:00;Deutschlandsberg;603;60821;0;49;0;0;0;2;0;47
06.07.2020 00:00:00;Graz-Umgebung;606;154260;0;249;0;0;0;34;0;215
06.07.2020 00:00:00;Leibnitz;610;82484;0;186;3;3,637069;0;4;0;179
06.07.2020 00:00:00;Leoben;611;60060;1;26;2;3,330003;0;3;0;21
06.07.2020 00:00:00;Liezen;612;79901;0;88;0;0;0;1;0;87
06.07.2020 00:00:00;Murau;614;27659;0;7;0;0;0;0;0;7
06.07.2020 00:00:00;Voitsberg;616;51161;0;106;0;0;0;5;0;101
06.07.2020 00:00:00;Weiz;617;90343;0;202;0;0;0;18;0;182
06.07.2020 00:00:00;Murtal;620;72004;0;32;0;0;0;1;0;31
06.07.2020 00:00:00;Bruck-Mürzzuschlag;621;98984;0;59;2;2,020529;0;3;0;49
06.07.2020 00:00:00;Hartberg-Fürstenfeld;622;90622;0;319;1;1,103485;0;39;0;280
06.07.2020 00:00:00;Südoststeiermark;623;85947;0;65;2;2,327015;0;2;0;61
06.07.2020 00:00:00;Innsbruck-Stadt;701;132110;0;421;7;5,298615;0;6;0;403
06.07.2020 00:00:00;Imst;702;60056;0;296;2;3,330225;0;6;0;288
06.07.2020 00:00:00;Innsbruck-Land;703;179318;0;393;0;0;0;13;0;380
06.07.2020 00:00:00;Kitzbühel;704;63881;0;369;0;0;0;11;0;358
06.07.2020 00:00:00;Kufstein;705;109682;0;527;2;1,823453;0;35;0;489
06.07.2020 00:00:00;Landeck;706;44362;1;998;5;11,27091;0;16;0;975
06.07.2020 00:00:00;Lienz;707;48753;0;154;0;0;0;6;1;148
06.07.2020 00:00:00;Reutte;708;32670;0;57;0;0;0;1;0;56
06.07.2020 00:00:00;Schwaz;709;83873;0;355;3;3,576836;0;14;0;337
06.07.2020 00:00:00;Bludenz;801;63714;0;258;1;1,569514;0;4;0;253
06.07.2020 00:00:00;Bregenz;802;134383;1;279;1;0,7441418;0;10;0;268
06.07.2020 00:00:00;Dornbirn;803;89041;0;158;0;0;0;4;0;153
06.07.2020 00:00:00;Feldkirch;804;107159;0;216;0;0;0;1;0;213
06.07.2020 00:00:00;Wien;900;1897491;23;4081;254;13,3861;0;214;21;3520
07.07.2020 00:00:00;Eisenstadt(Stadt);101;14637;0;19;0;0;0;0;0;19
07.07.2020 00:00:00;Rust(Stadt);102;1940;0;0;0;0;0;0;0;0
07.07.2020 00:00:00;Eisenstadt-Umgebung;103;42927;0;26;3;6,988608;0;1;0;22
07.07.2020 00:00:00;Güssing;104;25797;0;25;2;7,75284;0;0;0;24
07.07.2020 00:00:00;Jennersdorf;105;17066;0;10;0;0;0;0;0;10
07.07.2020 00:00:00;Mattersburg;106;39925;0;57;2;5,009393;0;1;0;54
07.07.2020 00:00:00;Neusiedl am See;107;59552;0;58;0;0;0;4;1;53
07.07.2020 00:00:00;Oberpullendorf;108;37513;0;26;0;0;0;1;0;24
07.07.2020 00:00:00;Oberwart;109;54076;0;141;5;9,246246;0;4;0;130
07.07.2020 00:00:00;Klagenfurt Stadt;201;100817;0;95;2;1,983792;0;3;1;89
07.07.2020 00:00:00;Villach Stadt;202;62243;0;23;0;0;0;0;0;23
07.07.2020 00:00:00;Hermagor;203;18224;0;5;0;0;0;0;0;5
07.07.2020 00:00:00;Klagenfurt Land;204;59800;1;49;4;6,688963;0;2;0;42
07.07.2020 00:00:00;Sankt Veit an der Glan;205;54555;0;52;0;0;0;0;0;52
07.07.2020 00:00:00;Spittal an der Drau;206;76091;0;45;1;1,314216;0;1;0;41
07.07.2020 00:00:00;Villach Land;207;64668;0;49;0;0;0;2;0;46
07.07.2020 00:00:00;Völkermarkt;208;41878;0;55;0;0;0;4;0;50
07.07.2020 00:00:00;Wolfsberg;209;52726;0;48;0;0;0;1;0;44
07.07.2020 00:00:00;Feldkirchen;210;29937;0;15;0;0;0;0;0;15
07.07.2020 00:00:00;Krems an der Donau(Stadt);301;24876;0;41;0;0;0;3;0;38
07.07.2020 00:00:00;Sankt Pölten(Stadt);302;55044;0;100;3;5,450185;0;4;0;91
07.07.2020 00:00:00;Waidhofen an der Ybbs(Stadt);303;11261;0;25;0;0;0;3;0;22
07.07.2020 00:00:00;Wiener Neustadt(Stadt);304;45277;0;61;1;2,208627;0;0;0;55
07.07.2020 00:00:00;Amstetten;305;116114;1;303;3;2,583668;0;16;0;284
07.07.2020 00:00:00;Baden;306;146203;2;199;4;2,735922;0;4;0;187
07.07.2020 00:00:00;Bruck an der Leitha;307;102010;0;122;3;2,940888;0;5;0;110
07.07.2020 00:00:00;Gänserndorf;308;103686;0;105;1;0,9644504;0;3;0;100
07.07.2020 00:00:00;Gmünd;309;36773;0;15;0;0;0;0;0;15
07.07.2020 00:00:00;Hollabrunn;310;50858;0;42;0;0;0;0;0;42
07.07.2020 00:00:00;Horn;311;31090;0;65;0;0;0;5;0;60
07.07.2020 00:00:00;Korneuburg;312;90889;0;183;0;0;0;5;0;177
07.07.2020 00:00:00;Krems(Land);313;56596;0;162;2;3,533819;0;8;0;152
07.07.2020 00:00:00;Lilienfeld;314;25812;0;53;1;3,874167;0;5;0;46
07.07.2020 00:00:00;Melk;315;77962;0;176;2;2,565352;0;4;0;170
07.07.2020 00:00:00;Mistelbach;316;75483;0;146;0;0;0;7;0;139
07.07.2020 00:00:00;Mödling;317;118998;1;205;3;2,521051;0;7;2;193
07.07.2020 00:00:00;Neunkirchen;318;86291;1;224;5;5,794347;0;6;0;199
07.07.2020 00:00:00;Sankt Pölten(Land);319;131044;0;277;1;0,7631025;0;11;0;263
07.07.2020 00:00:00;Scheibbs;320;41403;0;104;1;2,415284;0;1;0;102
07.07.2020 00:00:00;Tulln;321;103771;0;184;1;0,9636604;0;6;0;171
07.07.2020 00:00:00;Waidhofen an der Thaya;322;25888;0;73;0;0;0;2;0;71
07.07.2020 00:00:00;Wiener Neustadt(Land);323;77991;0;92;3;3,846598;0;6;0;83
07.07.2020 00:00:00;Zwettl;325;42222;0;73;0;0;0;2;0;71
07.07.2020 00:00:00;Linz(Stadt);401;205726;11;453;92;44,71968;0;13;3;322
07.07.2020 00:00:00;Steyr(Stadt);402;38193;0;65;1;2,618281;0;2;1;62
07.07.2020 00:00:00;Wels(Stadt);403;61727;4;90;24;38,88088;0;0;4;62
07.07.2020 00:00:00;Braunau am Inn;404;104408;0;143;9;8,620029;0;3;0;130
07.07.2020 00:00:00;Eferding;405;33156;0;67;10;30,16045;0;6;0;49
07.07.2020 00:00:00;Freistadt;406;66621;0;128;5;7,505141;0;6;1;116
07.07.2020 00:00:00;Gmunden;407;101631;1;78;1;0,9839517;0;2;1;72
07.07.2020 00:00:00;Grieskirchen;408;64721;0;85;9;13,90584;0;1;0;73
07.07.2020 00:00:00;Kirchdorf an der Krems;409;56866;2;56;12;21,10224;0;1;0;43
07.07.2020 00:00:00;Linz-Land;410;150273;7;357;101;67,21101;0;9;0;213
07.07.2020 00:00:00;Perg;411;68459;2;300;34;49,66476;0;2;1;259
07.07.2020 00:00:00;Ried im Innkreis;412;61204;6;71;25;40,847;0;0;0;45
07.07.2020 00:00:00;Rohrbach;413;56524;0;155;1;1,76916;0;0;0;154
07.07.2020 00:00:00;Schärding;414;57307;0;63;1;1,744987;0;1;0;57
07.07.2020 00:00:00;Steyr-Land;415;60427;0;183;0;0;0;7;1;176
07.07.2020 00:00:00;Urfahr-Umgebung;416;85505;1;305;15;17,54283;0;5;0;278
07.07.2020 00:00:00;Vöcklabruck;417;136253;1;112;2;1,467858;0;4;0;104
07.07.2020 00:00:00;Wels-Land;418;73094;2;107;15;20,52152;0;0;1;80
07.07.2020 00:00:00;Salzburg(Stadt);501;154211;4;158;13;8,430008;0;1;2;138
07.07.2020 00:00:00;Hallein;502;60374;0;75;0;0;0;1;0;73
07.07.2020 00:00:00;Salzburg-Umgebung;503;152281;1;216;5;3,283404;0;10;2;199
07.07.2020 00:00:00;Sankt Johann im Pongau;504;80573;2;438;2;2,482221;0;16;0;417
07.07.2020 00:00:00;Tamsweg;505;20320;0;22;0;0;0;0;0;22
07.07.2020 00:00:00;Zell am See;506;87462;2;366;3;3,430061;0;9;0;353
07.07.2020 00:00:00;Graz(Stadt);601;288806;6;525;36;12,46511;0;42;2;438
07.07.2020 00:00:00;Deutschlandsberg;603;60821;0;49;0;0;0;2;0;47
07.07.2020 00:00:00;Graz-Umgebung;606;154260;1;250;1;0,6482562;0;34;0;215
07.07.2020 00:00:00;Leibnitz;610;82484;2;188;5;6,061782;0;4;0;179
07.07.2020 00:00:00;Leoben;611;60060;0;26;2;3,330003;0;3;0;21
07.07.2020 00:00:00;Liezen;612;79901;1;89;1;1,251549;0;1;0;87
07.07.2020 00:00:00;Murau;614;27659;0;7;0;0;0;0;0;7
07.07.2020 00:00:00;Voitsberg;616;51161;0;106;0;0;0;5;0;101
07.07.2020 00:00:00;Weiz;617;90343;0;202;0;0;0;18;0;182
07.07.2020 00:00:00;Murtal;620;72004;0;32;0;0;0;1;0;31
07.07.2020 00:00:00;Bruck-Mürzzuschlag;621;98984;1;60;3;3,030793;0;3;0;49
07.07.2020 00:00:00;Hartberg-Fürstenfeld;622;90622;0;319;1;1,103485;0;39;0;280
07.07.2020 00:00:00;Südoststeiermark;623;85947;0;65;2;2,327015;0;2;0;61
07.07.2020 00:00:00;Innsbruck-Stadt;701;132110;1;422;6;4,54167;0;6;0;403
07.07.2020 00:00:00;Imst;702;60056;0;296;2;3,330225;0;6;0;288
07.07.2020 00:00:00;Innsbruck-Land;703;179318;0;393;0;0;0;13;0;380
07.07.2020 00:00:00;Kitzbühel;704;63881;1;370;1;1,565411;0;11;0;358
07.07.2020 00:00:00;Kufstein;705;109682;0;527;1;0,9117267;0;35;0;489
07.07.2020 00:00:00;Landeck;706;44362;0;998;5;11,27091;0;16;0;975
07.07.2020 00:00:00;Lienz;707;48753;0;154;0;0;0;6;0;148
07.07.2020 00:00:00;Reutte;708;32670;0;57;0;0;0;1;0;56
07.07.2020 00:00:00;Schwaz;709;83873;1;356;3;3,576836;0;14;0;337
07.07.2020 00:00:00;Bludenz;801;63714;0;258;1;1,569514;0;4;0;253
07.07.2020 00:00:00;Bregenz;802;134383;0;279;1;0,7441418;0;10;0;268
07.07.2020 00:00:00;Dornbirn;803;89041;0;158;0;0;0;4;1;154
07.07.2020 00:00:00;Feldkirch;804;107159;0;216;0;0;0;1;0;213
07.07.2020 00:00:00;Wien;900;1897491;24;4105;246;12,96449;0;214;23;3543
08.07.2020 00:00:00;Eisenstadt(Stadt);101;14637;0;19;0;0;0;0;0;19
08.07.2020 00:00:00;Rust(Stadt);102;1940;0;0;0;0;0;0;0;0
08.07.2020 00:00:00;Eisenstadt-Umgebung;103;42927;0;26;3;6,988608;0;1;0;22
08.07.2020 00:00:00;Güssing;104;25797;0;25;1;3,87642;0;0;0;24
08.07.2020 00:00:00;Jennersdorf;105;17066;0;10;0;0;0;0;0;10
08.07.2020 00:00:00;Mattersburg;106;39925;0;57;2;5,009393;0;1;0;54
08.07.2020 00:00:00;Neusiedl am See;107;59552;0;58;0;0;0;4;0;53
08.07.2020 00:00:00;Oberpullendorf;108;37513;0;26;0;0;0;1;0;24
08.07.2020 00:00:00;Oberwart;109;54076;2;143;7;12,94474;0;4;0;130
08.07.2020 00:00:00;Klagenfurt Stadt;201;100817;0;95;2;1,983792;0;3;0;89
08.07.2020 00:00:00;Villach Stadt;202;62243;0;23;0;0;0;0;0;23
08.07.2020 00:00:00;Hermagor;203;18224;0;5;0;0;0;0;0;5
08.07.2020 00:00:00;Klagenfurt Land;204;59800;0;49;3;5,016722;0;2;0;42
08.07.2020 00:00:00;Sankt Veit an der Glan;205;54555;1;53;1;1,833013;0;0;0;52
08.07.2020 00:00:00;Spittal an der Drau;206;76091;0;45;1;1,314216;0;1;0;41
08.07.2020 00:00:00;Villach Land;207;64668;0;49;0;0;0;2;0;46
08.07.2020 00:00:00;Völkermarkt;208;41878;0;55;0;0;0;4;0;50
08.07.2020 00:00:00;Wolfsberg;209;52726;0;48;0;0;0;1;0;44
08.07.2020 00:00:00;Feldkirchen;210;29937;0;15;0;0;0;0;0;15
08.07.2020 00:00:00;Krems an der Donau(Stadt);301;24876;0;41;0;0;0;3;0;38
08.07.2020 00:00:00;Sankt Pölten(Stadt);302;55044;0;100;3;5,450185;0;4;0;91
08.07.2020 00:00:00;Waidhofen an der Ybbs(Stadt);303;11261;0;25;0;0;0;3;0;22
08.07.2020 00:00:00;Wiener Neustadt(Stadt);304;45277;0;61;1;2,208627;0;0;1;56
08.07.2020 00:00:00;Amstetten;305;116114;3;306;6;5,167336;0;16;0;284
08.07.2020 00:00:00;Baden;306;146203;0;199;4;2,735922;0;4;0;187
08.07.2020 00:00:00;Bruck an der Leitha;307;102010;1;123;4;3,921184;0;5;0;110
08.07.2020 00:00:00;Gänserndorf;308;103686;0;105;1;0,9644504;0;3;0;100
08.07.2020 00:00:00;Gmünd;309;36773;0;15;0;0;0;0;0;15
08.07.2020 00:00:00;Hollabrunn;310;50858;0;42;0;0;0;0;0;42
08.07.2020 00:00:00;Horn;311;31090;0;65;0;0;0;5;0;60
08.07.2020 00:00:00;Korneuburg;312;90889;1;184;1;1,100243;0;5;0;177
08.07.2020 00:00:00;Krems(Land);313;56596;0;162;2;3,533819;0;8;0;152
08.07.2020 00:00:00;Lilienfeld;314;25812;0;53;0;0;0;5;1;47
08.07.2020 00:00:00;Melk;315;77962;0;176;1;1,282676;0;4;0;170
08.07.2020 00:00:00;Mistelbach;316;75483;0;146;0;0;0;7;0;139
08.07.2020 00:00:00;Mödling;317;118998;2;207;4;3,361401;0;7;0;193
08.07.2020 00:00:00;Neunkirchen;318;86291;0;224;4;4,635478;0;6;2;201
08.07.2020 00:00:00;Sankt Pölten(Land);319;131044;0;277;1;0,7631025;0;11;2;265
08.07.2020 00:00:00;Scheibbs;320;41403;0;104;1;2,415284;0;1;0;102
08.07.2020 00:00:00;Tulln;321;103771;2;186;3;2,890981;0;6;0;171
08.07.2020 00:00:00;Waidhofen an der Thaya;322;25888;0;73;0;0;0;2;0;71
08.07.2020 00:00:00;Wiener Neustadt(Land);323;77991;1;93;4;5,128797;0;6;0;83
08.07.2020 00:00:00;Zwettl;325;42222;0;73;0;0;0;2;0;71
08.07.2020 00:00:00;Linz(Stadt);401;205726;2;455;75;36,45626;0;13;8;330
08.07.2020 00:00:00;Steyr(Stadt);402;38193;1;66;2;5,236562;0;2;0;62
08.07.2020 00:00:00;Wels(Stadt);403;61727;4;94;22;35,6408;0;0;0;62
08.07.2020 00:00:00;Braunau am Inn;404;104408;1;144;9;8,620029;0;3;0;130
08.07.2020 00:00:00;Eferding;405;33156;0;67;9;27,14441;0;6;0;49
08.07.2020 00:00:00;Freistadt;406;66621;1;129;3;4,503085;0;6;0;116
08.07.2020 00:00:00;Gmunden;407;101631;0;78;1;0,9839517;0;2;0;72
08.07.2020 00:00:00;Grieskirchen;408;64721;1;86;7;10,81565;0;1;0;73
08.07.2020 00:00:00;Kirchdorf an der Krems;409;56866;0;56;12;21,10224;0;1;0;43
08.07.2020 00:00:00;Linz-Land;410;150273;10;367;106;70,53828;0;9;0;213
08.07.2020 00:00:00;Perg;411;68459;1;301;32;46,74331;0;2;0;259
08.07.2020 00:00:00;Ried im Innkreis;412;61204;1;72;26;42,48088;0;0;0;45
08.07.2020 00:00:00;Rohrbach;413;56524;0;155;1;1,76916;0;0;0;154
08.07.2020 00:00:00;Schärding;414;57307;0;63;1;1,744987;0;1;0;57
08.07.2020 00:00:00;Steyr-Land;415;60427;3;186;3;4,964668;0;7;0;176
08.07.2020 00:00:00;Urfahr-Umgebung;416;85505;3;308;15;17,54283;0;5;1;279
08.07.2020 00:00:00;Vöcklabruck;417;136253;1;113;3;2,201786;0;4;0;104
08.07.2020 00:00:00;Wels-Land;418;73094;3;110;15;20,52152;0;0;0;80
08.07.2020 00:00:00;Salzburg(Stadt);501;154211;5;163;17;11,02386;0;1;1;139
08.07.2020 00:00:00;Hallein;502;60374;0;75;0;0;0;1;0;73
08.07.2020 00:00:00;Salzburg-Umgebung;503;152281;0;216;4;2,626723;0;10;0;199
08.07.2020 00:00:00;Sankt Johann im Pongau;504;80573;1;439;3;3,723332;0;16;0;417
08.07.2020 00:00:00;Tamsweg;505;20320;0;22;0;0;0;0;0;22
08.07.2020 00:00:00;Zell am See;506;87462;0;366;3;3,430061;0;9;0;353
08.07.2020 00:00:00;Graz(Stadt);601;288806;1;526;28;9,695089;0;42;1;439
08.07.2020 00:00:00;Deutschlandsberg;603;60821;0;49;0;0;0;2;0;47
08.07.2020 00:00:00;Graz-Umgebung;606;154260;0;250;1;0,6482562;0;34;0;215
08.07.2020 00:00:00;Leibnitz;610;82484;0;188;5;6,061782;0;4;0;179
08.07.2020 00:00:00;Leoben;611;60060;0;26;2;3,330003;0;3;0;21
08.07.2020 00:00:00;Liezen;612;79901;1;90;2;2,503098;0;1;0;87
08.07.2020 00:00:00;Murau;614;27659;0;7;0;0;0;0;0;7
08.07.2020 00:00:00;Voitsberg;616;51161;0;106;0;0;0;5;0;101
08.07.2020 00:00:00;Weiz;617;90343;0;202;0;0;0;18;1;183
08.07.2020 00:00:00;Murtal;620;72004;0;32;0;0;0;1;0;31
08.07.2020 00:00:00;Bruck-Mürzzuschlag;621;98984;2;62;5;5,051322;0;3;0;49
08.07.2020 00:00:00;Hartberg-Fürstenfeld;622;90622;0;319;1;1,103485;0;39;0;280
08.07.2020 00:00:00;Südoststeiermark;623;85947;2;67;4;4,654031;0;2;0;61
08.07.2020 00:00:00;Innsbruck-Stadt;701;132110;1;423;6;4,54167;0;6;0;403
08.07.2020 00:00:00;Imst;702;60056;0;296;1;1,665113;0;6;0;288
08.07.2020 00:00:00;Innsbruck-Land;703;179318;0;393;0;0;0;13;0;380
08.07.2020 00:00:00;Kitzbühel;704;63881;2;372;3;4,696232;0;11;0;358
08.07.2020 00:00:00;Kufstein;705;109682;0;527;0;0;0;35;0;489
08.07.2020 00:00:00;Landeck;706;44362;0;998;5;11,27091;0;16;0;975
08.07.2020 00:00:00;Lienz;707;48753;0;154;0;0;0;6;0;148
08.07.2020 00:00:00;Reutte;708;32670;0;57;0;0;0;1;0;56
08.07.2020 00:00:00;Schwaz;709;83873;0;356;3;3,576836;0;14;0;337
08.07.2020 00:00:00;Bludenz;801;63714;0;258;1;1,569514;0;4;0;253
08.07.2020 00:00:00;Bregenz;802;134383;1;280;2;1,488284;0;10;0;268
08.07.2020 00:00:00;Dornbirn;803;89041;0;158;0;0;0;4;0;154
08.07.2020 00:00:00;Feldkirch;804;107159;0;216;0;0;0;1;0;213
08.07.2020 00:00:00;Wien;900;1897491;56;4161;268;14,12391;0;214;29;3572
09.07.2020 00:00:00;Eisenstadt(Stadt);101;14637;0;19;0;0;0;0;0;19
09.07.2020 00:00:00;Rust(Stadt);102;1940;0;0;0;0;0;0;0;0
09.07.2020 00:00:00;Eisenstadt-Umgebung;103;42927;1;27;4;9,318145;0;1;0;22
09.07.2020 00:00:00;Güssing;104;25797;1;26;2;7,75284;0;0;0;24
09.07.2020 00:00:00;Jennersdorf;105;17066;0;10;0;0;0;0;0;10
09.07.2020 00:00:00;Mattersburg;106;39925;0;57;2;5,009393;0;1;0;54
09.07.2020 00:00:00;Neusiedl am See;107;59552;0;58;0;0;0;4;0;53
09.07.2020 00:00:00;Oberpullendorf;108;37513;0;26;0;0;0;1;0;24
09.07.2020 00:00:00;Oberwart;109;54076;1;144;7;12,94474;0;4;0;130
09.07.2020 00:00:00;Klagenfurt Stadt;201;100817;1;96;3;2,975689;0;3;0;89
09.07.2020 00:00:00;Villach Stadt;202;62243;0;23;0;0;0;0;0;23
09.07.2020 00:00:00;Hermagor;203;18224;0;5;0;0;0;0;0;5
09.07.2020 00:00:00;Klagenfurt Land;204;59800;0;49;3;5,016722;0;2;1;43
09.07.2020 00:00:00;Sankt Veit an der Glan;205;54555;0;53;1;1,833013;0;0;0;52
09.07.2020 00:00:00;Spittal an der Drau;206;76091;0;45;1;1,314216;0;1;2;43
09.07.2020 00:00:00;Villach Land;207;64668;0;49;0;0;0;2;0;46
09.07.2020 00:00:00;Völkermarkt;208;41878;0;55;0;0;0;4;0;50
09.07.2020 00:00:00;Wolfsberg;209;52726;0;48;0;0;0;1;3;47
09.07.2020 00:00:00;Feldkirchen;210;29937;0;15;0;0;0;0;0;15
09.07.2020 00:00:00;Krems an der Donau(Stadt);301;24876;0;41;0;0;0;3;0;38
09.07.2020 00:00:00;Sankt Pölten(Stadt);302;55044;0;100;2;3,633457;0;4;0;91
09.07.2020 00:00:00;Waidhofen an der Ybbs(Stadt);303;11261;0;25;0;0;0;3;0;22
09.07.2020 00:00:00;Wiener Neustadt(Stadt);304;45277;0;61;1;2,208627;0;0;0;56
09.07.2020 00:00:00;Amstetten;305;116114;0;306;6;5,167336;0;16;0;284
09.07.2020 00:00:00;Baden;306;146203;0;199;3;2,051941;0;4;1;188
09.07.2020 00:00:00;Bruck an der Leitha;307;102010;0;123;4;3,921184;0;5;0;110
09.07.2020 00:00:00;Gänserndorf;308;103686;1;106;2;1,928901;0;3;1;101
09.07.2020 00:00:00;Gmünd;309;36773;0;15;0;0;0;0;0;15
09.07.2020 00:00:00;Hollabrunn;310;50858;0;42;0;0;0;0;0;42
09.07.2020 00:00:00;Horn;311;31090;0;65;0;0;0;5;0;60
09.07.2020 00:00:00;Korneuburg;312;90889;2;186;3;3,30073;0;5;0;177
09.07.2020 00:00:00;Krems(Land);313;56596;0;162;2;3,533819;0;8;0;152
09.07.2020 00:00:00;Lilienfeld;314;25812;0;53;0;0;0;5;0;47
09.07.2020 00:00:00;Melk;315;77962;0;176;1;1,282676;0;4;0;170
09.07.2020 00:00:00;Mistelbach;316;75483;0;146;0;0;0;7;0;139
09.07.2020 00:00:00;Mödling;317;118998;1;208;5;4,201751;0;7;0;193
09.07.2020 00:00:00;Neunkirchen;318;86291;0;224;3;3,476608;0;6;2;203
09.07.2020 00:00:00;Sankt Pölten(Land);319;131044;0;277;1;0,7631025;0;11;0;265
09.07.2020 00:00:00;Scheibbs;320;41403;0;104;1;2,415284;0;1;0;102
09.07.2020 00:00:00;Tulln;321;103771;0;186;3;2,890981;0;6;1;172
09.07.2020 00:00:00;Waidhofen an der Thaya;322;25888;0;73;0;0;0;2;0;71
09.07.2020 00:00:00;Wiener Neustadt(Land);323;77991;0;93;4;5,128797;0;6;0;83
09.07.2020 00:00:00;Zwettl;325;42222;0;73;0;0;0;2;0;71
09.07.2020 00:00:00;Linz(Stadt);401;205726;24;479;88;42,77534;0;13;6;336
09.07.2020 00:00:00;Steyr(Stadt);402;38193;1;67;3;7,854843;0;2;0;62
09.07.2020 00:00:00;Wels(Stadt);403;61727;2;96;24;38,88088;0;0;1;63
09.07.2020 00:00:00;Braunau am Inn;404;104408;0;144;3;2,873343;0;3;0;130
09.07.2020 00:00:00;Eferding;405;33156;0;67;8;24,12836;0;6;1;50
09.07.2020 00:00:00;Freistadt;406;66621;1;130;4;6,004113;0;6;0;116
09.07.2020 00:00:00;Gmunden;407;101631;0;78;1;0,9839517;0;2;1;73
09.07.2020 00:00:00;Grieskirchen;408;64721;0;86;4;6,180374;0;1;0;73
09.07.2020 00:00:00;Kirchdorf an der Krems;409;56866;0;56;11;19,34372;0;1;0;43
09.07.2020 00:00:00;Linz-Land;410;150273;7;374;94;62,55282;0;9;3;216
09.07.2020 00:00:00;Perg;411;68459;3;304;34;49,66476;0;2;0;259
09.07.2020 00:00:00;Ried im Innkreis;412;61204;2;74;26;42,48088;0;0;0;45
09.07.2020 00:00:00;Rohrbach;413;56524;2;157;3;5,30748;0;0;0;154
09.07.2020 00:00:00;Schärding;414;57307;1;64;2;3,489975;0;1;0;57
09.07.2020 00:00:00;Steyr-Land;415;60427;1;187;4;6,619557;0;7;0;176
09.07.2020 00:00:00;Urfahr-Umgebung;416;85505;1;309;10;11,69522;0;5;0;279
09.07.2020 00:00:00;Vöcklabruck;417;136253;2;115;4;2,935715;0;4;0;104
09.07.2020 00:00:00;Wels-Land;418;73094;5;115;16;21,88962;0;0;0;80
09.07.2020 00:00:00;Salzburg(Stadt);501;154211;0;163;17;11,02386;0;1;1;140
09.07.2020 00:00:00;Hallein;502;60374;0;75;0;0;0;1;0;73
09.07.2020 00:00:00;Salzburg-Umgebung;503;152281;0;216;3;1,970042;0;10;2;201
09.07.2020 00:00:00;Sankt Johann im Pongau;504;80573;1;440;4;4,964442;0;16;0;417
09.07.2020 00:00:00;Tamsweg;505;20320;0;22;0;0;0;0;0;22
09.07.2020 00:00:00;Zell am See;506;87462;0;366;3;3,430061;0;9;0;353
09.07.2020 00:00:00;Graz(Stadt);601;288806;0;526;28;9,695089;0;42;2;441
09.07.2020 00:00:00;Deutschlandsberg;603;60821;0;49;0;0;0;2;0;47
09.07.2020 00:00:00;Graz-Umgebung;606;154260;0;250;1;0,6482562;0;34;0;215
09.07.2020 00:00:00;Leibnitz;610;82484;0;188;5;6,061782;0;4;0;179
09.07.2020 00:00:00;Leoben;611;60060;0;26;2;3,330003;0;3;0;21
09.07.2020 00:00:00;Liezen;612;79901;0;90;2;2,503098;0;1;0;87
09.07.2020 00:00:00;Murau;614;27659;0;7;0;0;0;0;0;7
09.07.2020 00:00:00;Voitsberg;616;51161;0;106;0;0;0;5;0;101
09.07.2020 00:00:00;Weiz;617;90343;0;202;0;0;0;18;0;183
09.07.2020 00:00:00;Murtal;620;72004;0;32;0;0;0;1;0;31
09.07.2020 00:00:00;Bruck-Mürzzuschlag;621;98984;1;63;6;6,061586;0;3;0;49
09.07.2020 00:00:00;Hartberg-Fürstenfeld;622;90622;0;319;1;1,103485;0;39;0;280
09.07.2020 00:00:00;Südoststeiermark;623;85947;0;67;4;4,654031;0;2;0;61
09.07.2020 00:00:00;Innsbruck-Stadt;701;132110;1;424;7;5,298615;0;6;1;404
09.07.2020 00:00:00;Imst;702;60056;0;296;1;1,665113;0;6;0;288
09.07.2020 00:00:00;Innsbruck-Land;703;179318;1;394;1;0,5576685;0;13;0;380
09.07.2020 00:00:00;Kitzbühel;704;63881;0;372;3;4,696232;0;11;0;358
09.07.2020 00:00:00;Kufstein;705;109682;1;528;1;0,9117267;0;35;0;489
09.07.2020 00:00:00;Landeck;706;44362;0;998;5;11,27091;0;16;0;975
09.07.2020 00:00:00;Lienz;707;48753;0;154;0;0;0;6;0;148
09.07.2020 00:00:00;Reutte;708;32670;0;57;0;0;0;1;0;56
09.07.2020 00:00:00;Schwaz;709;83873;1;357;3;3,576836;0;14;0;337
09.07.2020 00:00:00;Bludenz;801;63714;0;258;1;1,569514;0;4;0;253
09.07.2020 00:00:00;Bregenz;802;134383;0;280;2;1,488284;0;10;0;268
09.07.2020 00:00:00;Dornbirn;803;89041;0;158;0;0;0;4;0;154
09.07.2020 00:00:00;Feldkirch;804;107159;0;216;0;0;0;1;2;215
09.07.2020 00:00:00;Wien;900;1897491;6;4167;239;12,59558;0;214;21;3593
10.07.2020 00:00:00;Eisenstadt(Stadt);101;14637;0;19;0;0;0;0;0;19
10.07.2020 00:00:00;Rust(Stadt);102;1940;0;0;0;0;0;0;0;0
10.07.2020 00:00:00;Eisenstadt-Umgebung;103;42927;0;27;3;6,988608;0;1;0;22
10.07.2020 00:00:00;Güssing;104;25797;0;26;1;3,87642;0;0;0;24
10.07.2020 00:00:00;Jennersdorf;105;17066;0;10;0;0;0;0;0;10
10.07.2020 00:00:00;Mattersburg;106;39925;0;57;1;2,504696;0;1;0;54
10.07.2020 00:00:00;Neusiedl am See;107;59552;0;58;0;0;0;4;0;53
10.07.2020 00:00:00;Oberpullendorf;108;37513;0;26;0;0;0;1;0;24
10.07.2020 00:00:00;Oberwart;109;54076;0;144;6;11,0955;0;4;0;130
10.07.2020 00:00:00;Klagenfurt Stadt;201;100817;3;99;6;5,951377;0;3;0;89
10.07.2020 00:00:00;Villach Stadt;202;62243;0;23;0;0;0;0;0;23
10.07.2020 00:00:00;Hermagor;203;18224;0;5;0;0;0;0;0;5
10.07.2020 00:00:00;Klagenfurt Land;204;59800;1;50;4;6,688963;0;2;0;43
10.07.2020 00:00:00;Sankt Veit an der Glan;205;54555;0;53;1;1,833013;0;0;0;52
10.07.2020 00:00:00;Spittal an der Drau;206;76091;0;45;1;1,314216;0;1;1;44
10.07.2020 00:00:00;Villach Land;207;64668;1;50;1;1,54636;0;2;0;46
10.07.2020 00:00:00;Völkermarkt;208;41878;0;55;0;0;0;4;0;50
10.07.2020 00:00:00;Wolfsberg;209;52726;0;48;0;0;0;1;0;47
10.07.2020 00:00:00;Feldkirchen;210;29937;0;15;0;0;0;0;0;15
10.07.2020 00:00:00;Krems an der Donau(Stadt);301;24876;0;41;0;0;0;3;0;38
10.07.2020 00:00:00;Sankt Pölten(Stadt);302;55044;0;100;1;1,816728;0;4;1;92
10.07.2020 00:00:00;Waidhofen an der Ybbs(Stadt);303;11261;0;25;0;0;0;3;0;22
10.07.2020 00:00:00;Wiener Neustadt(Stadt);304;45277;1;62;2;4,417254;0;0;1;57
10.07.2020 00:00:00;Amstetten;305;116114;0;306;6;5,167336;0;16;0;284
10.07.2020 00:00:00;Baden;306;146203;0;199;2;1,367961;0;4;0;188
10.07.2020 00:00:00;Bruck an der Leitha;307;102010;0;123;2;1,960592;0;5;4;114
10.07.2020 00:00:00;Gänserndorf;308;103686;0;106;2;1,928901;0;3;0;101
10.07.2020 00:00:00;Gmünd;309;36773;0;15;0;0;0;0;0;15
10.07.2020 00:00:00;Hollabrunn;310;50858;0;42;0;0;0;0;0;42
10.07.2020 00:00:00;Horn;311;31090;0;65;0;0;0;5;0;60
10.07.2020 00:00:00;Korneuburg;312;90889;0;186;3;3,30073;0;5;1;178
10.07.2020 00:00:00;Krems(Land);313;56596;0;162;1;1,766909;0;8;0;152
10.07.2020 00:00:00;Lilienfeld;314;25812;0;53;0;0;0;5;0;47
10.07.2020 00:00:00;Melk;315;77962;0;176;1;1,282676;0;4;0;170
10.07.2020 00:00:00;Mistelbach;316;75483;0;146;0;0;0;7;0;139
10.07.2020 00:00:00;Mödling;317;118998;2;210;7;5,882452;0;7;1;194
10.07.2020 00:00:00;Neunkirchen;318;86291;1;225;3;3,476608;0;6;4;207
10.07.2020 00:00:00;Sankt Pölten(Land);319;131044;0;277;1;0,7631025;0;11;0;265
10.07.2020 00:00:00;Scheibbs;320;41403;0;104;0;0;0;1;0;102
10.07.2020 00:00:00;Tulln;321;103771;0;186;3;2,890981;0;6;0;172
10.07.2020 00:00:00;Waidhofen an der Thaya;322;25888;0;73;0;0;0;2;0;71
10.07.2020 00:00:00;Wiener Neustadt(Land);323;77991;2;95;6;7,693195;0;6;0;83
10.07.2020 00:00:00;Zwettl;325;42222;0;73;0;0;0;2;0;71
10.07.2020 00:00:00;Linz(Stadt);401;205726;15;494;93;45,20576;0;13;7;343
10.07.2020 00:00:00;Steyr(Stadt);402;38193;0;67;3;7,854843;0;2;0;62
10.07.2020 00:00:00;Wels(Stadt);403;61727;4;100;26;42,12095;0;0;3;66
10.07.2020 00:00:00;Braunau am Inn;404;104408;0;144;3;2,873343;0;3;0;130
10.07.2020 00:00:00;Eferding;405;33156;0;67;8;24,12836;0;6;2;52
10.07.2020 00:00:00;Freistadt;406;66621;0;130;4;6,004113;0;6;0;116
10.07.2020 00:00:00;Gmunden;407;101631;3;81;4;3,935807;0;2;0;73
10.07.2020 00:00:00;Grieskirchen;408;64721;1;87;3;4,635281;0;1;0;73
10.07.2020 00:00:00;Kirchdorf an der Krems;409;56866;0;56;8;14,06816;0;1;0;43
10.07.2020 00:00:00;Linz-Land;410;150273;11;385;90;59,891;0;9;9;225
10.07.2020 00:00:00;Perg;411;68459;2;306;29;42,36112;0;2;0;259
10.07.2020 00:00:00;Ried im Innkreis;412;61204;0;74;23;37,57924;0;0;0;45
10.07.2020 00:00:00;Rohrbach;413;56524;1;158;3;5,30748;0;0;0;154
10.07.2020 00:00:00;Schärding;414;57307;1;65;3;5,234962;0;1;0;57
10.07.2020 00:00:00;Steyr-Land;415;60427;3;190;7;11,58423;0;7;0;176
10.07.2020 00:00:00;Urfahr-Umgebung;416;85505;1;310;10;11,69522;0;5;0;279
10.07.2020 00:00:00;Vöcklabruck;417;136253;0;115;4;2,935715;0;4;0;104
10.07.2020 00:00:00;Wels-Land;418;73094;1;116;15;20,52152;0;0;1;81
10.07.2020 00:00:00;Salzburg(Stadt);501;154211;1;164;17;11,02386;0;1;1;141
10.07.2020 00:00:00;Hallein;502;60374;0;75;0;0;0;1;0;73
10.07.2020 00:00:00;Salzburg-Umgebung;503;152281;1;217;4;2,626723;0;10;0;201
10.07.2020 00:00:00;Sankt Johann im Pongau;504;80573;1;441;5;6,205553;0;16;0;417
10.07.2020 00:00:00;Tamsweg;505;20320;0;22;0;0;0;0;0;22
10.07.2020 00:00:00;Zell am See;506;87462;1;367;4;4,573415;0;9;0;353
10.07.2020 00:00:00;Graz(Stadt);601;288806;5;531;24;8,310077;0;42;0;441
10.07.2020 00:00:00;Deutschlandsberg;603;60821;0;49;0;0;0;2;0;47
10.07.2020 00:00:00;Graz-Umgebung;606;154260;1;251;2;1,296512;0;34;0;215
10.07.2020 00:00:00;Leibnitz;610;82484;0;188;5;6,061782;0;4;0;179
10.07.2020 00:00:00;Leoben;611;60060;0;26;2;3,330003;0;3;0;21
10.07.2020 00:00:00;Liezen;612;79901;0;90;2;2,503098;0;1;0;87
10.07.2020 00:00:00;Murau;614;27659;0;7;0;0;0;0;0;7
10.07.2020 00:00:00;Voitsberg;616;51161;0;106;0;0;0;5;0;101
10.07.2020 00:00:00;Weiz;617;90343;0;202;0;0;0;18;0;183
10.07.2020 00:00:00;Murtal;620;72004;0;32;0;0;0;1;0;31
10.07.2020 00:00:00;Bruck-Mürzzuschlag;621;98984;0;63;4;4,041057;0;3;0;49
10.07.2020 00:00:00;Hartberg-Fürstenfeld;622;90622;1;320;2;2,206969;0;39;0;280
10.07.2020 00:00:00;Südoststeiermark;623;85947;0;67;4;4,654031;0;2;0;61
10.07.2020 00:00:00;Innsbruck-Stadt;701;132110;1;425;7;5,298615;0;6;1;405
10.07.2020 00:00:00;Imst;702;60056;0;296;0;0;0;6;0;288
10.07.2020 00:00:00;Innsbruck-Land;703;179318;2;396;3;1,673005;0;13;0;380
10.07.2020 00:00:00;Kitzbühel;704;63881;0;372;3;4,696232;0;11;0;358
10.07.2020 00:00:00;Kufstein;705;109682;0;528;1;0,9117267;0;35;1;490
10.07.2020 00:00:00;Landeck;706;44362;0;998;5;11,27091;0;16;0;975
10.07.2020 00:00:00;Lienz;707;48753;0;154;0;0;0;6;0;148
10.07.2020 00:00:00;Reutte;708;32670;0;57;0;0;0;1;0;56
10.07.2020 00:00:00;Schwaz;709;83873;0;357;3;3,576836;0;14;0;337
10.07.2020 00:00:00;Bludenz;801;63714;0;258;1;1,569514;0;4;0;253
10.07.2020 00:00:00;Bregenz;802;134383;0;280;2;1,488284;0;10;0;268
10.07.2020 00:00:00;Dornbirn;803;89041;0;158;0;0;0;4;0;154
10.07.2020 00:00:00;Feldkirch;804;107159;0;216;0;0;0;1;0;215
10.07.2020 00:00:00;Wien;900;1897491;36;4203;266;14,01851;0;214;23;3616
11.07.2020 00:00:00;Eisenstadt(Stadt);101;14637;0;19;0;0;0;0;0;19
11.07.2020 00:00:00;Rust(Stadt);102;1940;0;0;0;0;0;0;0;0
11.07.2020 00:00:00;Eisenstadt-Umgebung;103;42927;0;27;2;4,659072;0;1;0;22
11.07.2020 00:00:00;Güssing;104;25797;0;26;1;3,87642;0;0;0;24
11.07.2020 00:00:00;Jennersdorf;105;17066;0;10;0;0;0;0;0;10
11.07.2020 00:00:00;Mattersburg;106;39925;0;57;0;0;0;1;0;54
11.07.2020 00:00:00;Neusiedl am See;107;59552;1;59;1;1,679205;0;4;1;54
11.07.2020 00:00:00;Oberpullendorf;108;37513;0;26;0;0;0;1;0;24
11.07.2020 00:00:00;Oberwart;109;54076;0;144;4;7,396997;0;4;1;131
11.07.2020 00:00:00;Klagenfurt Stadt;201;100817;1;100;7;6,943274;0;3;1;90
11.07.2020 00:00:00;Villach Stadt;202;62243;0;23;0;0;0;0;0;23
11.07.2020 00:00:00;Hermagor;203;18224;0;5;0;0;0;0;0;5
11.07.2020 00:00:00;Klagenfurt Land;204;59800;0;50;3;5,016722;0;2;0;43
11.07.2020 00:00:00;Sankt Veit an der Glan;205;54555;0;53;1;1,833013;0;0;0;52
11.07.2020 00:00:00;Spittal an der Drau;206;76091;0;45;0;0;0;1;0;44
11.07.2020 00:00:00;Villach Land;207;64668;0;50;1;1,54636;0;2;0;46
11.07.2020 00:00:00;Völkermarkt;208;41878;0;55;0;0;0;4;0;50
11.07.2020 00:00:00;Wolfsberg;209;52726;0;48;0;0;0;1;0;47
11.07.2020 00:00:00;Feldkirchen;210;29937;0;15;0;0;0;0;0;15
11.07.2020 00:00:00;Krems an der Donau(Stadt);301;24876;0;41;0;0;0;3;0;38
11.07.2020 00:00:00;Sankt Pölten(Stadt);302;55044;0;100;1;1,816728;0;4;1;93
11.07.2020 00:00:00;Waidhofen an der Ybbs(Stadt);303;11261;0;25;0;0;0;3;0;22
11.07.2020 00:00:00;Wiener Neustadt(Stadt);304;45277;1;63;2;4,417254;0;0;0;57
11.07.2020 00:00:00;Amstetten;305;116114;1;307;6;5,167336;0;16;0;284
11.07.2020 00:00:00;Baden;306;146203;0;199;2;1,367961;0;4;0;188
11.07.2020 00:00:00;Bruck an der Leitha;307;102010;0;123;2;1,960592;0;5;0;114
11.07.2020 00:00:00;Gänserndorf;308;103686;0;106;2;1,928901;0;3;0;101
11.07.2020 00:00:00;Gmünd;309;36773;0;15;0;0;0;0;0;15
11.07.2020 00:00:00;Hollabrunn;310;50858;0;42;0;0;0;0;0;42
11.07.2020 00:00:00;Horn;311;31090;0;65;0;0;0;5;0;60
11.07.2020 00:00:00;Korneuburg;312;90889;1;187;4;4,400973;0;5;0;178
11.07.2020 00:00:00;Krems(Land);313;56596;0;162;1;1,766909;0;8;1;153
11.07.2020 00:00:00;Lilienfeld;314;25812;0;53;0;0;0;5;0;47
11.07.2020 00:00:00;Melk;315;77962;0;176;1;1,282676;0;4;0;170
11.07.2020 00:00:00;Mistelbach;316;75483;0;146;0;0;0;7;0;139
11.07.2020 00:00:00;Mödling;317;118998;0;210;7;5,882452;0;7;1;195
11.07.2020 00:00:00;Neunkirchen;318;86291;0;225;3;3,476608;0;6;1;208
11.07.2020 00:00:00;Sankt Pölten(Land);319;131044;0;277;1;0,7631025;0;11;0;265
11.07.2020 00:00:00;Scheibbs;320;41403;0;104;0;0;0;1;0;102
11.07.2020 00:00:00;Tulln;321;103771;0;186;2;1,927321;0;6;2;174
11.07.2020 00:00:00;Waidhofen an der Thaya;322;25888;0;73;0;0;0;2;0;71
11.07.2020 00:00:00;Wiener Neustadt(Land);323;77991;0;95;5;6,410996;0;6;0;83
11.07.2020 00:00:00;Zwettl;325;42222;0;73;0;0;0;2;0;71
11.07.2020 00:00:00;Linz(Stadt);401;205726;12;506;93;45,20576;0;13;12;355
11.07.2020 00:00:00;Steyr(Stadt);402;38193;7;74;10;26,18281;0;2;0;62
11.07.2020 00:00:00;Wels(Stadt);403;61727;6;106;26;42,12095;0;0;0;66
11.07.2020 00:00:00;Braunau am Inn;404;104408;4;148;5;4,788905;0;3;0;130
11.07.2020 00:00:00;Eferding;405;33156;1;68;8;24,12836;0;6;0;52
11.07.2020 00:00:00;Freistadt;406;66621;1;131;4;6,004113;0;6;1;117
11.07.2020 00:00:00;Gmunden;407;101631;0;81;4;3,935807;0;2;0;73
11.07.2020 00:00:00;Grieskirchen;408;64721;0;87;2;3,090187;0;1;1;74
11.07.2020 00:00:00;Kirchdorf an der Krems;409;56866;0;56;6;10,55112;0;1;0;43
11.07.2020 00:00:00;Linz-Land;410;150273;11;396;98;65,21465;0;9;6;231
11.07.2020 00:00:00;Perg;411;68459;2;308;30;43,82185;1;3;1;260
11.07.2020 00:00:00;Ried im Innkreis;412;61204;0;74;14;22,87432;0;0;0;45
11.07.2020 00:00:00;Rohrbach;413;56524;1;159;4;7,07664;0;0;0;154
11.07.2020 00:00:00;Schärding;414;57307;0;65;3;5,234962;0;1;0;57
11.07.2020 00:00:00;Steyr-Land;415;60427;1;191;8;13,23911;0;7;0;176
11.07.2020 00:00:00;Urfahr-Umgebung;416;85505;2;312;10;11,69522;0;5;1;280
11.07.2020 00:00:00;Vöcklabruck;417;136253;1;116;5;3,669644;0;4;0;104
11.07.2020 00:00:00;Wels-Land;418;73094;3;119;18;24,62582;0;0;1;82
11.07.2020 00:00:00;Salzburg(Stadt);501;154211;0;164;16;10,37539;0;1;0;141
11.07.2020 00:00:00;Hallein;502;60374;0;75;0;0;0;1;0;73
11.07.2020 00:00:00;Salzburg-Umgebung;503;152281;0;217;2;1,313362;0;10;0;201
11.07.2020 00:00:00;Sankt Johann im Pongau;504;80573;3;444;8;9,928885;0;16;0;417
11.07.2020 00:00:00;Tamsweg;505;20320;0;22;0;0;0;0;0;22
11.07.2020 00:00:00;Zell am See;506;87462;0;367;4;4,573415;0;9;1;354
11.07.2020 00:00:00;Graz(Stadt);601;288806;1;532;22;7,61757;0;42;1;442
11.07.2020 00:00:00;Deutschlandsberg;603;60821;0;49;0;0;0;2;0;47
11.07.2020 00:00:00;Graz-Umgebung;606;154260;0;251;2;1,296512;0;34;0;215
11.07.2020 00:00:00;Leibnitz;610;82484;0;188;2;2,424713;0;4;0;179
11.07.2020 00:00:00;Leoben;611;60060;0;26;1;1,665002;0;3;0;21
11.07.2020 00:00:00;Liezen;612;79901;0;90;2;2,503098;0;1;0;87
11.07.2020 00:00:00;Murau;614;27659;0;7;0;0;0;0;0;7
11.07.2020 00:00:00;Voitsberg;616;51161;0;106;0;0;0;5;0;101
11.07.2020 00:00:00;Weiz;617;90343;0;202;0;0;0;18;0;183
11.07.2020 00:00:00;Murtal;620;72004;0;32;0;0;0;1;0;31
11.07.2020 00:00:00;Bruck-Mürzzuschlag;621;98984;0;63;4;4,041057;0;3;3;52
11.07.2020 00:00:00;Hartberg-Fürstenfeld;622;90622;0;320;1;1,103485;0;39;0;280
11.07.2020 00:00:00;Südoststeiermark;623;85947;0;67;2;2,327015;0;2;0;61
11.07.2020 00:00:00;Innsbruck-Stadt;701;132110;4;429;11;8,326395;0;6;0;405
11.07.2020 00:00:00;Imst;702;60056;0;296;0;0;0;6;0;288
11.07.2020 00:00:00;Innsbruck-Land;703;179318;2;398;5;2,788342;0;13;0;380
11.07.2020 00:00:00;Kitzbühel;704;63881;0;372;3;4,696232;0;11;0;358
11.07.2020 00:00:00;Kufstein;705;109682;1;529;2;1,823453;0;35;0;490
11.07.2020 00:00:00;Landeck;706;44362;0;998;1;2,254182;0;16;0;975
11.07.2020 00:00:00;Lienz;707;48753;1;155;1;2,051156;0;6;0;148
11.07.2020 00:00:00;Reutte;708;32670;0;57;0;0;0;1;0;56
11.07.2020 00:00:00;Schwaz;709;83873;0;357;3;3,576836;0;14;0;337
11.07.2020 00:00:00;Bludenz;801;63714;0;258;0;0;0;4;0;253
11.07.2020 00:00:00;Bregenz;802;134383;0;280;2;1,488284;0;10;0;268
11.07.2020 00:00:00;Dornbirn;803;89041;0;158;0;0;0;4;0;154
11.07.2020 00:00:00;Feldkirch;804;107159;0;216;0;0;0;1;0;215
11.07.2020 00:00:00;Wien;900;1897491;22;4225;222;11,69966;1;215;18;3634
12.07.2020 00:00:00;Eisenstadt(Stadt);101;14637;0;19;0;0;0;0;0;19
12.07.2020 00:00:00;Rust(Stadt);102;1940;0;0;0;0;0;0;0;0
12.07.2020 00:00:00;Eisenstadt-Umgebung;103;42927;0;27;2;4,659072;0;1;0;22
12.07.2020 00:00:00;Güssing;104;25797;0;26;1;3,87642;0;0;0;24
12.07.2020 00:00:00;Jennersdorf;105;17066;0;10;0;0;0;0;0;10
12.07.2020 00:00:00;Mattersburg;106;39925;0;57;0;0;0;1;0;54
12.07.2020 00:00:00;Neusiedl am See;107;59552;0;59;1;1,679205;0;4;0;54
12.07.2020 00:00:00;Oberpullendorf;108;37513;0;26;0;0;0;1;0;24
12.07.2020 00:00:00;Oberwart;109;54076;0;144;4;7,396997;0;4;0;131
12.07.2020 00:00:00;Klagenfurt Stadt;201;100817;0;100;7;6,943274;0;3;0;90
12.07.2020 00:00:00;Villach Stadt;202;62243;0;23;0;0;0;0;0;23
12.07.2020 00:00:00;Hermagor;203;18224;0;5;0;0;0;0;0;5
12.07.2020 00:00:00;Klagenfurt Land;204;59800;0;50;2;3,344482;0;2;0;43
12.07.2020 00:00:00;Sankt Veit an der Glan;205;54555;0;53;1;1,833013;0;0;0;52
12.07.2020 00:00:00;Spittal an der Drau;206;76091;0;45;0;0;0;1;0;44
12.07.2020 00:00:00;Villach Land;207;64668;0;50;1;1,54636;0;2;0;46
12.07.2020 00:00:00;Völkermarkt;208;41878;0;55;0;0;0;4;0;50
12.07.2020 00:00:00;Wolfsberg;209;52726;0;48;0;0;0;1;0;47
12.07.2020 00:00:00;Feldkirchen;210;29937;0;15;0;0;0;0;0;15
12.07.2020 00:00:00;Krems an der Donau(Stadt);301;24876;0;41;0;0;0;3;0;38
12.07.2020 00:00:00;Sankt Pölten(Stadt);302;55044;0;100;1;1,816728;0;4;0;93
12.07.2020 00:00:00;Waidhofen an der Ybbs(Stadt);303;11261;0;25;0;0;0;3;0;22
12.07.2020 00:00:00;Wiener Neustadt(Stadt);304;45277;0;63;2;4,417254;0;0;1;58
12.07.2020 00:00:00;Amstetten;305;116114;0;307;6;5,167336;0;16;0;284
12.07.2020 00:00:00;Baden;306;146203;0;199;2;1,367961;0;4;3;191
12.07.2020 00:00:00;Bruck an der Leitha;307;102010;0;123;1;0,9802961;0;5;0;114
12.07.2020 00:00:00;Gänserndorf;308;103686;0;106;2;1,928901;0;3;0;101
12.07.2020 00:00:00;Gmünd;309;36773;0;15;0;0;0;0;0;15
12.07.2020 00:00:00;Hollabrunn;310;50858;0;42;0;0;0;0;0;42
12.07.2020 00:00:00;Horn;311;31090;0;65;0;0;0;5;0;60
12.07.2020 00:00:00;Korneuburg;312;90889;0;187;4;4,400973;0;5;1;179
12.07.2020 00:00:00;Krems(Land);313;56596;0;162;1;1,766909;0;8;0;153
12.07.2020 00:00:00;Lilienfeld;314;25812;0;53;0;0;0;5;0;47
12.07.2020 00:00:00;Melk;315;77962;0;176;1;1,282676;0;4;0;170
12.07.2020 00:00:00;Mistelbach;316;75483;0;146;0;0;0;7;0;139
12.07.2020 00:00:00;Mödling;317;118998;1;211;8;6,722802;0;7;0;195
12.07.2020 00:00:00;Neunkirchen;318;86291;0;225;3;3,476608;1;7;0;208
12.07.2020 00:00:00;Sankt Pölten(Land);319;131044;1;278;2;1,526205;0;11;0;265
12.07.2020 00:00:00;Scheibbs;320;41403;0;104;0;0;0;1;0;102
12.07.2020 00:00:00;Tulln;321;103771;0;186;2;1,927321;0;6;0;174
12.07.2020 00:00:00;Waidhofen an der Thaya;322;25888;0;73;0;0;0;2;0;71
12.07.2020 00:00:00;Wiener Neustadt(Land);323;77991;1;96;6;7,693195;0;6;0;83
12.07.2020 00:00:00;Zwettl;325;42222;0;73;0;0;0;2;0;71
12.07.2020 00:00:00;Linz(Stadt);401;205726;11;517;85;41,31709;0;13;4;359
12.07.2020 00:00:00;Steyr(Stadt);402;38193;0;74;10;26,18281;0;2;0;62
12.07.2020 00:00:00;Wels(Stadt);403;61727;1;107;23;37,26084;0;0;0;66
12.07.2020 00:00:00;Braunau am Inn;404;104408;0;148;5;4,788905;0;3;0;130
12.07.2020 00:00:00;Eferding;405;33156;0;68;6;18,09627;0;6;0;52
12.07.2020 00:00:00;Freistadt;406;66621;0;131;4;6,004113;0;6;0;117
12.07.2020 00:00:00;Gmunden;407;101631;1;82;5;4,919759;0;2;0;73
12.07.2020 00:00:00;Grieskirchen;408;64721;0;87;2;3,090187;0;1;0;74
12.07.2020 00:00:00;Kirchdorf an der Krems;409;56866;0;56;5;8,7926;0;1;0;43
12.07.2020 00:00:00;Linz-Land;410;150273;9;405;86;57,22918;0;9;1;232
12.07.2020 00:00:00;Perg;411;68459;1;309;25;36,51821;0;3;0;260
12.07.2020 00:00:00;Ried im Innkreis;412;61204;0;74;14;22,87432;0;0;0;45
12.07.2020 00:00:00;Rohrbach;413;56524;0;159;4;7,07664;0;0;0;154
12.07.2020 00:00:00;Schärding;414;57307;0;65;3;5,234962;0;1;0;57
12.07.2020 00:00:00;Steyr-Land;415;60427;0;191;8;13,23911;0;7;0;176
12.07.2020 00:00:00;Urfahr-Umgebung;416;85505;1;313;11;12,86475;0;5;2;282
12.07.2020 00:00:00;Vöcklabruck;417;136253;1;117;6;4,403573;0;4;0;104
12.07.2020 00:00:00;Wels-Land;418;73094;0;119;15;20,52152;0;0;0;82
12.07.2020 00:00:00;Salzburg(Stadt);501;154211;0;164;13;8,430008;0;1;0;141
12.07.2020 00:00:00;Hallein;502;60374;0;75;0;0;0;1;0;73
12.07.2020 00:00:00;Salzburg-Umgebung;503;152281;0;217;2;1,313362;0;10;0;201
12.07.2020 00:00:00;Sankt Johann im Pongau;504;80573;0;444;8;9,928885;0;16;1;418
12.07.2020 00:00:00;Tamsweg;505;20320;0;22;0;0;0;0;0;22
12.07.2020 00:00:00;Zell am See;506;87462;0;367;4;4,573415;0;9;0;354
12.07.2020 00:00:00;Graz(Stadt);601;288806;1;533;17;5,886304;0;42;0;442
12.07.2020 00:00:00;Deutschlandsberg;603;60821;0;49;0;0;0;2;0;47
12.07.2020 00:00:00;Graz-Umgebung;606;154260;0;251;2;1,296512;0;34;0;215
12.07.2020 00:00:00;Leibnitz;610;82484;0;188;2;2,424713;0;4;0;179
12.07.2020 00:00:00;Leoben;611;60060;0;26;1;1,665002;0;3;0;21
12.07.2020 00:00:00;Liezen;612;79901;0;90;2;2,503098;0;1;0;87
12.07.2020 00:00:00;Murau;614;27659;0;7;0;0;0;0;0;7
12.07.2020 00:00:00;Voitsberg;616;51161;0;106;0;0;0;5;0;101
12.07.2020 00:00:00;Weiz;617;90343;0;202;0;0;0;18;0;183
12.07.2020 00:00:00;Murtal;620;72004;0;32;0;0;0;1;0;31
12.07.2020 00:00:00;Bruck-Mürzzuschlag;621;98984;1;64;5;5,051322;0;3;0;52
12.07.2020 00:00:00;Hartberg-Fürstenfeld;622;90622;0;320;1;1,103485;0;39;0;280
12.07.2020 00:00:00;Südoststeiermark;623;85947;0;67;2;2,327015;0;2;0;61
12.07.2020 00:00:00;Innsbruck-Stadt;701;132110;0;429;8;6,05556;0;6;1;406
12.07.2020 00:00:00;Imst;702;60056;0;296;0;0;0;6;0;288
12.07.2020 00:00:00;Innsbruck-Land;703;179318;1;399;6;3,346011;0;13;0;380
12.07.2020 00:00:00;Kitzbühel;704;63881;0;372;3;4,696232;0;11;0;358
12.07.2020 00:00:00;Kufstein;705;109682;0;529;2;1,823453;0;35;0;490
12.07.2020 00:00:00;Landeck;706;44362;0;998;1;2,254182;0;16;1;976
12.07.2020 00:00:00;Lienz;707;48753;0;155;1;2,051156;0;6;0;148
12.07.2020 00:00:00;Reutte;708;32670;0;57;0;0;0;1;0;56
12.07.2020 00:00:00;Schwaz;709;83873;0;357;2;2,384558;0;14;0;337
12.07.2020 00:00:00;Bludenz;801;63714;0;258;0;0;0;4;0;253
12.07.2020 00:00:00;Bregenz;802;134383;1;281;3;2,232425;0;10;0;268
12.07.2020 00:00:00;Dornbirn;803;89041;1;159;1;1,123078;0;4;0;154
12.07.2020 00:00:00;Feldkirch;804;107159;0;216;0;0;0;1;0;215
12.07.2020 00:00:00;Wien;900;1897491;19;4244;207;10,90914;0;215;31;3665
13.07.2020 00:00:00;Eisenstadt(Stadt);101;14637;0;19;0;0;0;0;0;19
13.07.2020 00:00:00;Rust(Stadt);102;1940;0;0;0;0;0;0;0;0
13.07.2020 00:00:00;Eisenstadt-Umgebung;103;42927;0;27;2;4,659072;0;1;0;22
13.07.2020 00:00:00;Güssing;104;25797;0;26;1;3,87642;0;0;1;25
13.07.2020 00:00:00;Jennersdorf;105;17066;0;10;0;0;0;0;0;10
13.07.2020 00:00:00;Mattersburg;106;39925;0;57;0;0;0;1;0;54
13.07.2020 00:00:00;Neusiedl am See;107;59552;2;61;3;5,037614;0;4;0;54
13.07.2020 00:00:00;Oberpullendorf;108;37513;0;26;0;0;0;1;1;25
13.07.2020 00:00:00;Oberwart;109;54076;0;144;4;7,396997;0;4;2;133
13.07.2020 00:00:00;Klagenfurt Stadt;201;100817;0;100;7;6,943274;0;3;0;90
13.07.2020 00:00:00;Villach Stadt;202;62243;0;23;0;0;0;0;0;23
13.07.2020 00:00:00;Hermagor;203;18224;0;5;0;0;0;0;0;5
13.07.2020 00:00:00;Klagenfurt Land;204;59800;0;50;2;3,344482;0;2;1;44
13.07.2020 00:00:00;Sankt Veit an der Glan;205;54555;0;53;1;1,833013;0;0;0;52
13.07.2020 00:00:00;Spittal an der Drau;206;76091;0;45;0;0;0;1;0;44
13.07.2020 00:00:00;Villach Land;207;64668;0;50;1;1,54636;0;2;0;46
13.07.2020 00:00:00;Völkermarkt;208;41878;0;55;0;0;0;4;1;51
13.07.2020 00:00:00;Wolfsberg;209;52726;0;48;0;0;0;1;0;47
13.07.2020 00:00:00;Feldkirchen;210;29937;0;15;0;0;0;0;0;15
13.07.2020 00:00:00;Krems an der Donau(Stadt);301;24876;0;41;0;0;0;3;0;38
13.07.2020 00:00:00;Sankt Pölten(Stadt);302;55044;0;100;0;0;0;4;0;93
13.07.2020 00:00:00;Waidhofen an der Ybbs(Stadt);303;11261;0;25;0;0;0;3;0;22
13.07.2020 00:00:00;Wiener Neustadt(Stadt);304;45277;2;65;4;8,834508;0;0;0;58
13.07.2020 00:00:00;Amstetten;305;116114;0;307;6;5,167336;0;16;0;284
13.07.2020 00:00:00;Baden;306;146203;0;199;2;1,367961;0;4;0;191
13.07.2020 00:00:00;Bruck an der Leitha;307;102010;0;123;1;0,9802961;0;5;0;114
13.07.2020 00:00:00;Gänserndorf;308;103686;1;107;2;1,928901;0;3;0;101
13.07.2020 00:00:00;Gmünd;309;36773;0;15;0;0;0;0;0;15
13.07.2020 00:00:00;Hollabrunn;310;50858;0;42;0;0;0;0;0;42
13.07.2020 00:00:00;Horn;311;31090;0;65;0;0;0;5;0;60
13.07.2020 00:00:00;Korneuburg;312;90889;0;187;4;4,400973;0;5;0;179
13.07.2020 00:00:00;Krems(Land);313;56596;0;162;1;1,766909;0;8;0;153
13.07.2020 00:00:00;Lilienfeld;314;25812;0;53;0;0;0;5;1;48
13.07.2020 00:00:00;Melk;315;77962;0;176;1;1,282676;0;4;0;170
13.07.2020 00:00:00;Mistelbach;316;75483;0;146;0;0;0;7;0;139
13.07.2020 00:00:00;Mödling;317;118998;1;212;8;6,722802;0;7;1;196
13.07.2020 00:00:00;Neunkirchen;318;86291;1;226;3;3,476608;0;7;0;208
13.07.2020 00:00:00;Sankt Pölten(Land);319;131044;0;278;2;1,526205;0;11;0;265
13.07.2020 00:00:00;Scheibbs;320;41403;0;104;0;0;0;1;0;102
13.07.2020 00:00:00;Tulln;321;103771;0;186;2;1,927321;0;6;2;176
13.07.2020 00:00:00;Waidhofen an der Thaya;322;25888;0;73;0;0;0;2;0;71
13.07.2020 00:00:00;Wiener Neustadt(Land);323;77991;1;97;7;8,975394;0;6;0;83
13.07.2020 00:00:00;Zwettl;325;42222;0;73;0;0;0;2;0;71
13.07.2020 00:00:00;Linz(Stadt);401;205726;2;519;78;37,91451;0;13;6;365
13.07.2020 00:00:00;Steyr(Stadt);402;38193;0;74;10;26,18281;0;2;0;62
13.07.2020 00:00:00;Wels(Stadt);403;61727;5;112;28;45,36103;0;0;1;67
13.07.2020 00:00:00;Braunau am Inn;404;104408;0;148;5;4,788905;0;3;0;130
13.07.2020 00:00:00;Eferding;405;33156;0;68;5;15,08023;0;6;0;52
13.07.2020 00:00:00;Freistadt;406;66621;0;131;4;6,004113;0;6;2;119
13.07.2020 00:00:00;Gmunden;407;101631;0;82;5;4,919759;0;2;1;74
13.07.2020 00:00:00;Grieskirchen;408;64721;0;87;2;3,090187;0;1;4;78
13.07.2020 00:00:00;Kirchdorf an der Krems;409;56866;0;56;2;3,51704;0;1;0;43
13.07.2020 00:00:00;Linz-Land;410;150273;9;414;66;43,92007;0;9;18;250
13.07.2020 00:00:00;Perg;411;68459;1;310;24;35,05748;0;3;1;261
13.07.2020 00:00:00;Ried im Innkreis;412;61204;0;74;10;16,3388;0;0;0;45
13.07.2020 00:00:00;Rohrbach;413;56524;0;159;4;7,07664;0;0;0;154
13.07.2020 00:00:00;Schärding;414;57307;1;66;4;6,97995;0;1;0;57
13.07.2020 00:00:00;Steyr-Land;415;60427;1;192;9;14,894;0;7;0;176
13.07.2020 00:00:00;Urfahr-Umgebung;416;85505;1;314;10;11,69522;0;5;0;282
13.07.2020 00:00:00;Vöcklabruck;417;136253;0;117;6;4,403573;0;4;0;104
13.07.2020 00:00:00;Wels-Land;418;73094;0;119;15;20,52152;0;0;6;88
13.07.2020 00:00:00;Salzburg(Stadt);501;154211;1;165;14;9,07847;0;1;1;142
13.07.2020 00:00:00;Hallein;502;60374;0;75;0;0;0;1;0;73
13.07.2020 00:00:00;Salzburg-Umgebung;503;152281;4;221;6;3,940084;0;10;1;202
13.07.2020 00:00:00;Sankt Johann im Pongau;504;80573;1;445;9;11,17;0;16;2;420
13.07.2020 00:00:00;Tamsweg;505;20320;0;22;0;0;0;0;0;22
13.07.2020 00:00:00;Zell am See;506;87462;0;367;4;4,573415;0;9;0;354
13.07.2020 00:00:00;Graz(Stadt);601;288806;7;540;24;8,310077;0;42;1;443
13.07.2020 00:00:00;Deutschlandsberg;603;60821;1;50;1;1,644169;0;2;0;47
13.07.2020 00:00:00;Graz-Umgebung;606;154260;0;251;2;1,296512;0;34;0;215
13.07.2020 00:00:00;Leibnitz;610;82484;1;189;3;3,637069;0;4;0;179
13.07.2020 00:00:00;Leoben;611;60060;0;26;1;1,665002;0;3;0;21
13.07.2020 00:00:00;Liezen;612;79901;1;91;3;3,754646;0;1;0;87
13.07.2020 00:00:00;Murau;614;27659;0;7;0;0;0;0;0;7
13.07.2020 00:00:00;Voitsberg;616;51161;0;106;0;0;0;5;0;101
13.07.2020 00:00:00;Weiz;617;90343;0;202;0;0;0;18;0;183
13.07.2020 00:00:00;Murtal;620;72004;0;32;0;0;0;1;0;31
13.07.2020 00:00:00;Bruck-Mürzzuschlag;621;98984;0;64;5;5,051322;0;3;2;54
13.07.2020 00:00:00;Hartberg-Fürstenfeld;622;90622;0;320;1;1,103485;0;39;0;280
13.07.2020 00:00:00;Südoststeiermark;623;85947;0;67;2;2,327015;0;2;0;61
13.07.2020 00:00:00;Innsbruck-Stadt;701;132110;3;432;11;8,326395;0;6;3;409
13.07.2020 00:00:00;Imst;702;60056;0;296;0;0;0;6;0;288
13.07.2020 00:00:00;Innsbruck-Land;703;179318;0;399;6;3,346011;0;13;0;380
13.07.2020 00:00:00;Kitzbühel;704;63881;0;372;3;4,696232;0;11;0;358
13.07.2020 00:00:00;Kufstein;705;109682;0;529;2;1,823453;0;35;1;491
13.07.2020 00:00:00;Landeck;706;44362;0;998;1;2,254182;0;16;4;980
13.07.2020 00:00:00;Lienz;707;48753;1;156;2;4,102312;0;6;0;148
13.07.2020 00:00:00;Reutte;708;32670;0;57;0;0;0;1;0;56
13.07.2020 00:00:00;Schwaz;709;83873;0;357;2;2,384558;0;14;1;338
13.07.2020 00:00:00;Bludenz;801;63714;0;258;0;0;0;4;0;253
13.07.2020 00:00:00;Bregenz;802;134383;0;281;3;2,232425;0;10;0;268
13.07.2020 00:00:00;Dornbirn;803;89041;0;159;1;1,123078;0;4;0;154
13.07.2020 00:00:00;Feldkirch;804;107159;0;216;0;0;0;1;0;215
13.07.2020 00:00:00;Wien;900;1897491;50;4294;236;12,43748;1;216;19;3684
14.07.2020 00:00:00;Eisenstadt(Stadt);101;14637;0;19;0;0;0;0;0;19
14.07.2020 00:00:00;Rust(Stadt);102;1940;0;0;0;0;0;0;0;0
14.07.2020 00:00:00;Eisenstadt-Umgebung;103;42927;0;27;1;2,329536;0;1;0;22
14.07.2020 00:00:00;Güssing;104;25797;0;26;1;3,87642;0;0;1;26
14.07.2020 00:00:00;Jennersdorf;105;17066;0;10;0;0;0;0;0;10
14.07.2020 00:00:00;Mattersburg;106;39925;3;60;3;7,514089;0;1;2;56
14.07.2020 00:00:00;Neusiedl am See;107;59552;0;61;3;5,037614;0;4;0;54
14.07.2020 00:00:00;Oberpullendorf;108;37513;0;26;0;0;0;1;0;25
14.07.2020 00:00:00;Oberwart;109;54076;1;145;4;7,396997;0;4;0;133
14.07.2020 00:00:00;Klagenfurt Stadt;201;100817;0;100;5;4,959481;0;3;0;90
14.07.2020 00:00:00;Villach Stadt;202;62243;0;23;0;0;0;0;0;23
14.07.2020 00:00:00;Hermagor;203;18224;0;5;0;0;0;0;0;5
14.07.2020 00:00:00;Klagenfurt Land;204;59800;0;50;2;3,344482;0;2;0;44
14.07.2020 00:00:00;Sankt Veit an der Glan;205;54555;0;53;1;1,833013;0;0;0;52
14.07.2020 00:00:00;Spittal an der Drau;206;76091;0;45;0;0;0;1;0;44
14.07.2020 00:00:00;Villach Land;207;64668;0;50;1;1,54636;0;2;0;46
14.07.2020 00:00:00;Völkermarkt;208;41878;0;55;0;0;0;4;0;51
14.07.2020 00:00:00;Wolfsberg;209;52726;1;49;1;1,896598;0;1;0;47
14.07.2020 00:00:00;Feldkirchen;210;29937;0;15;0;0;0;0;0;15
14.07.2020 00:00:00;Krems an der Donau(Stadt);301;24876;0;41;0;0;0;3;0;38
14.07.2020 00:00:00;Sankt Pölten(Stadt);302;55044;0;100;0;0;0;4;1;94
14.07.2020 00:00:00;Waidhofen an der Ybbs(Stadt);303;11261;0;25;0;0;0;3;0;22
14.07.2020 00:00:00;Wiener Neustadt(Stadt);304;45277;3;68;7;15,46039;0;0;0;58
14.07.2020 00:00:00;Amstetten;305;116114;0;307;5;4,306113;0;16;0;284
14.07.2020 00:00:00;Baden;306;146203;3;202;5;3,419903;0;4;0;191
14.07.2020 00:00:00;Bruck an der Leitha;307;102010;0;123;1;0,9802961;0;5;1;115
14.07.2020 00:00:00;Gänserndorf;308;103686;3;110;5;4,822252;0;3;0;101
14.07.2020 00:00:00;Gmünd;309;36773;1;16;1;2,719387;0;0;0;15
14.07.2020 00:00:00;Hollabrunn;310;50858;2;44;2;3,932518;0;0;0;42
14.07.2020 00:00:00;Horn;311;31090;3;68;3;9,649405;0;5;0;60
14.07.2020 00:00:00;Korneuburg;312;90889;0;187;4;4,400973;0;5;0;179
14.07.2020 00:00:00;Krems(Land);313;56596;0;162;0;0;0;8;0;153
14.07.2020 00:00:00;Lilienfeld;314;25812;0;53;0;0;0;5;0;48
14.07.2020 00:00:00;Melk;315;77962;0;176;0;0;0;4;0;170
14.07.2020 00:00:00;Mistelbach;316;75483;0;146;0;0;0;7;0;139
14.07.2020 00:00:00;Mödling;317;118998;3;215;11;9,243853;0;7;0;196
14.07.2020 00:00:00;Neunkirchen;318;86291;4;230;7;8,112086;0;7;2;210
14.07.2020 00:00:00;Sankt Pölten(Land);319;131044;0;278;1;0,7631025;0;11;0;265
14.07.2020 00:00:00;Scheibbs;320;41403;0;104;0;0;0;1;0;102
14.07.2020 00:00:00;Tulln;321;103771;0;186;2;1,927321;0;6;0;176
14.07.2020 00:00:00;Waidhofen an der Thaya;322;25888;0;73;0;0;0;2;0;71
14.07.2020 00:00:00;Wiener Neustadt(Land);323;77991;0;97;5;6,410996;0;6;0;83
14.07.2020 00:00:00;Zwettl;325;42222;0;73;0;0;0;2;0;71
14.07.2020 00:00:00;Linz(Stadt);401;205726;10;529;87;42,28926;0;13;28;393
14.07.2020 00:00:00;Steyr(Stadt);402;38193;0;74;9;23,56453;0;2;0;62
14.07.2020 00:00:00;Wels(Stadt);403;61727;2;114;28;45,36103;0;0;1;68
14.07.2020 00:00:00;Braunau am Inn;404;104408;0;148;5;4,788905;0;3;1;131
14.07.2020 00:00:00;Eferding;405;33156;1;69;2;6,032091;0;6;0;52
14.07.2020 00:00:00;Freistadt;406;66621;0;131;3;4,503085;0;6;0;119
14.07.2020 00:00:00;Gmunden;407;101631;0;82;5;4,919759;0;2;0;74
14.07.2020 00:00:00;Grieskirchen;408;64721;0;87;2;3,090187;0;1;0;78
14.07.2020 00:00:00;Kirchdorf an der Krems;409;56866;6;62;8;14,06816;0;1;0;43
14.07.2020 00:00:00;Linz-Land;410;150273;7;421;71;47,24734;0;9;16;266
14.07.2020 00:00:00;Perg;411;68459;1;311;13;18,98947;0;3;2;263
14.07.2020 00:00:00;Ried im Innkreis;412;61204;1;75;10;16,3388;0;0;0;45
14.07.2020 00:00:00;Rohrbach;413;56524;2;161;6;10,61496;0;0;0;154
14.07.2020 00:00:00;Schärding;414;57307;0;66;3;5,234962;0;1;5;62
14.07.2020 00:00:00;Steyr-Land;415;60427;1;193;10;16,54889;0;7;0;176
14.07.2020 00:00:00;Urfahr-Umgebung;416;85505;0;314;10;11,69522;0;5;2;284
14.07.2020 00:00:00;Vöcklabruck;417;136253;1;118;7;5,137502;0;4;0;104
14.07.2020 00:00:00;Wels-Land;418;73094;1;120;15;20,52152;0;0;3;91
14.07.2020 00:00:00;Salzburg(Stadt);501;154211;0;165;11;7,133084;0;1;1;143
14.07.2020 00:00:00;Hallein;502;60374;0;75;0;0;0;1;0;73
14.07.2020 00:00:00;Salzburg-Umgebung;503;152281;5;226;11;7,223488;0;10;1;203
14.07.2020 00:00:00;Sankt Johann im Pongau;504;80573;1;446;10;12,41111;0;16;1;421
14.07.2020 00:00:00;Tamsweg;505;20320;0;22;0;0;0;0;0;22
14.07.2020 00:00:00;Zell am See;506;87462;1;368;4;4,573415;0;9;0;354
14.07.2020 00:00:00;Graz(Stadt);601;288806;7;547;28;9,695089;0;42;3;446
14.07.2020 00:00:00;Deutschlandsberg;603;60821;0;50;1;1,644169;0;2;0;47
14.07.2020 00:00:00;Graz-Umgebung;606;154260;0;251;2;1,296512;0;34;0;215
14.07.2020 00:00:00;Leibnitz;610;82484;0;189;3;3,637069;0;4;2;181
14.07.2020 00:00:00;Leoben;611;60060;5;31;5;8,325008;0;3;0;21
14.07.2020 00:00:00;Liezen;612;79901;0;91;3;3,754646;0;1;1;88
14.07.2020 00:00:00;Murau;614;27659;0;7;0;0;0;0;0;7
14.07.2020 00:00:00;Voitsberg;616;51161;0;106;0;0;0;5;0;101
14.07.2020 00:00:00;Weiz;617;90343;0;202;0;0;0;18;0;183
14.07.2020 00:00:00;Murtal;620;72004;0;32;0;0;0;1;0;31
14.07.2020 00:00:00;Bruck-Mürzzuschlag;621;98984;0;64;5;5,051322;0;3;0;54
14.07.2020 00:00:00;Hartberg-Fürstenfeld;622;90622;0;320;1;1,103485;0;39;0;280
14.07.2020 00:00:00;Südoststeiermark;623;85947;0;67;2;2,327015;0;2;3;64
14.07.2020 00:00:00;Innsbruck-Stadt;701;132110;1;433;12;9,08334;0;6;1;410
14.07.2020 00:00:00;Imst;702;60056;0;296;0;0;0;6;0;288
14.07.2020 00:00:00;Innsbruck-Land;703;179318;1;400;7;3,90368;0;13;0;380
14.07.2020 00:00:00;Kitzbühel;704;63881;0;372;3;4,696232;0;11;0;358
14.07.2020 00:00:00;Kufstein;705;109682;0;529;2;1,823453;0;35;0;491
14.07.2020 00:00:00;Landeck;706;44362;0;998;0;0;0;16;0;980
14.07.2020 00:00:00;Lienz;707;48753;0;156;2;4,102312;0;6;0;148
14.07.2020 00:00:00;Reutte;708;32670;0;57;0;0;0;1;0;56
14.07.2020 00:00:00;Schwaz;709;83873;0;357;2;2,384558;0;14;1;339
14.07.2020 00:00:00;Bludenz;801;63714;0;258;0;0;0;4;0;253
14.07.2020 00:00:00;Bregenz;802;134383;0;281;2;1,488284;0;10;0;268
14.07.2020 00:00:00;Dornbirn;803;89041;0;159;1;1,123078;0;4;0;154
14.07.2020 00:00:00;Feldkirch;804;107159;0;216;0;0;0;1;0;215
14.07.2020 00:00:00;Wien;900;1897491;38;4332;251;13,22799;0;216;35;3719
15.07.2020 00:00:00;Eisenstadt(Stadt);101;14637;0;19;0;0;0;0;0;19
15.07.2020 00:00:00;Rust(Stadt);102;1940;0;0;0;0;0;0;0;0
15.07.2020 00:00:00;Eisenstadt-Umgebung;103;42927;0;27;1;2,329536;0;1;0;22
15.07.2020 00:00:00;Güssing;104;25797;1;27;2;7,75284;0;0;0;26
15.07.2020 00:00:00;Jennersdorf;105;17066;0;10;0;0;0;0;0;10
15.07.2020 00:00:00;Mattersburg;106;39925;0;60;3;7,514089;0;1;0;56
15.07.2020 00:00:00;Neusiedl am See;107;59552;0;61;3;5,037614;0;4;0;54
15.07.2020 00:00:00;Oberpullendorf;108;37513;0;26;0;0;0;1;0;25
15.07.2020 00:00:00;Oberwart;109;54076;0;145;4;7,396997;0;4;0;133
15.07.2020 00:00:00;Klagenfurt Stadt;201;100817;0;100;5;4,959481;0;3;0;90
15.07.2020 00:00:00;Villach Stadt;202;62243;0;23;0;0;0;0;0;23
15.07.2020 00:00:00;Hermagor;203;18224;0;5;0;0;0;0;0;5
15.07.2020 00:00:00;Klagenfurt Land;204;59800;1;51;2;3,344482;0;2;0;44
15.07.2020 00:00:00;Sankt Veit an der Glan;205;54555;0;53;1;1,833013;0;0;0;52
15.07.2020 00:00:00;Spittal an der Drau;206;76091;0;45;0;0;0;1;0;44
15.07.2020 00:00:00;Villach Land;207;64668;0;50;1;1,54636;0;2;0;46
15.07.2020 00:00:00;Völkermarkt;208;41878;0;55;0;0;0;4;0;51
15.07.2020 00:00:00;Wolfsberg;209;52726;0;49;1;1,896598;0;1;0;47
15.07.2020 00:00:00;Feldkirchen;210;29937;0;15;0;0;0;0;0;15
15.07.2020 00:00:00;Krems an der Donau(Stadt);301;24876;0;41;0;0;0;3;0;38
15.07.2020 00:00:00;Sankt Pölten(Stadt);302;55044;1;101;1;1,816728;0;4;0;94
15.07.2020 00:00:00;Waidhofen an der Ybbs(Stadt);303;11261;0;25;0;0;0;3;0;22
15.07.2020 00:00:00;Wiener Neustadt(Stadt);304;45277;9;77;16;35,33803;0;0;0;58
15.07.2020 00:00:00;Amstetten;305;116114;0;307;4;3,44489;0;16;0;284
15.07.2020 00:00:00;Baden;306;146203;0;202;3;2,051941;0;4;0;191
15.07.2020 00:00:00;Bruck an der Leitha;307;102010;0;123;1;0,9802961;0;5;1;116
15.07.2020 00:00:00;Gänserndorf;308;103686;3;113;8;7,715603;0;3;0;101
15.07.2020 00:00:00;Gmünd;309;36773;0;16;1;2,719387;0;0;0;15
15.07.2020 00:00:00;Hollabrunn;310;50858;1;45;3;5,898777;0;0;0;42
15.07.2020 00:00:00;Horn;311;31090;4;72;7;22,51528;0;5;0;60
15.07.2020 00:00:00;Korneuburg;312;90889;0;187;4;4,400973;0;5;0;179
15.07.2020 00:00:00;Krems(Land);313;56596;1;163;1;1,766909;0;8;0;153
15.07.2020 00:00:00;Lilienfeld;314;25812;0;53;0;0;0;5;0;48
15.07.2020 00:00:00;Melk;315;77962;0;176;0;0;0;4;0;170
15.07.2020 00:00:00;Mistelbach;316;75483;0;146;0;0;0;7;0;139
15.07.2020 00:00:00;Mödling;317;118998;1;216;11;9,243853;0;7;0;196
15.07.2020 00:00:00;Neunkirchen;318;86291;1;231;7;8,112086;0;7;1;211
15.07.2020 00:00:00;Sankt Pölten(Land);319;131044;2;280;3;2,289307;0;11;1;266
15.07.2020 00:00:00;Scheibbs;320;41403;0;104;0;0;0;1;0;102
15.07.2020 00:00:00;Tulln;321;103771;1;187;3;2,890981;0;6;0;176
15.07.2020 00:00:00;Waidhofen an der Thaya;322;25888;0;73;0;0;0;2;0;71
15.07.2020 00:00:00;Wiener Neustadt(Land);323;77991;3;100;8;10,25759;0;6;0;83
15.07.2020 00:00:00;Zwettl;325;42222;0;73;0;0;0;2;0;71
15.07.2020 00:00:00;Linz(Stadt);401;205726;11;540;87;42,28926;0;13;1;394
15.07.2020 00:00:00;Steyr(Stadt);402;38193;0;74;9;23,56453;0;2;0;62
15.07.2020 00:00:00;Wels(Stadt);403;61727;5;119;29;46,98106;0;0;2;70
15.07.2020 00:00:00;Braunau am Inn;404;104408;0;148;5;4,788905;0;3;1;132
15.07.2020 00:00:00;Eferding;405;33156;0;69;2;6,032091;0;6;0;52
15.07.2020 00:00:00;Freistadt;406;66621;0;131;3;4,503085;0;6;1;120
15.07.2020 00:00:00;Gmunden;407;101631;1;83;5;4,919759;0;2;0;74
15.07.2020 00:00:00;Grieskirchen;408;64721;0;87;2;3,090187;0;1;1;79
15.07.2020 00:00:00;Kirchdorf an der Krems;409;56866;0;62;6;10,55112;0;1;2;45
15.07.2020 00:00:00;Linz-Land;410;150273;13;434;77;51,24008;0;9;18;284
15.07.2020 00:00:00;Perg;411;68459;3;314;14;20,4502;0;3;1;264
15.07.2020 00:00:00;Ried im Innkreis;412;61204;0;75;4;6,535521;0;0;1;46
15.07.2020 00:00:00;Rohrbach;413;56524;0;161;6;10,61496;0;0;0;154
15.07.2020 00:00:00;Schärding;414;57307;0;66;3;5,234962;0;1;0;62
15.07.2020 00:00:00;Steyr-Land;415;60427;2;195;12;19,85867;0;7;0;176
15.07.2020 00:00:00;Urfahr-Umgebung;416;85505;1;315;10;11,69522;0;5;1;285
15.07.2020 00:00:00;Vöcklabruck;417;136253;1;119;7;5,137502;0;4;1;105
15.07.2020 00:00:00;Wels-Land;418;73094;1;121;14;19,15342;0;0;3;94
15.07.2020 00:00:00;Salzburg(Stadt);501;154211;1;166;8;5,187697;0;1;0;143
15.07.2020 00:00:00;Hallein;502;60374;1;76;1;1,656342;0;1;0;73
15.07.2020 00:00:00;Salzburg-Umgebung;503;152281;0;226;10;6,566807;0;10;0;203
15.07.2020 00:00:00;Sankt Johann im Pongau;504;80573;0;446;8;9,928885;0;16;0;421
15.07.2020 00:00:00;Tamsweg;505;20320;0;22;0;0;0;0;0;22
15.07.2020 00:00:00;Zell am See;506;87462;0;368;2;2,286707;0;9;0;354
15.07.2020 00:00:00;Graz(Stadt);601;288806;4;551;26;9,002584;0;42;2;448
15.07.2020 00:00:00;Deutschlandsberg;603;60821;0;50;1;1,644169;0;2;0;47
15.07.2020 00:00:00;Graz-Umgebung;606;154260;1;252;2;1,296512;0;34;0;215
15.07.2020 00:00:00;Leibnitz;610;82484;1;190;2;2,424713;0;4;0;181
15.07.2020 00:00:00;Leoben;611;60060;0;31;5;8,325008;0;3;0;21
15.07.2020 00:00:00;Liezen;612;79901;3;94;5;6,257744;0;1;0;88
15.07.2020 00:00:00;Murau;614;27659;0;7;0;0;0;0;0;7
15.07.2020 00:00:00;Voitsberg;616;51161;0;106;0;0;0;5;0;101
15.07.2020 00:00:00;Weiz;617;90343;0;202;0;0;0;18;0;183
15.07.2020 00:00:00;Murtal;620;72004;0;32;0;0;0;1;0;31
15.07.2020 00:00:00;Bruck-Mürzzuschlag;621;98984;0;64;4;4,041057;0;3;2;56
15.07.2020 00:00:00;Hartberg-Fürstenfeld;622;90622;0;320;1;1,103485;0;39;0;280
15.07.2020 00:00:00;Südoststeiermark;623;85947;0;67;2;2,327015;0;2;0;64
15.07.2020 00:00:00;Innsbruck-Stadt;701;132110;1;434;12;9,08334;0;6;1;411
15.07.2020 00:00:00;Imst;702;60056;0;296;0;0;0;6;1;289
15.07.2020 00:00:00;Innsbruck-Land;703;179318;1;401;8;4,461348;0;13;0;380
15.07.2020 00:00:00;Kitzbühel;704;63881;0;372;2;3,130821;0;11;1;359
15.07.2020 00:00:00;Kufstein;705;109682;0;529;2;1,823453;0;35;1;492
15.07.2020 00:00:00;Landeck;706;44362;1;999;1;2,254182;0;16;0;980
15.07.2020 00:00:00;Lienz;707;48753;0;156;2;4,102312;0;6;0;148
15.07.2020 00:00:00;Reutte;708;32670;0;57;0;0;0;1;0;56
15.07.2020 00:00:00;Schwaz;709;83873;0;357;1;1,192279;0;14;1;340
15.07.2020 00:00:00;Bludenz;801;63714;0;258;0;0;0;4;1;254
15.07.2020 00:00:00;Bregenz;802;134383;1;282;3;2,232425;0;10;0;268
15.07.2020 00:00:00;Dornbirn;803;89041;0;159;1;1,123078;0;4;0;154
15.07.2020 00:00:00;Feldkirch;804;107159;1;217;1;0,9331927;0;1;0;215
15.07.2020 00:00:00;Wien;900;1897491;49;4381;276;14,54552;1;217;34;3753
16.07.2020 00:00:00;Eisenstadt(Stadt);101;14637;0;19;0;0;0;0;0;19
16.07.2020 00:00:00;Rust(Stadt);102;1940;0;0;0;0;0;0;0;0
16.07.2020 00:00:00;Eisenstadt-Umgebung;103;42927;0;27;1;2,329536;0;1;2;24
16.07.2020 00:00:00;Güssing;104;25797;0;27;2;7,75284;0;0;0;26
16.07.2020 00:00:00;Jennersdorf;105;17066;0;10;0;0;0;0;0;10
16.07.2020 00:00:00;Mattersburg;106;39925;1;61;4;10,01879;0;1;0;56
16.07.2020 00:00:00;Neusiedl am See;107;59552;0;61;3;5,037614;0;4;0;54
16.07.2020 00:00:00;Oberpullendorf;108;37513;0;26;0;0;0;1;0;25
16.07.2020 00:00:00;Oberwart;109;54076;0;145;2;3,698498;0;4;2;135
16.07.2020 00:00:00;Klagenfurt Stadt;201;100817;0;100;5;4,959481;0;3;0;90
16.07.2020 00:00:00;Villach Stadt;202;62243;0;23;0;0;0;0;0;23
16.07.2020 00:00:00;Hermagor;203;18224;0;5;0;0;0;0;0;5
16.07.2020 00:00:00;Klagenfurt Land;204;59800;0;51;2;3,344482;0;2;0;44
16.07.2020 00:00:00;Sankt Veit an der Glan;205;54555;0;53;0;0;0;0;0;52
16.07.2020 00:00:00;Spittal an der Drau;206;76091;0;45;0;0;0;1;0;44
16.07.2020 00:00:00;Villach Land;207;64668;0;50;1;1,54636;0;2;0;46
16.07.2020 00:00:00;Völkermarkt;208;41878;0;55;0;0;0;4;0;51
16.07.2020 00:00:00;Wolfsberg;209;52726;0;49;1;1,896598;0;1;0;47
16.07.2020 00:00:00;Feldkirchen;210;29937;0;15;0;0;0;0;0;15
16.07.2020 00:00:00;Krems an der Donau(Stadt);301;24876;1;42;1;4,019939;0;3;0;38
16.07.2020 00:00:00;Sankt Pölten(Stadt);302;55044;1;102;2;3,633457;0;4;1;95
16.07.2020 00:00:00;Waidhofen an der Ybbs(Stadt);303;11261;0;25;0;0;0;3;0;22
16.07.2020 00:00:00;Wiener Neustadt(Stadt);304;45277;3;80;19;41,96391;0;0;2;60
16.07.2020 00:00:00;Amstetten;305;116114;0;307;1;0,8612226;0;16;1;285
16.07.2020 00:00:00;Baden;306;146203;2;204;5;3,419903;0;4;0;191
16.07.2020 00:00:00;Bruck an der Leitha;307;102010;0;123;0;0;0;5;0;116
16.07.2020 00:00:00;Gänserndorf;308;103686;0;113;8;7,715603;0;3;0;101
16.07.2020 00:00:00;Gmünd;309;36773;0;16;1;2,719387;0;0;0;15
16.07.2020 00:00:00;Hollabrunn;310;50858;2;47;5;9,831295;0;0;0;42
16.07.2020 00:00:00;Horn;311;31090;24;96;31;99,71052;0;5;0;60
16.07.2020 00:00:00;Korneuburg;312;90889;0;187;3;3,30073;0;5;0;179
16.07.2020 00:00:00;Krems(Land);313;56596;1;164;2;3,533819;0;8;0;153
16.07.2020 00:00:00;Lilienfeld;314;25812;0;53;0;0;0;5;0;48
16.07.2020 00:00:00;Melk;315;77962;1;177;1;1,282676;0;4;0;170
16.07.2020 00:00:00;Mistelbach;316;75483;0;146;0;0;0;7;0;139
16.07.2020 00:00:00;Mödling;317;118998;1;217;10;8,403502;0;7;0;196
16.07.2020 00:00:00;Neunkirchen;318;86291;1;232;8;9,270955;0;7;0;211
16.07.2020 00:00:00;Sankt Pölten(Land);319;131044;1;281;4;3,05241;0;11;0;266
16.07.2020 00:00:00;Scheibbs;320;41403;0;104;0;0;0;1;1;103
16.07.2020 00:00:00;Tulln;321;103771;1;188;2;1,927321;0;6;1;177
16.07.2020 00:00:00;Waidhofen an der Thaya;322;25888;0;73;0;0;0;2;0;71
16.07.2020 00:00:00;Wiener Neustadt(Land);323;77991;0;100;7;8,975394;0;6;1;84
16.07.2020 00:00:00;Zwettl;325;42222;0;73;0;0;0;2;0;71
16.07.2020 00:00:00;Linz(Stadt);401;205726;14;554;99;48,12226;0;13;1;395
16.07.2020 00:00:00;Steyr(Stadt);402;38193;0;74;8;20,94625;0;2;0;62
16.07.2020 00:00:00;Wels(Stadt);403;61727;5;124;30;48,6011;0;0;1;71
16.07.2020 00:00:00;Braunau am Inn;404;104408;0;148;4;3,831124;0;3;3;135
16.07.2020 00:00:00;Eferding;405;33156;0;69;2;6,032091;0;6;1;53
16.07.2020 00:00:00;Freistadt;406;66621;3;134;5;7,505141;0;6;0;120
16.07.2020 00:00:00;Gmunden;407;101631;3;86;8;7,871614;0;2;1;75
16.07.2020 00:00:00;Grieskirchen;408;64721;1;88;2;3,090187;0;1;2;81
16.07.2020 00:00:00;Kirchdorf an der Krems;409;56866;1;63;7;12,30964;0;1;1;46
16.07.2020 00:00:00;Linz-Land;410;150273;15;449;82;54,56735;0;9;10;294
16.07.2020 00:00:00;Perg;411;68459;3;317;16;23,37165;0;3;0;264
16.07.2020 00:00:00;Ried im Innkreis;412;61204;0;75;3;4,90164;0;0;2;48
16.07.2020 00:00:00;Rohrbach;413;56524;1;162;7;12,38412;0;0;0;154
16.07.2020 00:00:00;Schärding;414;57307;0;66;3;5,234962;0;1;1;63
16.07.2020 00:00:00;Steyr-Land;415;60427;0;195;9;14,894;0;7;0;176
16.07.2020 00:00:00;Urfahr-Umgebung;416;85505;1;316;8;9,356178;0;5;2;287
16.07.2020 00:00:00;Vöcklabruck;417;136253;10;129;16;11,74286;0;4;0;105
16.07.2020 00:00:00;Wels-Land;418;73094;0;121;11;15,04912;0;0;4;98
16.07.2020 00:00:00;Salzburg(Stadt);501;154211;1;167;4;2,593849;0;1;3;146
16.07.2020 00:00:00;Hallein;502;60374;0;76;1;1,656342;0;1;0;73
16.07.2020 00:00:00;Salzburg-Umgebung;503;152281;0;226;10;6,566807;0;10;0;203
16.07.2020 00:00:00;Sankt Johann im Pongau;504;80573;0;446;7;8,687774;0;16;0;421
16.07.2020 00:00:00;Tamsweg;505;20320;0;22;0;0;0;0;0;22
16.07.2020 00:00:00;Zell am See;506;87462;0;368;2;2,286707;0;9;0;354
16.07.2020 00:00:00;Graz(Stadt);601;288806;2;553;27;9,348836;0;42;16;464
16.07.2020 00:00:00;Deutschlandsberg;603;60821;0;50;1;1,644169;0;2;0;47
16.07.2020 00:00:00;Graz-Umgebung;606;154260;2;254;4;2,593025;0;34;0;215
16.07.2020 00:00:00;Leibnitz;610;82484;0;190;2;2,424713;0;4;1;182
16.07.2020 00:00:00;Leoben;611;60060;0;31;5;8,325008;0;3;0;21
16.07.2020 00:00:00;Liezen;612;79901;0;94;4;5,006195;0;1;0;88
16.07.2020 00:00:00;Murau;614;27659;0;7;0;0;0;0;0;7
16.07.2020 00:00:00;Voitsberg;616;51161;0;106;0;0;0;5;0;101
16.07.2020 00:00:00;Weiz;617;90343;0;202;0;0;0;18;0;183
16.07.2020 00:00:00;Murtal;620;72004;0;32;0;0;0;1;0;31
16.07.2020 00:00:00;Bruck-Mürzzuschlag;621;98984;0;64;2;2,020529;0;3;0;56
16.07.2020 00:00:00;Hartberg-Fürstenfeld;622;90622;0;320;1;1,103485;0;39;0;280
16.07.2020 00:00:00;Südoststeiermark;623;85947;0;67;0;0;0;2;1;65
16.07.2020 00:00:00;Innsbruck-Stadt;701;132110;2;436;13;9,840284;0;6;3;414
16.07.2020 00:00:00;Imst;702;60056;1;297;1;1,665113;0;6;0;289
16.07.2020 00:00:00;Innsbruck-Land;703;179318;0;401;8;4,461348;0;13;0;380
16.07.2020 00:00:00;Kitzbühel;704;63881;0;372;0;0;0;11;1;360
16.07.2020 00:00:00;Kufstein;705;109682;0;529;2;1,823453;0;35;0;492
16.07.2020 00:00:00;Landeck;706;44362;5;1004;6;13,52509;0;16;0;980
16.07.2020 00:00:00;Lienz;707;48753;0;156;2;4,102312;0;6;0;148
16.07.2020 00:00:00;Reutte;708;32670;0;57;0;0;0;1;0;56
16.07.2020 00:00:00;Schwaz;709;83873;0;357;1;1,192279;0;14;0;340
16.07.2020 00:00:00;Bludenz;801;63714;1;259;1;1,569514;0;4;0;254
16.07.2020 00:00:00;Bregenz;802;134383;0;282;2;1,488284;0;10;0;268
16.07.2020 00:00:00;Dornbirn;803;89041;0;159;1;1,123078;0;4;0;154
16.07.2020 00:00:00;Feldkirch;804;107159;0;217;1;0,9331927;0;1;0;215
16.07.2020 00:00:00;Wien;900;1897491;30;4411;250;13,17529;0;217;46;3799
17.07.2020 00:00:00;Eisenstadt(Stadt);101;14637;0;19;0;0;0;0;0;19
17.07.2020 00:00:00;Rust(Stadt);102;1940;0;0;0;0;0;0;0;0
17.07.2020 00:00:00;Eisenstadt-Umgebung;103;42927;1;28;1;2,329536;0;1;0;24
17.07.2020 00:00:00;Güssing;104;25797;0;27;1;3,87642;0;0;1;27
17.07.2020 00:00:00;Jennersdorf;105;17066;0;10;0;0;0;0;0;10
17.07.2020 00:00:00;Mattersburg;106;39925;2;63;6;15,02818;0;1;0;56
17.07.2020 00:00:00;Neusiedl am See;107;59552;0;61;3;5,037614;0;4;0;54
17.07.2020 00:00:00;Oberpullendorf;108;37513;0;26;0;0;0;1;0;25
17.07.2020 00:00:00;Oberwart;109;54076;0;145;1;1,849249;0;4;3;138
17.07.2020 00:00:00;Klagenfurt Stadt;201;100817;1;101;5;4,959481;0;3;0;90
17.07.2020 00:00:00;Villach Stadt;202;62243;0;23;0;0;0;0;0;23
17.07.2020 00:00:00;Hermagor;203;18224;0;5;0;0;0;0;0;5
17.07.2020 00:00:00;Klagenfurt Land;204;59800;0;51;2;3,344482;0;2;0;44
17.07.2020 00:00:00;Sankt Veit an der Glan;205;54555;0;53;0;0;0;0;0;52
17.07.2020 00:00:00;Spittal an der Drau;206;76091;0;45;0;0;0;1;0;44
17.07.2020 00:00:00;Villach Land;207;64668;0;50;1;1,54636;0;2;1;47
17.07.2020 00:00:00;Völkermarkt;208;41878;0;55;0;0;0;4;0;51
17.07.2020 00:00:00;Wolfsberg;209;52726;1;50;2;3,793195;0;1;0;47
17.07.2020 00:00:00;Feldkirchen;210;29937;0;15;0;0;0;0;0;15
17.07.2020 00:00:00;Krems an der Donau(Stadt);301;24876;0;42;1;4,019939;0;3;0;38
17.07.2020 00:00:00;Sankt Pölten(Stadt);302;55044;2;104;4;7,266914;0;4;0;95
17.07.2020 00:00:00;Waidhofen an der Ybbs(Stadt);303;11261;0;25;0;0;0;3;0;22
17.07.2020 00:00:00;Wiener Neustadt(Stadt);304;45277;2;82;21;46,38116;0;0;0;60
17.07.2020 00:00:00;Amstetten;305;116114;0;307;1;0,8612226;0;16;1;286
17.07.2020 00:00:00;Baden;306;146203;3;207;8;5,471844;0;4;0;191
17.07.2020 00:00:00;Bruck an der Leitha;307;102010;1;124;1;0,9802961;0;5;0;116
17.07.2020 00:00:00;Gänserndorf;308;103686;1;114;8;7,715603;0;3;0;101
17.07.2020 00:00:00;Gmünd;309;36773;0;16;1;2,719387;0;0;0;15
17.07.2020 00:00:00;Hollabrunn;310;50858;0;47;5;9,831295;0;0;0;42
17.07.2020 00:00:00;Horn;311;31090;0;96;31;99,71052;0;5;0;60
17.07.2020 00:00:00;Korneuburg;312;90889;0;187;1;1,100243;0;5;0;179
17.07.2020 00:00:00;Krems(Land);313;56596;0;164;2;3,533819;0;8;0;153
17.07.2020 00:00:00;Lilienfeld;314;25812;0;53;0;0;0;5;0;48
17.07.2020 00:00:00;Melk;315;77962;1;178;2;2,565352;0;4;0;170
17.07.2020 00:00:00;Mistelbach;316;75483;0;146;0;0;0;7;0;139
17.07.2020 00:00:00;Mödling;317;118998;0;217;9;7,563152;0;7;0;196
17.07.2020 00:00:00;Neunkirchen;318;86291;0;232;8;9,270955;0;7;1;212
17.07.2020 00:00:00;Sankt Pölten(Land);319;131044;0;281;4;3,05241;0;11;0;266
17.07.2020 00:00:00;Scheibbs;320;41403;0;104;0;0;0;1;0;103
17.07.2020 00:00:00;Tulln;321;103771;1;189;3;2,890981;0;6;1;178
17.07.2020 00:00:00;Waidhofen an der Thaya;322;25888;1;74;1;3,862794;0;2;0;71
17.07.2020 00:00:00;Wiener Neustadt(Land);323;77991;1;101;8;10,25759;0;6;0;84
17.07.2020 00:00:00;Zwettl;325;42222;0;73;0;0;0;2;0;71
17.07.2020 00:00:00;Linz(Stadt);401;205726;10;564;85;41,31709;0;13;28;423
17.07.2020 00:00:00;Steyr(Stadt);402;38193;0;74;7;18,32797;0;2;0;62
17.07.2020 00:00:00;Wels(Stadt);403;61727;2;126;30;48,6011;0;0;8;79
17.07.2020 00:00:00;Braunau am Inn;404;104408;1;149;5;4,788905;0;3;1;136
17.07.2020 00:00:00;Eferding;405;33156;0;69;2;6,032091;0;6;1;54
17.07.2020 00:00:00;Freistadt;406;66621;2;136;6;9,006169;0;6;1;121
17.07.2020 00:00:00;Gmunden;407;101631;1;87;9;8,855566;0;2;1;76
17.07.2020 00:00:00;Grieskirchen;408;64721;1;89;3;4,635281;0;1;1;82
17.07.2020 00:00:00;Kirchdorf an der Krems;409;56866;0;63;7;12,30964;0;1;4;50
17.07.2020 00:00:00;Linz-Land;410;150273;2;451;77;51,24008;0;9;24;318
17.07.2020 00:00:00;Perg;411;68459;3;320;16;23,37165;0;3;7;271
17.07.2020 00:00:00;Ried im Innkreis;412;61204;1;76;2;3,26776;0;0;2;50
17.07.2020 00:00:00;Rohrbach;413;56524;0;162;5;8,8458;0;0;0;154
17.07.2020 00:00:00;Schärding;414;57307;0;66;2;3,489975;0;1;0;63
17.07.2020 00:00:00;Steyr-Land;415;60427;0;195;8;13,23911;0;7;0;176
17.07.2020 00:00:00;Urfahr-Umgebung;416;85505;2;318;9;10,5257;0;5;5;292
17.07.2020 00:00:00;Vöcklabruck;417;136253;11;140;25;18,34822;0;4;2;107
17.07.2020 00:00:00;Wels-Land;418;73094;0;121;6;8,208608;0;0;1;99
17.07.2020 00:00:00;Salzburg(Stadt);501;154211;5;172;9;5,83616;0;1;1;147
17.07.2020 00:00:00;Hallein;502;60374;2;78;3;4,969027;0;1;1;74
17.07.2020 00:00:00;Salzburg-Umgebung;503;152281;3;229;13;8,53685;0;10;2;205
17.07.2020 00:00:00;Sankt Johann im Pongau;504;80573;1;447;7;8,687774;0;16;0;421
17.07.2020 00:00:00;Tamsweg;505;20320;0;22;0;0;0;0;0;22
17.07.2020 00:00:00;Zell am See;506;87462;2;370;4;4,573415;0;9;0;354
17.07.2020 00:00:00;Graz(Stadt);601;288806;7;560;34;11,77261;0;42;3;467
17.07.2020 00:00:00;Deutschlandsberg;603;60821;0;50;1;1,644169;0;2;0;47
17.07.2020 00:00:00;Graz-Umgebung;606;154260;0;254;4;2,593025;0;34;0;215
17.07.2020 00:00:00;Leibnitz;610;82484;0;190;2;2,424713;0;4;0;182
17.07.2020 00:00:00;Leoben;611;60060;0;31;5;8,325008;0;3;1;22
17.07.2020 00:00:00;Liezen;612;79901;1;95;5;6,257744;0;1;0;88
17.07.2020 00:00:00;Murau;614;27659;0;7;0;0;0;0;0;7
17.07.2020 00:00:00;Voitsberg;616;51161;0;106;0;0;0;5;0;101
17.07.2020 00:00:00;Weiz;617;90343;0;202;0;0;0;18;0;183
17.07.2020 00:00:00;Murtal;620;72004;1;33;1;1,388812;0;1;0;31
17.07.2020 00:00:00;Bruck-Mürzzuschlag;621;98984;0;64;1;1,010264;0;3;1;57
17.07.2020 00:00:00;Hartberg-Fürstenfeld;622;90622;0;320;1;1,103485;0;39;0;280
17.07.2020 00:00:00;Südoststeiermark;623;85947;1;68;1;1,163508;0;2;0;65
17.07.2020 00:00:00;Innsbruck-Stadt;701;132110;1;437;13;9,840284;0;6;0;414
17.07.2020 00:00:00;Imst;702;60056;0;297;1;1,665113;0;6;1;290
17.07.2020 00:00:00;Innsbruck-Land;703;179318;0;401;7;3,90368;0;13;0;380
17.07.2020 00:00:00;Kitzbühel;704;63881;0;372;0;0;0;11;0;360
17.07.2020 00:00:00;Kufstein;705;109682;0;529;1;0,9117267;0;35;0;492
17.07.2020 00:00:00;Landeck;706;44362;0;1004;6;13,52509;0;16;2;982
17.07.2020 00:00:00;Lienz;707;48753;0;156;2;4,102312;0;6;0;148
17.07.2020 00:00:00;Reutte;708;32670;0;57;0;0;0;1;0;56
17.07.2020 00:00:00;Schwaz;709;83873;0;357;0;0;0;14;0;340
17.07.2020 00:00:00;Bludenz;801;63714;0;259;1;1,569514;0;4;0;254
17.07.2020 00:00:00;Bregenz;802;134383;0;282;2;1,488284;0;10;0;268
17.07.2020 00:00:00;Dornbirn;803;89041;0;159;1;1,123078;0;4;0;154
17.07.2020 00:00:00;Feldkirch;804;107159;0;217;1;0,9331927;0;1;0;215
17.07.2020 00:00:00;Wien;900;1897491;47;4458;291;15,33604;0;217;41;3840
18.07.2020 00:00:00;Eisenstadt(Stadt);101;14637;0;19;0;0;0;0;0;19
18.07.2020 00:00:00;Rust(Stadt);102;1940;0;0;0;0;0;0;0;0
18.07.2020 00:00:00;Eisenstadt-Umgebung;103;42927;0;28;1;2,329536;0;1;0;24
18.07.2020 00:00:00;Güssing;104;25797;0;27;1;3,87642;0;0;0;27
18.07.2020 00:00:00;Jennersdorf;105;17066;0;10;0;0;0;0;0;10
18.07.2020 00:00:00;Mattersburg;106;39925;1;64;7;17,53288;0;1;0;56
18.07.2020 00:00:00;Neusiedl am See;107;59552;0;61;3;5,037614;0;4;0;54
18.07.2020 00:00:00;Oberpullendorf;108;37513;0;26;0;0;0;1;0;25
18.07.2020 00:00:00;Oberwart;109;54076;0;145;1;1,849249;0;4;0;138
18.07.2020 00:00:00;Klagenfurt Stadt;201;100817;0;101;2;1,983792;0;3;1;91
18.07.2020 00:00:00;Villach Stadt;202;62243;0;23;0;0;0;0;0;23
18.07.2020 00:00:00;Hermagor;203;18224;0;5;0;0;0;0;0;5
18.07.2020 00:00:00;Klagenfurt Land;204;59800;0;51;1;1,672241;0;2;1;45
18.07.2020 00:00:00;Sankt Veit an der Glan;205;54555;0;53;0;0;0;0;0;52
18.07.2020 00:00:00;Spittal an der Drau;206;76091;0;45;0;0;0;1;0;44
18.07.2020 00:00:00;Villach Land;207;64668;0;50;0;0;0;2;0;47
18.07.2020 00:00:00;Völkermarkt;208;41878;0;55;0;0;0;4;0;51
18.07.2020 00:00:00;Wolfsberg;209;52726;0;50;2;3,793195;0;1;0;47
18.07.2020 00:00:00;Feldkirchen;210;29937;0;15;0;0;0;0;0;15
18.07.2020 00:00:00;Krems an der Donau(Stadt);301;24876;1;43;2;8,039878;0;3;0;38
18.07.2020 00:00:00;Sankt Pölten(Stadt);302;55044;2;106;6;10,90037;0;4;0;95
18.07.2020 00:00:00;Waidhofen an der Ybbs(Stadt);303;11261;0;25;0;0;0;3;0;22
18.07.2020 00:00:00;Wiener Neustadt(Stadt);304;45277;1;83;21;46,38116;0;0;0;60
18.07.2020 00:00:00;Amstetten;305;116114;1;308;2;1,722445;0;16;0;286
18.07.2020 00:00:00;Baden;306;146203;3;210;11;7,523786;0;4;0;191
18.07.2020 00:00:00;Bruck an der Leitha;307;102010;1;125;2;1,960592;0;5;0;116
18.07.2020 00:00:00;Gänserndorf;308;103686;0;114;8;7,715603;0;3;0;101
18.07.2020 00:00:00;Gmünd;309;36773;0;16;1;2,719387;0;0;0;15
18.07.2020 00:00:00;Hollabrunn;310;50858;0;47;5;9,831295;0;0;0;42
18.07.2020 00:00:00;Horn;311;31090;0;96;31;99,71052;0;5;0;60
18.07.2020 00:00:00;Korneuburg;312;90889;1;188;2;2,200486;0;5;0;179
18.07.2020 00:00:00;Krems(Land);313;56596;0;164;2;3,533819;0;8;1;154
18.07.2020 00:00:00;Lilienfeld;314;25812;0;53;0;0;0;5;0;48
18.07.2020 00:00:00;Melk;315;77962;0;178;2;2,565352;0;4;0;170
18.07.2020 00:00:00;Mistelbach;316;75483;0;146;0;0;0;7;0;139
18.07.2020 00:00:00;Mödling;317;118998;0;217;7;5,882452;0;7;0;196
18.07.2020 00:00:00;Neunkirchen;318;86291;0;232;7;8,112086;0;7;0;212
18.07.2020 00:00:00;Sankt Pölten(Land);319;131044;0;281;4;3,05241;0;11;0;266
18.07.2020 00:00:00;Scheibbs;320;41403;0;104;0;0;0;1;0;103
18.07.2020 00:00:00;Tulln;321;103771;0;189;3;2,890981;0;6;0;178
18.07.2020 00:00:00;Waidhofen an der Thaya;322;25888;0;74;1;3,862794;0;2;0;71
18.07.2020 00:00:00;Wiener Neustadt(Land);323;77991;0;101;6;7,693195;0;6;0;84
18.07.2020 00:00:00;Zwettl;325;42222;0;73;0;0;0;2;0;71
18.07.2020 00:00:00;Linz(Stadt);401;205726;12;576;82;39,85884;0;13;4;427
18.07.2020 00:00:00;Steyr(Stadt);402;38193;0;74;7;18,32797;0;2;1;63
18.07.2020 00:00:00;Wels(Stadt);403;61727;5;131;31;50,22113;0;0;0;79
18.07.2020 00:00:00;Braunau am Inn;404;104408;0;149;5;4,788905;0;3;0;136
18.07.2020 00:00:00;Eferding;405;33156;0;69;2;6,032091;0;6;2;56
18.07.2020 00:00:00;Freistadt;406;66621;1;137;7;10,5072;0;6;1;122
18.07.2020 00:00:00;Gmunden;407;101631;0;87;6;5,90371;0;2;0;76
18.07.2020 00:00:00;Grieskirchen;408;64721;2;91;4;6,180374;0;1;1;83
18.07.2020 00:00:00;Kirchdorf an der Krems;409;56866;0;63;7;12,30964;0;1;2;52
18.07.2020 00:00:00;Linz-Land;410;150273;7;458;73;48,57825;0;9;5;323
18.07.2020 00:00:00;Perg;411;68459;2;322;16;23,37165;0;3;4;275
18.07.2020 00:00:00;Ried im Innkreis;412;61204;1;77;3;4,90164;0;0;8;58
18.07.2020 00:00:00;Rohrbach;413;56524;0;162;4;7,07664;0;0;0;154
18.07.2020 00:00:00;Schärding;414;57307;0;66;1;1,744987;0;1;0;63
18.07.2020 00:00:00;Steyr-Land;415;60427;0;195;5;8,274446;0;7;0;176
18.07.2020 00:00:00;Urfahr-Umgebung;416;85505;2;320;10;11,69522;0;5;1;293
18.07.2020 00:00:00;Vöcklabruck;417;136253;0;140;25;18,34822;0;4;0;107
18.07.2020 00:00:00;Wels-Land;418;73094;1;122;6;8,208608;0;0;1;100
18.07.2020 00:00:00;Salzburg(Stadt);501;154211;2;174;10;6,484622;0;1;1;148
18.07.2020 00:00:00;Hallein;502;60374;0;78;3;4,969027;0;1;0;74
18.07.2020 00:00:00;Salzburg-Umgebung;503;152281;2;231;14;9,19353;0;10;0;205
18.07.2020 00:00:00;Sankt Johann im Pongau;504;80573;1;448;7;8,687774;0;16;0;421
18.07.2020 00:00:00;Tamsweg;505;20320;0;22;0;0;0;0;0;22
18.07.2020 00:00:00;Zell am See;506;87462;0;370;3;3,430061;0;9;0;354
18.07.2020 00:00:00;Graz(Stadt);601;288806;0;560;29;10,04134;0;42;6;473
18.07.2020 00:00:00;Deutschlandsberg;603;60821;0;50;1;1,644169;0;2;0;47
18.07.2020 00:00:00;Graz-Umgebung;606;154260;1;255;4;2,593025;0;34;0;215
18.07.2020 00:00:00;Leibnitz;610;82484;0;190;2;2,424713;0;4;0;182
18.07.2020 00:00:00;Leoben;611;60060;0;31;5;8,325008;0;3;0;22
18.07.2020 00:00:00;Liezen;612;79901;0;95;5;6,257744;0;1;0;88
18.07.2020 00:00:00;Murau;614;27659;0;7;0;0;0;0;0;7
18.07.2020 00:00:00;Voitsberg;616;51161;0;106;0;0;0;5;0;101
18.07.2020 00:00:00;Weiz;617;90343;1;203;1;1,106893;0;18;0;183
18.07.2020 00:00:00;Murtal;620;72004;3;36;4;5,555247;0;1;0;31
18.07.2020 00:00:00;Bruck-Mürzzuschlag;621;98984;0;64;1;1,010264;0;3;2;59
18.07.2020 00:00:00;Hartberg-Fürstenfeld;622;90622;0;320;0;0;0;39;0;280
18.07.2020 00:00:00;Südoststeiermark;623;85947;0;68;1;1,163508;0;2;0;65
18.07.2020 00:00:00;Innsbruck-Stadt;701;132110;0;437;12;9,08334;0;6;0;414
18.07.2020 00:00:00;Imst;702;60056;0;297;1;1,665113;0;6;0;290
18.07.2020 00:00:00;Innsbruck-Land;703;179318;0;401;5;2,788342;0;13;0;380
18.07.2020 00:00:00;Kitzbühel;704;63881;0;372;0;0;0;11;0;360
18.07.2020 00:00:00;Kufstein;705;109682;0;529;1;0,9117267;0;35;0;492
18.07.2020 00:00:00;Landeck;706;44362;0;1004;6;13,52509;0;16;0;982
18.07.2020 00:00:00;Lienz;707;48753;0;156;2;4,102312;0;6;0;148
18.07.2020 00:00:00;Reutte;708;32670;0;57;0;0;0;1;0;56
18.07.2020 00:00:00;Schwaz;709;83873;0;357;0;0;0;14;0;340
18.07.2020 00:00:00;Bludenz;801;63714;0;259;1;1,569514;0;4;0;254
18.07.2020 00:00:00;Bregenz;802;134383;0;282;2;1,488284;0;10;0;268
18.07.2020 00:00:00;Dornbirn;803;89041;0;159;1;1,123078;0;4;0;154
18.07.2020 00:00:00;Feldkirch;804;107159;0;217;1;0,9331927;0;1;0;215
18.07.2020 00:00:00;Wien;900;1897491;26;4484;281;14,80903;0;217;20;3860
19.07.2020 00:00:00;Eisenstadt(Stadt);101;14637;0;19;0;0;0;0;0;19
19.07.2020 00:00:00;Rust(Stadt);102;1940;0;0;0;0;0;0;0;0
19.07.2020 00:00:00;Eisenstadt-Umgebung;103;42927;0;28;1;2,329536;0;1;0;24
19.07.2020 00:00:00;Güssing;104;25797;0;27;1;3,87642;0;0;0;27
19.07.2020 00:00:00;Jennersdorf;105;17066;0;10;0;0;0;0;0;10
19.07.2020 00:00:00;Mattersburg;106;39925;5;69;12;30,05636;0;1;0;56
19.07.2020 00:00:00;Neusiedl am See;107;59552;0;61;2;3,358409;0;4;0;54
19.07.2020 00:00:00;Oberpullendorf;108;37513;0;26;0;0;0;1;0;25
19.07.2020 00:00:00;Oberwart;109;54076;0;145;1;1,849249;0;4;0;138
19.07.2020 00:00:00;Klagenfurt Stadt;201;100817;0;101;1;0,9918962;0;3;0;91
19.07.2020 00:00:00;Villach Stadt;202;62243;0;23;0;0;0;0;0;23
19.07.2020 00:00:00;Hermagor;203;18224;0;5;0;0;0;0;0;5
19.07.2020 00:00:00;Klagenfurt Land;204;59800;0;51;1;1,672241;0;2;1;46
19.07.2020 00:00:00;Sankt Veit an der Glan;205;54555;0;53;0;0;0;0;0;52
19.07.2020 00:00:00;Spittal an der Drau;206;76091;0;45;0;0;0;1;0;44
19.07.2020 00:00:00;Villach Land;207;64668;0;50;0;0;0;2;0;47
19.07.2020 00:00:00;Völkermarkt;208;41878;0;55;0;0;0;4;0;51
19.07.2020 00:00:00;Wolfsberg;209;52726;0;50;2;3,793195;0;1;0;47
19.07.2020 00:00:00;Feldkirchen;210;29937;0;15;0;0;0;0;0;15
19.07.2020 00:00:00;Krems an der Donau(Stadt);301;24876;0;43;2;8,039878;0;3;0;38
19.07.2020 00:00:00;Sankt Pölten(Stadt);302;55044;0;106;6;10,90037;0;4;1;96
19.07.2020 00:00:00;Waidhofen an der Ybbs(Stadt);303;11261;0;25;0;0;0;3;0;22
19.07.2020 00:00:00;Wiener Neustadt(Stadt);304;45277;2;85;22;48,58979;0;0;0;60
19.07.2020 00:00:00;Amstetten;305;116114;0;308;1;0,8612226;0;16;0;286
19.07.2020 00:00:00;Baden;306;146203;2;212;13;8,891747;0;4;0;191
19.07.2020 00:00:00;Bruck an der Leitha;307;102010;0;125;2;1,960592;0;5;0;116
19.07.2020 00:00:00;Gänserndorf;308;103686;0;114;8;7,715603;0;3;0;101
19.07.2020 00:00:00;Gmünd;309;36773;0;16;1;2,719387;0;0;0;15
19.07.2020 00:00:00;Hollabrunn;310;50858;0;47;5;9,831295;0;0;0;42
19.07.2020 00:00:00;Horn;311;31090;0;96;31;99,71052;0;5;0;60
19.07.2020 00:00:00;Korneuburg;312;90889;0;188;1;1,100243;0;5;0;179
19.07.2020 00:00:00;Krems(Land);313;56596;0;164;2;3,533819;0;8;0;154
19.07.2020 00:00:00;Lilienfeld;314;25812;0;53;0;0;0;5;0;48
19.07.2020 00:00:00;Melk;315;77962;1;179;3;3,848028;0;4;0;170
19.07.2020 00:00:00;Mistelbach;316;75483;0;146;0;0;0;7;0;139
19.07.2020 00:00:00;Mödling;317;118998;1;218;8;6,722802;0;7;2;198
19.07.2020 00:00:00;Neunkirchen;318;86291;0;232;7;8,112086;0;7;1;213
19.07.2020 00:00:00;Sankt Pölten(Land);319;131044;0;281;4;3,05241;0;11;0;266
19.07.2020 00:00:00;Scheibbs;320;41403;0;104;0;0;0;1;0;103
19.07.2020 00:00:00;Tulln;321;103771;0;189;3;2,890981;0;6;0;178
19.07.2020 00:00:00;Waidhofen an der Thaya;322;25888;0;74;1;3,862794;0;2;0;71
19.07.2020 00:00:00;Wiener Neustadt(Land);323;77991;2;103;8;10,25759;0;6;2;86
19.07.2020 00:00:00;Zwettl;325;42222;0;73;0;0;0;2;0;71
19.07.2020 00:00:00;Linz(Stadt);401;205726;13;589;83;40,34492;0;13;8;435
19.07.2020 00:00:00;Steyr(Stadt);402;38193;0;74;0;0;0;2;0;63
19.07.2020 00:00:00;Wels(Stadt);403;61727;0;131;25;40,50092;0;0;0;79
19.07.2020 00:00:00;Braunau am Inn;404;104408;0;149;1;0,957781;0;3;0;136
19.07.2020 00:00:00;Eferding;405;33156;0;69;1;3,016045;0;6;0;56
19.07.2020 00:00:00;Freistadt;406;66621;0;137;6;9,006169;0;6;0;122
19.07.2020 00:00:00;Gmunden;407;101631;1;88;7;6,887662;0;2;0;76
19.07.2020 00:00:00;Grieskirchen;408;64721;0;91;4;6,180374;0;1;0;83
19.07.2020 00:00:00;Kirchdorf an der Krems;409;56866;1;64;8;14,06816;0;1;2;54
19.07.2020 00:00:00;Linz-Land;410;150273;1;459;63;41,9237;0;9;2;325
19.07.2020 00:00:00;Perg;411;68459;7;329;21;30,67529;0;3;0;275
19.07.2020 00:00:00;Ried im Innkreis;412;61204;0;77;3;4,90164;0;0;0;58
19.07.2020 00:00:00;Rohrbach;413;56524;0;162;3;5,30748;0;0;0;154
19.07.2020 00:00:00;Schärding;414;57307;0;66;1;1,744987;0;1;0;63
19.07.2020 00:00:00;Steyr-Land;415;60427;0;195;4;6,619557;0;7;0;176
19.07.2020 00:00:00;Urfahr-Umgebung;416;85505;0;320;8;9,356178;0;5;1;294
19.07.2020 00:00:00;Vöcklabruck;417;136253;8;148;32;23,48572;0;4;0;107
19.07.2020 00:00:00;Wels-Land;418;73094;0;122;3;4,104304;0;0;0;100
19.07.2020 00:00:00;Salzburg(Stadt);501;154211;0;174;10;6,484622;0;1;0;148
19.07.2020 00:00:00;Hallein;502;60374;0;78;3;4,969027;0;1;0;74
19.07.2020 00:00:00;Salzburg-Umgebung;503;152281;0;231;14;9,19353;0;10;0;205
19.07.2020 00:00:00;Sankt Johann im Pongau;504;80573;0;448;4;4,964442;0;16;0;421
19.07.2020 00:00:00;Tamsweg;505;20320;2;24;2;9,84252;0;0;0;22
19.07.2020 00:00:00;Zell am See;506;87462;0;370;3;3,430061;0;9;0;354
19.07.2020 00:00:00;Graz(Stadt);601;288806;3;563;31;10,73385;0;42;7;480
19.07.2020 00:00:00;Deutschlandsberg;603;60821;0;50;1;1,644169;0;2;0;47
19.07.2020 00:00:00;Graz-Umgebung;606;154260;0;255;4;2,593025;0;34;0;215
19.07.2020 00:00:00;Leibnitz;610;82484;0;190;2;2,424713;0;4;0;182
19.07.2020 00:00:00;Leoben;611;60060;0;31;5;8,325008;0;3;0;22
19.07.2020 00:00:00;Liezen;612;79901;1;96;6;7,509293;0;1;0;88
19.07.2020 00:00:00;Murau;614;27659;2;9;2;7,230919;0;0;0;7
19.07.2020 00:00:00;Voitsberg;616;51161;0;106;0;0;0;5;0;101
19.07.2020 00:00:00;Weiz;617;90343;0;203;1;1,106893;0;18;0;183
19.07.2020 00:00:00;Murtal;620;72004;0;36;4;5,555247;0;1;0;31
19.07.2020 00:00:00;Bruck-Mürzzuschlag;621;98984;0;64;1;1,010264;0;3;0;59
19.07.2020 00:00:00;Hartberg-Fürstenfeld;622;90622;0;320;0;0;0;39;0;280
19.07.2020 00:00:00;Südoststeiermark;623;85947;0;68;1;1,163508;0;2;0;65
19.07.2020 00:00:00;Innsbruck-Stadt;701;132110;0;437;8;6,05556;0;6;0;414
19.07.2020 00:00:00;Imst;702;60056;0;297;1;1,665113;0;6;0;290
19.07.2020 00:00:00;Innsbruck-Land;703;179318;0;401;3;1,673005;0;13;0;380
19.07.2020 00:00:00;Kitzbühel;704;63881;0;372;0;0;0;11;1;361
19.07.2020 00:00:00;Kufstein;705;109682;0;529;0;0;0;35;0;492
19.07.2020 00:00:00;Landeck;706;44362;0;1004;6;13,52509;0;16;0;982
19.07.2020 00:00:00;Lienz;707;48753;0;156;1;2,051156;0;6;0;148
19.07.2020 00:00:00;Reutte;708;32670;1;58;1;3,060912;0;1;0;56
19.07.2020 00:00:00;Schwaz;709;83873;0;357;0;0;0;14;0;340
19.07.2020 00:00:00;Bludenz;801;63714;0;259;1;1,569514;0;4;0;254
19.07.2020 00:00:00;Bregenz;802;134383;0;282;2;1,488284;0;10;1;269
19.07.2020 00:00:00;Dornbirn;803;89041;0;159;1;1,123078;0;4;1;155
19.07.2020 00:00:00;Feldkirch;804;107159;1;218;2;1,866385;0;1;0;215
19.07.2020 00:00:00;Wien;900;1897491;33;4517;292;15,38874;0;217;26;3886
20.07.2020 00:00:00;Eisenstadt(Stadt);101;14637;0;19;0;0;0;0;0;19
20.07.2020 00:00:00;Rust(Stadt);102;1940;0;0;0;0;0;0;0;0
20.07.2020 00:00:00;Eisenstadt-Umgebung;103;42927;0;28;1;2,329536;0;1;0;24
20.07.2020 00:00:00;Güssing;104;25797;0;27;1;3,87642;0;0;0;27
20.07.2020 00:00:00;Jennersdorf;105;17066;0;10;0;0;0;0;0;10
20.07.2020 00:00:00;Mattersburg;106;39925;4;73;16;40,07514;0;1;1;57
20.07.2020 00:00:00;Neusiedl am See;107;59552;0;61;2;3,358409;0;4;0;54
20.07.2020 00:00:00;Oberpullendorf;108;37513;0;26;0;0;0;1;0;25
20.07.2020 00:00:00;Oberwart;109;54076;0;145;1;1,849249;0;4;0;138
20.07.2020 00:00:00;Klagenfurt Stadt;201;100817;1;102;2;1,983792;0;3;2;93
20.07.2020 00:00:00;Villach Stadt;202;62243;1;24;1;1,606606;0;0;0;23
20.07.2020 00:00:00;Hermagor;203;18224;0;5;0;0;0;0;0;5
20.07.2020 00:00:00;Klagenfurt Land;204;59800;0;51;1;1,672241;0;2;1;47
20.07.2020 00:00:00;Sankt Veit an der Glan;205;54555;1;54;1;1,833013;0;0;0;52
20.07.2020 00:00:00;Spittal an der Drau;206;76091;0;45;0;0;0;1;0;44
20.07.2020 00:00:00;Villach Land;207;64668;1;51;1;1,54636;0;2;0;47
20.07.2020 00:00:00;Völkermarkt;208;41878;0;55;0;0;0;4;0;51
20.07.2020 00:00:00;Wolfsberg;209;52726;0;50;2;3,793195;0;1;0;47
20.07.2020 00:00:00;Feldkirchen;210;29937;0;15;0;0;0;0;0;15
20.07.2020 00:00:00;Krems an der Donau(Stadt);301;24876;0;43;2;8,039878;0;3;0;38
20.07.2020 00:00:00;Sankt Pölten(Stadt);302;55044;0;106;6;10,90037;0;4;0;96
20.07.2020 00:00:00;Waidhofen an der Ybbs(Stadt);303;11261;0;25;0;0;0;3;0;22
20.07.2020 00:00:00;Wiener Neustadt(Stadt);304;45277;1;86;23;50,79842;0;0;0;60
20.07.2020 00:00:00;Amstetten;305;116114;0;308;1;0,8612226;0;16;1;287
20.07.2020 00:00:00;Baden;306;146203;1;213;14;9,575727;0;4;0;191
20.07.2020 00:00:00;Bruck an der Leitha;307;102010;1;126;3;2,940888;0;5;1;117
20.07.2020 00:00:00;Gänserndorf;308;103686;0;114;8;7,715603;0;3;0;101
20.07.2020 00:00:00;Gmünd;309;36773;0;16;1;2,719387;0;0;0;15
20.07.2020 00:00:00;Hollabrunn;310;50858;0;47;5;9,831295;0;0;0;42
20.07.2020 00:00:00;Horn;311;31090;1;97;32;102,927;0;5;0;60
20.07.2020 00:00:00;Korneuburg;312;90889;1;189;2;2,200486;0;5;0;179
20.07.2020 00:00:00;Krems(Land);313;56596;2;166;4;7,067637;0;8;0;154
20.07.2020 00:00:00;Lilienfeld;314;25812;0;53;0;0;0;5;0;48
20.07.2020 00:00:00;Melk;315;77962;0;179;3;3,848028;0;4;2;172
20.07.2020 00:00:00;Mistelbach;316;75483;0;146;0;0;0;7;0;139
20.07.2020 00:00:00;Mödling;317;118998;0;218;7;5,882452;0;7;0;198
20.07.2020 00:00:00;Neunkirchen;318;86291;1;233;8;9,270955;0;7;0;213
20.07.2020 00:00:00;Sankt Pölten(Land);319;131044;1;282;4;3,05241;0;11;0;266
20.07.2020 00:00:00;Scheibbs;320;41403;0;104;0;0;0;1;0;103
20.07.2020 00:00:00;Tulln;321;103771;0;189;3;2,890981;0;6;0;178
20.07.2020 00:00:00;Waidhofen an der Thaya;322;25888;0;74;1;3,862794;0;2;0;71
20.07.2020 00:00:00;Wiener Neustadt(Land);323;77991;0;103;7;8,975394;0;6;0;86
20.07.2020 00:00:00;Zwettl;325;42222;0;73;0;0;0;2;0;71
20.07.2020 00:00:00;Linz(Stadt);401;205726;0;589;72;34,99801;0;13;5;440
20.07.2020 00:00:00;Steyr(Stadt);402;38193;0;74;0;0;0;2;1;64
20.07.2020 00:00:00;Wels(Stadt);403;61727;3;134;27;43,74099;0;0;3;82
20.07.2020 00:00:00;Braunau am Inn;404;104408;5;154;6;5,746686;0;3;4;140
20.07.2020 00:00:00;Eferding;405;33156;0;69;1;3,016045;0;6;2;58
20.07.2020 00:00:00;Freistadt;406;66621;1;138;7;10,5072;0;6;0;122
20.07.2020 00:00:00;Gmunden;407;101631;2;90;8;7,871614;0;2;3;79
20.07.2020 00:00:00;Grieskirchen;408;64721;0;91;4;6,180374;0;1;0;83
20.07.2020 00:00:00;Kirchdorf an der Krems;409;56866;0;64;8;14,06816;0;1;1;55
20.07.2020 00:00:00;Linz-Land;410;150273;1;460;55;36,60006;0;9;20;345
20.07.2020 00:00:00;Perg;411;68459;3;332;23;33,59675;0;3;1;276
20.07.2020 00:00:00;Ried im Innkreis;412;61204;0;77;3;4,90164;0;0;5;63
20.07.2020 00:00:00;Rohrbach;413;56524;0;162;3;5,30748;0;0;0;154
20.07.2020 00:00:00;Schärding;414;57307;0;66;1;1,744987;0;1;0;63
20.07.2020 00:00:00;Steyr-Land;415;60427;0;195;4;6,619557;0;7;0;176
20.07.2020 00:00:00;Urfahr-Umgebung;416;85505;1;321;8;9,356178;0;5;1;295
20.07.2020 00:00:00;Vöcklabruck;417;136253;4;152;35;25,68751;0;4;0;107
20.07.2020 00:00:00;Wels-Land;418;73094;1;123;4;5,472405;0;0;5;105
20.07.2020 00:00:00;Salzburg(Stadt);501;154211;0;174;10;6,484622;0;1;4;152
20.07.2020 00:00:00;Hallein;502;60374;2;80;5;8,281711;0;1;0;74
20.07.2020 00:00:00;Salzburg-Umgebung;503;152281;0;231;14;9,19353;0;10;1;206
20.07.2020 00:00:00;Sankt Johann im Pongau;504;80573;1;449;5;6,205553;0;16;0;421
20.07.2020 00:00:00;Tamsweg;505;20320;0;24;2;9,84252;0;0;0;22
20.07.2020 00:00:00;Zell am See;506;87462;0;370;3;3,430061;0;9;1;355
20.07.2020 00:00:00;Graz(Stadt);601;288806;2;565;32;11,0801;0;42;2;482
20.07.2020 00:00:00;Deutschlandsberg;603;60821;0;50;1;1,644169;0;2;0;47
20.07.2020 00:00:00;Graz-Umgebung;606;154260;0;255;4;2,593025;0;34;0;215
20.07.2020 00:00:00;Leibnitz;610;82484;1;191;3;3,637069;0;4;0;182
20.07.2020 00:00:00;Leoben;611;60060;0;31;5;8,325008;0;3;2;24
20.07.2020 00:00:00;Liezen;612;79901;6;102;12;15,01859;0;1;0;88
20.07.2020 00:00:00;Murau;614;27659;0;9;2;7,230919;0;0;0;7
20.07.2020 00:00:00;Voitsberg;616;51161;0;106;0;0;0;5;0;101
20.07.2020 00:00:00;Weiz;617;90343;1;204;2;2,213785;0;18;0;183
20.07.2020 00:00:00;Murtal;620;72004;0;36;4;5,555247;0;1;0;31
20.07.2020 00:00:00;Bruck-Mürzzuschlag;621;98984;0;64;0;0;0;3;0;59
20.07.2020 00:00:00;Hartberg-Fürstenfeld;622;90622;0;320;0;0;0;39;0;280
20.07.2020 00:00:00;Südoststeiermark;623;85947;0;68;1;1,163508;0;2;0;65
20.07.2020 00:00:00;Innsbruck-Stadt;701;132110;1;438;9;6,812505;0;6;3;417
20.07.2020 00:00:00;Imst;702;60056;0;297;1;1,665113;0;6;0;290
20.07.2020 00:00:00;Innsbruck-Land;703;179318;1;402;3;1,673005;0;13;0;380
20.07.2020 00:00:00;Kitzbühel;704;63881;0;372;0;0;0;11;0;361
20.07.2020 00:00:00;Kufstein;705;109682;0;529;0;0;0;35;0;492
20.07.2020 00:00:00;Landeck;706;44362;0;1004;6;13,52509;0;16;1;983
20.07.2020 00:00:00;Lienz;707;48753;0;156;1;2,051156;0;6;0;148
20.07.2020 00:00:00;Reutte;708;32670;0;58;1;3,060912;0;1;0;56
20.07.2020 00:00:00;Schwaz;709;83873;0;357;0;0;0;14;1;341
20.07.2020 00:00:00;Bludenz;801;63714;0;259;1;1,569514;0;4;0;254
20.07.2020 00:00:00;Bregenz;802;134383;0;282;1;0,7441418;0;10;1;270
20.07.2020 00:00:00;Dornbirn;803;89041;0;159;0;0;0;4;0;155
20.07.2020 00:00:00;Feldkirch;804;107159;0;218;2;1,866385;0;1;0;215
20.07.2020 00:00:00;Wien;900;1897491;35;4552;308;16,23196;1;218;28;3914
21.07.2020 00:00:00;Eisenstadt(Stadt);101;14637;0;19;0;0;0;0;0;19
21.07.2020 00:00:00;Rust(Stadt);102;1940;0;0;0;0;0;0;0;0
21.07.2020 00:00:00;Eisenstadt-Umgebung;103;42927;0;28;1;2,329536;0;1;0;24
21.07.2020 00:00:00;Güssing;104;25797;0;27;1;3,87642;0;0;0;27
21.07.2020 00:00:00;Jennersdorf;105;17066;0;10;0;0;0;0;0;10
21.07.2020 00:00:00;Mattersburg;106;39925;1;74;17;42,57984;0;1;2;59
21.07.2020 00:00:00;Neusiedl am See;107;59552;0;61;0;0;0;4;0;54
21.07.2020 00:00:00;Oberpullendorf;108;37513;0;26;0;0;0;1;0;25
21.07.2020 00:00:00;Oberwart;109;54076;0;145;1;1,849249;0;4;0;138
21.07.2020 00:00:00;Klagenfurt Stadt;201;100817;0;102;2;1,983792;0;3;0;93
21.07.2020 00:00:00;Villach Stadt;202;62243;0;24;1;1,606606;0;0;1;24
21.07.2020 00:00:00;Hermagor;203;18224;0;5;0;0;0;0;0;5
21.07.2020 00:00:00;Klagenfurt Land;204;59800;0;51;1;1,672241;0;2;0;47
21.07.2020 00:00:00;Sankt Veit an der Glan;205;54555;0;54;1;1,833013;0;0;0;52
21.07.2020 00:00:00;Spittal an der Drau;206;76091;0;45;0;0;0;1;0;44
21.07.2020 00:00:00;Villach Land;207;64668;0;51;1;1,54636;0;2;0;47
21.07.2020 00:00:00;Völkermarkt;208;41878;0;55;0;0;0;4;0;51
21.07.2020 00:00:00;Wolfsberg;209;52726;0;50;2;3,793195;0;1;0;47
21.07.2020 00:00:00;Feldkirchen;210;29937;0;15;0;0;0;0;0;15
21.07.2020 00:00:00;Krems an der Donau(Stadt);301;24876;1;44;3;12,05982;0;3;0;38
21.07.2020 00:00:00;Sankt Pölten(Stadt);302;55044;0;106;6;10,90037;0;4;0;96
21.07.2020 00:00:00;Waidhofen an der Ybbs(Stadt);303;11261;0;25;0;0;0;3;0;22
21.07.2020 00:00:00;Wiener Neustadt(Stadt);304;45277;2;88;23;50,79842;0;0;0;60
21.07.2020 00:00:00;Amstetten;305;116114;0;308;1;0,8612226;0;16;2;289
21.07.2020 00:00:00;Baden;306;146203;0;213;14;9,575727;0;4;2;193
21.07.2020 00:00:00;Bruck an der Leitha;307;102010;0;126;3;2,940888;0;5;0;117
21.07.2020 00:00:00;Gänserndorf;308;103686;1;115;8;7,715603;0;3;1;102
21.07.2020 00:00:00;Gmünd;309;36773;0;16;1;2,719387;0;0;0;15
21.07.2020 00:00:00;Hollabrunn;310;50858;0;47;5;9,831295;0;0;0;42
21.07.2020 00:00:00;Horn;311;31090;0;97;32;102,927;0;5;0;60
21.07.2020 00:00:00;Korneuburg;312;90889;0;189;2;2,200486;0;5;0;179
21.07.2020 00:00:00;Krems(Land);313;56596;3;169;7;12,36837;0;8;0;154
21.07.2020 00:00:00;Lilienfeld;314;25812;0;53;0;0;0;5;0;48
21.07.2020 00:00:00;Melk;315;77962;2;181;5;6,413381;0;4;1;173
21.07.2020 00:00:00;Mistelbach;316;75483;0;146;0;0;0;7;0;139
21.07.2020 00:00:00;Mödling;317;118998;1;219;7;5,882452;0;7;0;198
21.07.2020 00:00:00;Neunkirchen;318;86291;0;233;7;8,112086;0;7;0;213
21.07.2020 00:00:00;Sankt Pölten(Land);319;131044;0;282;4;3,05241;0;11;1;267
21.07.2020 00:00:00;Scheibbs;320;41403;0;104;0;0;0;1;0;103
21.07.2020 00:00:00;Tulln;321;103771;0;189;3;2,890981;0;6;0;178
21.07.2020 00:00:00;Waidhofen an der Thaya;322;25888;1;75;2;7,725587;0;2;0;71
21.07.2020 00:00:00;Wiener Neustadt(Land);323;77991;1;104;7;8,975394;0;6;0;86
21.07.2020 00:00:00;Zwettl;325;42222;0;73;0;0;0;2;0;71
21.07.2020 00:00:00;Linz(Stadt);401;205726;22;611;92;44,71968;0;13;22;462
21.07.2020 00:00:00;Steyr(Stadt);402;38193;0;74;0;0;0;2;0;64
21.07.2020 00:00:00;Wels(Stadt);403;61727;3;137;25;40,50092;0;0;6;88
21.07.2020 00:00:00;Braunau am Inn;404;104408;1;155;7;6,704467;0;3;0;140
21.07.2020 00:00:00;Eferding;405;33156;0;69;1;3,016045;0;6;3;61
21.07.2020 00:00:00;Freistadt;406;66621;0;138;7;10,5072;0;6;0;122
21.07.2020 00:00:00;Gmunden;407;101631;0;90;8;7,871614;0;2;1;80
21.07.2020 00:00:00;Grieskirchen;408;64721;0;91;4;6,180374;0;1;1;84
21.07.2020 00:00:00;Kirchdorf an der Krems;409;56866;0;64;8;14,06816;0;1;1;56
21.07.2020 00:00:00;Linz-Land;410;150273;5;465;51;33,93823;0;9;9;354
21.07.2020 00:00:00;Perg;411;68459;9;341;31;45,28258;0;3;17;293
21.07.2020 00:00:00;Ried im Innkreis;412;61204;0;77;3;4,90164;0;0;0;63
21.07.2020 00:00:00;Rohrbach;413;56524;0;162;3;5,30748;0;0;0;154
21.07.2020 00:00:00;Schärding;414;57307;0;66;0;0;0;1;1;64
21.07.2020 00:00:00;Steyr-Land;415;60427;0;195;3;4,964668;0;7;0;176
21.07.2020 00:00:00;Urfahr-Umgebung;416;85505;4;325;11;12,86475;0;5;4;299
21.07.2020 00:00:00;Vöcklabruck;417;136253;7;159;42;30,82501;0;4;1;108
21.07.2020 00:00:00;Wels-Land;418;73094;1;124;5;6,840507;0;0;0;105
21.07.2020 00:00:00;Salzburg(Stadt);501;154211;6;180;15;9,726933;0;1;3;155
21.07.2020 00:00:00;Hallein;502;60374;0;80;5;8,281711;0;1;0;74
21.07.2020 00:00:00;Salzburg-Umgebung;503;152281;1;232;11;7,223488;0;10;1;207
21.07.2020 00:00:00;Sankt Johann im Pongau;504;80573;0;449;4;4,964442;0;16;1;422
21.07.2020 00:00:00;Tamsweg;505;20320;2;26;4;19,68504;0;0;0;22
21.07.2020 00:00:00;Zell am See;506;87462;0;370;3;3,430061;0;9;2;357
21.07.2020 00:00:00;Graz(Stadt);601;288806;1;566;26;9,002584;0;42;11;493
21.07.2020 00:00:00;Deutschlandsberg;603;60821;2;52;2;3,288338;0;2;0;47
21.07.2020 00:00:00;Graz-Umgebung;606;154260;2;257;6;3,889537;0;34;2;217
21.07.2020 00:00:00;Leibnitz;610;82484;2;193;4;4,849425;0;4;0;182
21.07.2020 00:00:00;Leoben;611;60060;0;31;5;8,325008;0;3;0;24
21.07.2020 00:00:00;Liezen;612;79901;3;105;14;17,52168;0;1;0;88
21.07.2020 00:00:00;Murau;614;27659;0;9;2;7,230919;0;0;0;7
21.07.2020 00:00:00;Voitsberg;616;51161;0;106;0;0;0;5;0;101
21.07.2020 00:00:00;Weiz;617;90343;0;204;2;2,213785;0;18;0;183
21.07.2020 00:00:00;Murtal;620;72004;6;42;10;13,88812;0;1;0;31
21.07.2020 00:00:00;Bruck-Mürzzuschlag;621;98984;0;64;0;0;0;3;0;59
21.07.2020 00:00:00;Hartberg-Fürstenfeld;622;90622;0;320;0;0;0;39;0;280
21.07.2020 00:00:00;Südoststeiermark;623;85947;0;68;1;1,163508;0;2;0;65
21.07.2020 00:00:00;Innsbruck-Stadt;701;132110;2;440;8;6,05556;0;6;2;419
21.07.2020 00:00:00;Imst;702;60056;0;297;1;1,665113;0;6;0;290
21.07.2020 00:00:00;Innsbruck-Land;703;179318;2;404;5;2,788342;0;13;0;380
21.07.2020 00:00:00;Kitzbühel;704;63881;0;372;0;0;0;11;0;361
21.07.2020 00:00:00;Kufstein;705;109682;1;530;1;0,9117267;0;35;0;492
21.07.2020 00:00:00;Landeck;706;44362;3;1007;9;20,28763;0;16;0;983
21.07.2020 00:00:00;Lienz;707;48753;0;156;0;0;0;6;0;148
21.07.2020 00:00:00;Reutte;708;32670;5;63;6;18,36547;0;1;0;56
21.07.2020 00:00:00;Schwaz;709;83873;1;358;1;1,192279;0;14;2;343
21.07.2020 00:00:00;Bludenz;801;63714;0;259;1;1,569514;0;4;0;254
21.07.2020 00:00:00;Bregenz;802;134383;0;282;1;0,7441418;0;10;1;271
21.07.2020 00:00:00;Dornbirn;803;89041;0;159;0;0;0;4;0;155
21.07.2020 00:00:00;Feldkirch;804;107159;0;218;2;1,866385;0;1;0;215
21.07.2020 00:00:00;Wien;900;1897491;34;4586;292;15,38874;0;218;28;3942
22.07.2020 00:00:00;Eisenstadt(Stadt);101;14637;0;19;0;0;0;0;0;19
22.07.2020 00:00:00;Rust(Stadt);102;1940;0;0;0;0;0;0;0;0
22.07.2020 00:00:00;Eisenstadt-Umgebung;103;42927;0;28;1;2,329536;0;1;1;25
22.07.2020 00:00:00;Güssing;104;25797;0;27;1;3,87642;0;0;0;27
22.07.2020 00:00:00;Jennersdorf;105;17066;0;10;0;0;0;0;0;10
22.07.2020 00:00:00;Mattersburg;106;39925;0;74;14;35,06575;0;1;0;59
22.07.2020 00:00:00;Neusiedl am See;107;59552;1;62;1;1,679205;0;4;0;54
22.07.2020 00:00:00;Oberpullendorf;108;37513;0;26;0;0;0;1;0;25
22.07.2020 00:00:00;Oberwart;109;54076;0;145;0;0;0;4;0;138
22.07.2020 00:00:00;Klagenfurt Stadt;201;100817;0;102;2;1,983792;0;3;0;93
22.07.2020 00:00:00;Villach Stadt;202;62243;0;24;1;1,606606;0;0;0;24
22.07.2020 00:00:00;Hermagor;203;18224;0;5;0;0;0;0;0;5
22.07.2020 00:00:00;Klagenfurt Land;204;59800;0;51;1;1,672241;0;2;0;47
22.07.2020 00:00:00;Sankt Veit an der Glan;205;54555;0;54;1;1,833013;0;0;0;52
22.07.2020 00:00:00;Spittal an der Drau;206;76091;0;45;0;0;0;1;0;44
22.07.2020 00:00:00;Villach Land;207;64668;0;51;1;1,54636;0;2;0;47
22.07.2020 00:00:00;Völkermarkt;208;41878;0;55;0;0;0;4;0;51
22.07.2020 00:00:00;Wolfsberg;209;52726;0;50;1;1,896598;0;1;0;47
22.07.2020 00:00:00;Feldkirchen;210;29937;0;15;0;0;0;0;0;15
22.07.2020 00:00:00;Krems an der Donau(Stadt);301;24876;0;44;3;12,05982;0;3;0;38
22.07.2020 00:00:00;Sankt Pölten(Stadt);302;55044;0;106;6;10,90037;0;4;0;96
22.07.2020 00:00:00;Waidhofen an der Ybbs(Stadt);303;11261;0;25;0;0;0;3;0;22
22.07.2020 00:00:00;Wiener Neustadt(Stadt);304;45277;0;88;20;44,17254;0;0;0;60
22.07.2020 00:00:00;Amstetten;305;116114;2;310;3;2,583668;0;16;1;290
22.07.2020 00:00:00;Baden;306;146203;0;213;11;7,523786;0;4;1;194
22.07.2020 00:00:00;Bruck an der Leitha;307;102010;0;126;3;2,940888;0;5;0;117
22.07.2020 00:00:00;Gänserndorf;308;103686;3;118;8;7,715603;0;3;0;102
22.07.2020 00:00:00;Gmünd;309;36773;0;16;0;0;0;0;0;15
22.07.2020 00:00:00;Hollabrunn;310;50858;0;47;3;5,898777;0;0;0;42
22.07.2020 00:00:00;Horn;311;31090;0;97;29;93,27758;0;5;0;60
22.07.2020 00:00:00;Korneuburg;312;90889;2;191;4;4,400973;0;5;2;181
22.07.2020 00:00:00;Krems(Land);313;56596;3;172;10;17,66909;0;8;0;154
22.07.2020 00:00:00;Lilienfeld;314;25812;0;53;0;0;0;5;0;48
22.07.2020 00:00:00;Melk;315;77962;1;182;6;7,696057;0;4;0;173
22.07.2020 00:00:00;Mistelbach;316;75483;0;146;0;0;0;7;0;139
22.07.2020 00:00:00;Mödling;317;118998;4;223;8;6,722802;0;7;1;199
22.07.2020 00:00:00;Neunkirchen;318;86291;0;233;3;3,476608;0;7;2;215
22.07.2020 00:00:00;Sankt Pölten(Land);319;131044;0;282;4;3,05241;0;11;0;267
22.07.2020 00:00:00;Scheibbs;320;41403;0;104;0;0;0;1;0;103
22.07.2020 00:00:00;Tulln;321;103771;3;192;6;5,781962;0;6;0;178
22.07.2020 00:00:00;Waidhofen an der Thaya;322;25888;0;75;2;7,725587;0;2;0;71
22.07.2020 00:00:00;Wiener Neustadt(Land);323;77991;1;105;8;10,25759;0;6;1;87
22.07.2020 00:00:00;Zwettl;325;42222;0;73;0;0;0;2;0;71
22.07.2020 00:00:00;Linz(Stadt);401;205726;11;622;93;45,20576;0;13;7;469
22.07.2020 00:00:00;Steyr(Stadt);402;38193;0;74;0;0;0;2;1;65
22.07.2020 00:00:00;Wels(Stadt);403;61727;2;139;25;40,50092;0;0;11;99
22.07.2020 00:00:00;Braunau am Inn;404;104408;1;156;8;7,662248;0;3;1;141
22.07.2020 00:00:00;Eferding;405;33156;2;71;2;6,032091;0;6;1;62
22.07.2020 00:00:00;Freistadt;406;66621;3;141;10;15,01028;0;6;2;124
22.07.2020 00:00:00;Gmunden;407;101631;4;94;12;11,80742;0;2;1;81
22.07.2020 00:00:00;Grieskirchen;408;64721;0;91;4;6,180374;0;1;0;84
22.07.2020 00:00:00;Kirchdorf an der Krems;409;56866;0;64;2;3,51704;0;1;0;56
22.07.2020 00:00:00;Linz-Land;410;150273;15;480;59;39,26188;0;9;9;363
22.07.2020 00:00:00;Perg;411;68459;0;341;30;43,82185;0;3;1;294
22.07.2020 00:00:00;Ried im Innkreis;412;61204;0;77;2;3,26776;0;0;7;70
22.07.2020 00:00:00;Rohrbach;413;56524;3;165;4;7,07664;0;0;3;157
22.07.2020 00:00:00;Schärding;414;57307;0;66;0;0;0;1;0;64
22.07.2020 00:00:00;Steyr-Land;415;60427;1;196;3;4,964668;0;7;1;177
22.07.2020 00:00:00;Urfahr-Umgebung;416;85505;7;332;18;21,0514;0;5;1;300
22.07.2020 00:00:00;Vöcklabruck;417;136253;3;162;44;32,29287;0;4;1;109
22.07.2020 00:00:00;Wels-Land;418;73094;0;124;4;5,472405;0;0;4;109
22.07.2020 00:00:00;Salzburg(Stadt);501;154211;4;184;19;12,32078;0;1;3;158
22.07.2020 00:00:00;Hallein;502;60374;0;80;5;8,281711;0;1;0;74
22.07.2020 00:00:00;Salzburg-Umgebung;503;152281;1;233;7;4,596765;0;10;2;209
22.07.2020 00:00:00;Sankt Johann im Pongau;504;80573;0;449;3;3,723332;0;16;0;422
22.07.2020 00:00:00;Tamsweg;505;20320;0;26;4;19,68504;0;0;0;22
22.07.2020 00:00:00;Zell am See;506;87462;0;370;2;2,286707;0;9;0;357
22.07.2020 00:00:00;Graz(Stadt);601;288806;4;570;23;7,963823;0;42;1;494
22.07.2020 00:00:00;Deutschlandsberg;603;60821;0;52;2;3,288338;0;2;0;47
22.07.2020 00:00:00;Graz-Umgebung;606;154260;0;257;6;3,889537;0;34;0;217
22.07.2020 00:00:00;Leibnitz;610;82484;1;194;5;6,061782;0;4;0;182
22.07.2020 00:00:00;Leoben;611;60060;1;32;1;1,665002;0;3;0;24
22.07.2020 00:00:00;Liezen;612;79901;2;107;16;20,02478;0;1;0;88
22.07.2020 00:00:00;Murau;614;27659;0;9;2;7,230919;0;0;0;7
22.07.2020 00:00:00;Voitsberg;616;51161;0;106;0;0;0;5;0;101
22.07.2020 00:00:00;Weiz;617;90343;0;204;2;2,213785;0;18;0;183
22.07.2020 00:00:00;Murtal;620;72004;4;46;14;19,44337;0;1;0;31
22.07.2020 00:00:00;Bruck-Mürzzuschlag;621;98984;0;64;0;0;0;3;0;59
22.07.2020 00:00:00;Hartberg-Fürstenfeld;622;90622;0;320;0;0;0;39;0;280
22.07.2020 00:00:00;Südoststeiermark;623;85947;0;68;1;1,163508;0;2;0;65
22.07.2020 00:00:00;Innsbruck-Stadt;701;132110;0;440;7;5,298615;0;6;1;420
22.07.2020 00:00:00;Imst;702;60056;0;297;1;1,665113;0;6;0;290
22.07.2020 00:00:00;Innsbruck-Land;703;179318;1;405;5;2,788342;0;13;0;380
22.07.2020 00:00:00;Kitzbühel;704;63881;2;374;2;3,130821;0;11;0;361
22.07.2020 00:00:00;Kufstein;705;109682;0;530;1;0,9117267;0;35;0;492
22.07.2020 00:00:00;Landeck;706;44362;0;1007;9;20,28763;0;16;0;983
22.07.2020 00:00:00;Lienz;707;48753;0;156;0;0;0;6;0;148
22.07.2020 00:00:00;Reutte;708;32670;0;63;6;18,36547;0;1;0;56
22.07.2020 00:00:00;Schwaz;709;83873;0;358;1;1,192279;0;14;0;343
22.07.2020 00:00:00;Bludenz;801;63714;2;261;3;4,708541;0;4;0;254
22.07.2020 00:00:00;Bregenz;802;134383;0;282;1;0,7441418;0;10;0;271
22.07.2020 00:00:00;Dornbirn;803;89041;1;160;1;1,123078;0;4;0;155
22.07.2020 00:00:00;Feldkirch;804;107159;5;223;7;6,532349;0;1;0;215
22.07.2020 00:00:00;Wien;900;1897491;62;4648;316;16,65357;0;218;22;3964
23.07.2020 00:00:00;Eisenstadt(Stadt);101;14637;0;19;0;0;0;0;0;19
23.07.2020 00:00:00;Rust(Stadt);102;1940;0;0;0;0;0;0;0;0
23.07.2020 00:00:00;Eisenstadt-Umgebung;103;42927;0;28;1;2,329536;0;1;1;26
23.07.2020 00:00:00;Güssing;104;25797;0;27;0;0;0;0;0;27
23.07.2020 00:00:00;Jennersdorf;105;17066;0;10;0;0;0;0;0;10
23.07.2020 00:00:00;Mattersburg;106;39925;1;75;15;37,57045;0;1;0;59
23.07.2020 00:00:00;Neusiedl am See;107;59552;1;63;2;3,358409;0;4;0;54
23.07.2020 00:00:00;Oberpullendorf;108;37513;0;26;0;0;0;1;0;25
23.07.2020 00:00:00;Oberwart;109;54076;0;145;0;0;0;4;0;138
23.07.2020 00:00:00;Klagenfurt Stadt;201;100817;0;102;2;1,983792;0;3;3;96
23.07.2020 00:00:00;Villach Stadt;202;62243;0;24;1;1,606606;0;0;0;24
23.07.2020 00:00:00;Hermagor;203;18224;0;5;0;0;0;0;0;5
23.07.2020 00:00:00;Klagenfurt Land;204;59800;0;51;0;0;0;2;0;47
23.07.2020 00:00:00;Sankt Veit an der Glan;205;54555;0;54;1;1,833013;0;0;0;52
23.07.2020 00:00:00;Spittal an der Drau;206;76091;0;45;0;0;0;1;0;44
23.07.2020 00:00:00;Villach Land;207;64668;0;51;1;1,54636;0;2;0;47
23.07.2020 00:00:00;Völkermarkt;208;41878;0;55;0;0;0;4;0;51
23.07.2020 00:00:00;Wolfsberg;209;52726;0;50;1;1,896598;0;1;0;47
23.07.2020 00:00:00;Feldkirchen;210;29937;0;15;0;0;0;0;0;15
23.07.2020 00:00:00;Krems an der Donau(Stadt);301;24876;1;45;4;16,07976;0;3;0;38
23.07.2020 00:00:00;Sankt Pölten(Stadt);302;55044;0;106;5;9,083642;0;4;0;96
23.07.2020 00:00:00;Waidhofen an der Ybbs(Stadt);303;11261;0;25;0;0;0;3;0;22
23.07.2020 00:00:00;Wiener Neustadt(Stadt);304;45277;0;88;11;24,2949;0;0;0;60
23.07.2020 00:00:00;Amstetten;305;116114;3;313;6;5,167336;0;16;0;290
23.07.2020 00:00:00;Baden;306;146203;2;215;13;8,891747;0;4;1;195
23.07.2020 00:00:00;Bruck an der Leitha;307;102010;1;127;4;3,921184;0;5;1;118
23.07.2020 00:00:00;Gänserndorf;308;103686;3;121;8;7,715603;0;3;0;102
23.07.2020 00:00:00;Gmünd;309;36773;0;16;0;0;0;0;0;15
23.07.2020 00:00:00;Hollabrunn;310;50858;0;47;2;3,932518;0;0;0;42
23.07.2020 00:00:00;Horn;311;31090;0;97;25;80,41171;0;5;0;60
23.07.2020 00:00:00;Korneuburg;312;90889;0;191;4;4,400973;0;5;0;181
23.07.2020 00:00:00;Krems(Land);313;56596;0;172;9;15,90218;0;8;0;154
23.07.2020 00:00:00;Lilienfeld;314;25812;0;53;0;0;0;5;0;48
23.07.2020 00:00:00;Melk;315;77962;3;185;9;11,54409;0;4;0;173
23.07.2020 00:00:00;Mistelbach;316;75483;0;146;0;0;0;7;0;139
23.07.2020 00:00:00;Mödling;317;118998;1;224;8;6,722802;0;7;1;200
23.07.2020 00:00:00;Neunkirchen;318;86291;1;234;3;3,476608;0;7;0;215
23.07.2020 00:00:00;Sankt Pölten(Land);319;131044;0;282;2;1,526205;0;11;0;267
23.07.2020 00:00:00;Scheibbs;320;41403;0;104;0;0;0;1;0;103
23.07.2020 00:00:00;Tulln;321;103771;0;192;5;4,818302;0;6;0;178
23.07.2020 00:00:00;Waidhofen an der Thaya;322;25888;0;75;2;7,725587;0;2;0;71
23.07.2020 00:00:00;Wiener Neustadt(Land);323;77991;0;105;5;6,410996;0;6;0;87
23.07.2020 00:00:00;Zwettl;325;42222;0;73;0;0;0;2;0;71
23.07.2020 00:00:00;Linz(Stadt);401;205726;19;641;101;49,09443;0;13;13;482
23.07.2020 00:00:00;Steyr(Stadt);402;38193;0;74;0;0;0;2;6;71
23.07.2020 00:00:00;Wels(Stadt);403;61727;0;139;20;32,40073;0;0;3;102
23.07.2020 00:00:00;Braunau am Inn;404;104408;3;159;11;10,53559;0;3;0;141
23.07.2020 00:00:00;Eferding;405;33156;5;76;7;21,11232;0;6;0;62
23.07.2020 00:00:00;Freistadt;406;66621;0;141;10;15,01028;0;6;0;124
23.07.2020 00:00:00;Gmunden;407;101631;1;95;12;11,80742;0;2;0;81
23.07.2020 00:00:00;Grieskirchen;408;64721;0;91;4;6,180374;0;1;0;84
23.07.2020 00:00:00;Kirchdorf an der Krems;409;56866;0;64;2;3,51704;0;1;1;57
23.07.2020 00:00:00;Linz-Land;410;150273;1;481;47;31,27641;0;9;5;368
23.07.2020 00:00:00;Perg;411;68459;0;341;27;39,43966;0;3;3;297
23.07.2020 00:00:00;Ried im Innkreis;412;61204;0;77;2;3,26776;0;0;1;71
23.07.2020 00:00:00;Rohrbach;413;56524;2;167;6;10,61496;0;0;1;158
23.07.2020 00:00:00;Schärding;414;57307;0;66;0;0;0;1;0;64
23.07.2020 00:00:00;Steyr-Land;415;60427;0;196;1;1,654889;0;7;1;178
23.07.2020 00:00:00;Urfahr-Umgebung;416;85505;0;332;17;19,88188;0;5;0;300
23.07.2020 00:00:00;Vöcklabruck;417;136253;4;166;47;34,49465;0;4;3;112
23.07.2020 00:00:00;Wels-Land;418;73094;2;126;5;6,840507;0;0;0;109
23.07.2020 00:00:00;Salzburg(Stadt);501;154211;3;187;21;13,61771;0;1;3;161
23.07.2020 00:00:00;Hallein;502;60374;0;80;4;6,625369;0;1;0;74
23.07.2020 00:00:00;Salzburg-Umgebung;503;152281;2;235;9;5,910127;0;10;1;210
23.07.2020 00:00:00;Sankt Johann im Pongau;504;80573;0;449;3;3,723332;0;16;1;423
23.07.2020 00:00:00;Tamsweg;505;20320;0;26;4;19,68504;0;0;0;22
23.07.2020 00:00:00;Zell am See;506;87462;0;370;2;2,286707;0;9;2;359
23.07.2020 00:00:00;Graz(Stadt);601;288806;1;571;20;6,925064;0;42;3;497
23.07.2020 00:00:00;Deutschlandsberg;603;60821;2;54;4;6,576676;0;2;0;47
23.07.2020 00:00:00;Graz-Umgebung;606;154260;1;258;6;3,889537;0;34;1;218
23.07.2020 00:00:00;Leibnitz;610;82484;0;194;4;4,849425;0;4;1;183
23.07.2020 00:00:00;Leoben;611;60060;5;37;6;9,99001;0;3;1;25
23.07.2020 00:00:00;Liezen;612;79901;1;108;14;17,52168;0;1;0;88
23.07.2020 00:00:00;Murau;614;27659;0;9;2;7,230919;0;0;0;7
23.07.2020 00:00:00;Voitsberg;616;51161;0;106;0;0;0;5;0;101
23.07.2020 00:00:00;Weiz;617;90343;0;204;2;2,213785;0;18;0;183
23.07.2020 00:00:00;Murtal;620;72004;5;51;19;26,38742;0;1;0;31
23.07.2020 00:00:00;Bruck-Mürzzuschlag;621;98984;0;64;0;0;0;3;0;59
23.07.2020 00:00:00;Hartberg-Fürstenfeld;622;90622;0;320;0;0;0;39;1;281
23.07.2020 00:00:00;Südoststeiermark;623;85947;0;68;1;1,163508;0;2;0;65
23.07.2020 00:00:00;Innsbruck-Stadt;701;132110;1;441;7;5,298615;0;6;0;420
23.07.2020 00:00:00;Imst;702;60056;0;297;1;1,665113;0;6;0;290
23.07.2020 00:00:00;Innsbruck-Land;703;179318;3;408;7;3,90368;0;13;1;381
23.07.2020 00:00:00;Kitzbühel;704;63881;0;374;2;3,130821;0;11;0;361
23.07.2020 00:00:00;Kufstein;705;109682;0;530;1;0,9117267;0;35;1;493
23.07.2020 00:00:00;Landeck;706;44362;0;1007;8;18,03345;0;16;2;985
23.07.2020 00:00:00;Lienz;707;48753;0;156;0;0;0;6;0;148
23.07.2020 00:00:00;Reutte;708;32670;0;63;6;18,36547;0;1;0;56
23.07.2020 00:00:00;Schwaz;709;83873;0;358;1;1,192279;0;14;0;343
23.07.2020 00:00:00;Bludenz;801;63714;0;261;3;4,708541;0;4;0;254
23.07.2020 00:00:00;Bregenz;802;134383;0;282;0;0;0;10;1;272
23.07.2020 00:00:00;Dornbirn;803;89041;0;160;1;1,123078;0;4;0;155
23.07.2020 00:00:00;Feldkirch;804;107159;1;224;7;6,532349;0;1;0;215
23.07.2020 00:00:00;Wien;900;1897491;38;4686;305;16,07386;1;219;28;3992
24.07.2020 00:00:00;Eisenstadt(Stadt);101;14637;0;19;0;0;0;0;0;19
24.07.2020 00:00:00;Rust(Stadt);102;1940;0;0;0;0;0;0;0;0
24.07.2020 00:00:00;Eisenstadt-Umgebung;103;42927;0;28;1;2,329536;0;1;0;26
24.07.2020 00:00:00;Güssing;104;25797;0;27;0;0;0;0;0;27
24.07.2020 00:00:00;Jennersdorf;105;17066;0;10;0;0;0;0;0;10
24.07.2020 00:00:00;Mattersburg;106;39925;0;75;14;35,06575;0;1;0;59
24.07.2020 00:00:00;Neusiedl am See;107;59552;2;65;4;6,716819;0;4;0;54
24.07.2020 00:00:00;Oberpullendorf;108;37513;0;26;0;0;0;1;0;25
24.07.2020 00:00:00;Oberwart;109;54076;0;145;0;0;0;4;0;138
24.07.2020 00:00:00;Klagenfurt Stadt;201;100817;0;102;2;1,983792;0;3;1;97
24.07.2020 00:00:00;Villach Stadt;202;62243;0;24;1;1,606606;0;0;0;24
24.07.2020 00:00:00;Hermagor;203;18224;0;5;0;0;0;0;0;5
24.07.2020 00:00:00;Klagenfurt Land;204;59800;0;51;0;0;0;2;0;47
24.07.2020 00:00:00;Sankt Veit an der Glan;205;54555;0;54;1;1,833013;0;0;0;52
24.07.2020 00:00:00;Spittal an der Drau;206;76091;0;45;0;0;0;1;0;44
24.07.2020 00:00:00;Villach Land;207;64668;0;51;1;1,54636;0;2;1;48
24.07.2020 00:00:00;Völkermarkt;208;41878;0;55;0;0;0;4;0;51
24.07.2020 00:00:00;Wolfsberg;209;52726;0;50;1;1,896598;0;1;0;47
24.07.2020 00:00:00;Feldkirchen;210;29937;0;15;0;0;0;0;0;15
24.07.2020 00:00:00;Krems an der Donau(Stadt);301;24876;0;45;3;12,05982;0;3;0;38
24.07.2020 00:00:00;Sankt Pölten(Stadt);302;55044;1;107;5;9,083642;0;4;0;96
24.07.2020 00:00:00;Waidhofen an der Ybbs(Stadt);303;11261;0;25;0;0;0;3;0;22
24.07.2020 00:00:00;Wiener Neustadt(Stadt);304;45277;0;88;8;17,66902;0;0;1;61
24.07.2020 00:00:00;Amstetten;305;116114;0;313;6;5,167336;0;16;0;290
24.07.2020 00:00:00;Baden;306;146203;1;216;12;8,207766;0;4;0;195
24.07.2020 00:00:00;Bruck an der Leitha;307;102010;1;128;5;4,90148;0;5;0;118
24.07.2020 00:00:00;Gänserndorf;308;103686;2;123;10;9,644504;0;3;0;102
24.07.2020 00:00:00;Gmünd;309;36773;0;16;0;0;0;0;0;15
24.07.2020 00:00:00;Hollabrunn;310;50858;0;47;0;0;0;0;0;42
24.07.2020 00:00:00;Horn;311;31090;0;97;1;3,216468;0;5;0;60
24.07.2020 00:00:00;Korneuburg;312;90889;4;195;8;8,801946;0;5;1;182
24.07.2020 00:00:00;Krems(Land);313;56596;0;172;8;14,13527;0;8;0;154
24.07.2020 00:00:00;Lilienfeld;314;25812;0;53;0;0;0;5;0;48
24.07.2020 00:00:00;Melk;315;77962;0;185;8;10,26141;0;4;0;173
24.07.2020 00:00:00;Mistelbach;316;75483;0;146;0;0;0;7;0;139
24.07.2020 00:00:00;Mödling;317;118998;0;224;7;5,882452;0;7;1;201
24.07.2020 00:00:00;Neunkirchen;318;86291;0;234;2;2,317739;0;7;2;217
24.07.2020 00:00:00;Sankt Pölten(Land);319;131044;3;285;4;3,05241;0;11;0;267
24.07.2020 00:00:00;Scheibbs;320;41403;0;104;0;0;0;1;0;103
24.07.2020 00:00:00;Tulln;321;103771;0;192;4;3,854641;0;6;0;178
24.07.2020 00:00:00;Waidhofen an der Thaya;322;25888;0;75;2;7,725587;0;2;0;71
24.07.2020 00:00:00;Wiener Neustadt(Land);323;77991;2;107;7;8,975394;0;6;1;88
24.07.2020 00:00:00;Zwettl;325;42222;1;74;1;2,368433;0;2;0;71
24.07.2020 00:00:00;Linz(Stadt);401;205726;17;658;104;50,55268;0;13;15;497
24.07.2020 00:00:00;Steyr(Stadt);402;38193;2;76;2;5,236562;0;2;0;71
24.07.2020 00:00:00;Wels(Stadt);403;61727;0;139;15;24,30055;0;0;3;105
24.07.2020 00:00:00;Braunau am Inn;404;104408;2;161;13;12,45115;0;3;0;141
24.07.2020 00:00:00;Eferding;405;33156;4;80;11;33,1765;0;6;0;62
24.07.2020 00:00:00;Freistadt;406;66621;0;141;7;10,5072;0;6;0;124
24.07.2020 00:00:00;Gmunden;407;101631;9;104;18;17,71113;0;2;1;82
24.07.2020 00:00:00;Grieskirchen;408;64721;0;91;3;4,635281;0;1;0;84
24.07.2020 00:00:00;Kirchdorf an der Krems;409;56866;0;64;1;1,75852;0;1;4;61
24.07.2020 00:00:00;Linz-Land;410;150273;6;487;38;25,28731;0;9;8;376
24.07.2020 00:00:00;Perg;411;68459;2;343;26;37,97894;0;3;4;301
24.07.2020 00:00:00;Ried im Innkreis;412;61204;0;77;2;3,26776;0;0;2;73
24.07.2020 00:00:00;Rohrbach;413;56524;0;167;5;8,8458;0;0;2;160
24.07.2020 00:00:00;Schärding;414;57307;0;66;0;0;0;1;0;64
24.07.2020 00:00:00;Steyr-Land;415;60427;4;200;5;8,274446;0;7;2;180
24.07.2020 00:00:00;Urfahr-Umgebung;416;85505;0;332;16;18,71236;0;5;1;301
24.07.2020 00:00:00;Vöcklabruck;417;136253;3;169;40;29,35715;0;4;4;116
24.07.2020 00:00:00;Wels-Land;418;73094;0;126;5;6,840507;0;0;6;115
24.07.2020 00:00:00;Salzburg(Stadt);501;154211;2;189;22;14,26617;0;1;0;161
24.07.2020 00:00:00;Hallein;502;60374;0;80;4;6,625369;0;1;0;74
24.07.2020 00:00:00;Salzburg-Umgebung;503;152281;2;237;11;7,223488;0;10;2;212
24.07.2020 00:00:00;Sankt Johann im Pongau;504;80573;3;452;6;7,446663;0;16;0;423
24.07.2020 00:00:00;Tamsweg;505;20320;0;26;4;19,68504;0;0;0;22
24.07.2020 00:00:00;Zell am See;506;87462;0;370;2;2,286707;0;9;0;359
24.07.2020 00:00:00;Graz(Stadt);601;288806;2;573;20;6,925064;0;42;4;501
24.07.2020 00:00:00;Deutschlandsberg;603;60821;0;54;4;6,576676;0;2;1;48
24.07.2020 00:00:00;Graz-Umgebung;606;154260;2;260;6;3,889537;0;34;0;218
24.07.2020 00:00:00;Leibnitz;610;82484;0;194;4;4,849425;0;4;2;185
24.07.2020 00:00:00;Leoben;611;60060;1;38;7;11,65501;0;3;0;25
24.07.2020 00:00:00;Liezen;612;79901;1;109;15;18,77323;0;1;0;88
24.07.2020 00:00:00;Murau;614;27659;0;9;2;7,230919;0;0;0;7
24.07.2020 00:00:00;Voitsberg;616;51161;0;106;0;0;0;5;0;101
24.07.2020 00:00:00;Weiz;617;90343;1;205;3;3,320678;0;18;0;183
24.07.2020 00:00:00;Murtal;620;72004;1;52;20;27,77624;0;1;0;31
24.07.2020 00:00:00;Bruck-Mürzzuschlag;621;98984;0;64;0;0;0;3;0;59
24.07.2020 00:00:00;Hartberg-Fürstenfeld;622;90622;0;320;0;0;0;39;0;281
24.07.2020 00:00:00;Südoststeiermark;623;85947;0;68;1;1,163508;0;2;0;65
24.07.2020 00:00:00;Innsbruck-Stadt;701;132110;1;442;6;4,54167;0;6;4;424
24.07.2020 00:00:00;Imst;702;60056;0;297;0;0;0;6;0;290
24.07.2020 00:00:00;Innsbruck-Land;703;179318;1;409;8;4,461348;0;13;1;382
24.07.2020 00:00:00;Kitzbühel;704;63881;1;375;3;4,696232;0;11;0;361
24.07.2020 00:00:00;Kufstein;705;109682;1;531;2;1,823453;0;35;0;493
24.07.2020 00:00:00;Landeck;706;44362;0;1007;3;6,762545;0;16;0;985
24.07.2020 00:00:00;Lienz;707;48753;0;156;0;0;0;6;0;148
24.07.2020 00:00:00;Reutte;708;32670;0;63;6;18,36547;0;1;0;56
24.07.2020 00:00:00;Schwaz;709;83873;0;358;1;1,192279;0;14;0;343
24.07.2020 00:00:00;Bludenz;801;63714;0;261;2;3,139028;0;4;0;254
24.07.2020 00:00:00;Bregenz;802;134383;0;282;0;0;0;10;0;272
24.07.2020 00:00:00;Dornbirn;803;89041;2;162;3;3,369234;0;4;0;155
24.07.2020 00:00:00;Feldkirch;804;107159;1;225;8;7,465542;0;1;0;215
24.07.2020 00:00:00;Wien;900;1897491;65;4751;340;17,9184;0;219;31;4023
25.07.2020 00:00:00;Eisenstadt(Stadt);101;14637;0;19;0;0;0;0;0;19
25.07.2020 00:00:00;Rust(Stadt);102;1940;0;0;0;0;0;0;0;0
25.07.2020 00:00:00;Eisenstadt-Umgebung;103;42927;0;28;0;0;0;1;0;26
25.07.2020 00:00:00;Güssing;104;25797;0;27;0;0;0;0;0;27
25.07.2020 00:00:00;Jennersdorf;105;17066;0;10;0;0;0;0;0;10
25.07.2020 00:00:00;Mattersburg;106;39925;3;78;15;37,57045;0;1;0;59
25.07.2020 00:00:00;Neusiedl am See;107;59552;0;65;4;6,716819;0;4;0;54
25.07.2020 00:00:00;Oberpullendorf;108;37513;0;26;0;0;0;1;0;25
25.07.2020 00:00:00;Oberwart;109;54076;0;145;0;0;0;4;1;139
25.07.2020 00:00:00;Klagenfurt Stadt;201;100817;0;102;1;0,9918962;0;3;0;97
25.07.2020 00:00:00;Villach Stadt;202;62243;0;24;1;1,606606;0;0;0;24
25.07.2020 00:00:00;Hermagor;203;18224;0;5;0;0;0;0;0;5
25.07.2020 00:00:00;Klagenfurt Land;204;59800;0;51;0;0;0;2;0;47
25.07.2020 00:00:00;Sankt Veit an der Glan;205;54555;0;54;1;1,833013;0;0;0;52
25.07.2020 00:00:00;Spittal an der Drau;206;76091;1;46;1;1,314216;0;1;0;44
25.07.2020 00:00:00;Villach Land;207;64668;0;51;1;1,54636;0;2;0;48
25.07.2020 00:00:00;Völkermarkt;208;41878;0;55;0;0;0;4;0;51
25.07.2020 00:00:00;Wolfsberg;209;52726;0;50;0;0;0;1;1;48
25.07.2020 00:00:00;Feldkirchen;210;29937;0;15;0;0;0;0;0;15
25.07.2020 00:00:00;Krems an der Donau(Stadt);301;24876;0;45;3;12,05982;0;3;0;38
25.07.2020 00:00:00;Sankt Pölten(Stadt);302;55044;0;107;3;5,450185;0;4;0;96
25.07.2020 00:00:00;Waidhofen an der Ybbs(Stadt);303;11261;1;26;1;8,880206;0;3;0;22
25.07.2020 00:00:00;Wiener Neustadt(Stadt);304;45277;1;89;7;15,46039;0;0;0;61
25.07.2020 00:00:00;Amstetten;305;116114;0;313;6;5,167336;0;16;0;290
25.07.2020 00:00:00;Baden;306;146203;3;219;12;8,207766;0;4;0;195
25.07.2020 00:00:00;Bruck an der Leitha;307;102010;3;131;7;6,862072;0;5;0;118
25.07.2020 00:00:00;Gänserndorf;308;103686;1;124;10;9,644504;0;3;0;102
25.07.2020 00:00:00;Gmünd;309;36773;0;16;0;0;0;0;0;15
25.07.2020 00:00:00;Hollabrunn;310;50858;0;47;0;0;0;0;0;42
25.07.2020 00:00:00;Horn;311;31090;0;97;1;3,216468;0;5;0;60
25.07.2020 00:00:00;Korneuburg;312;90889;2;197;10;11,00243;0;5;0;182
25.07.2020 00:00:00;Krems(Land);313;56596;0;172;8;14,13527;0;8;0;154
25.07.2020 00:00:00;Lilienfeld;314;25812;0;53;0;0;0;5;0;48
25.07.2020 00:00:00;Melk;315;77962;3;188;10;12,82676;0;4;0;173
25.07.2020 00:00:00;Mistelbach;316;75483;0;146;0;0;0;7;0;139
25.07.2020 00:00:00;Mödling;317;118998;1;225;8;6,722802;0;7;1;202
25.07.2020 00:00:00;Neunkirchen;318;86291;4;238;6;6,953217;0;7;0;217
25.07.2020 00:00:00;Sankt Pölten(Land);319;131044;1;286;5;3,815512;0;11;0;267
25.07.2020 00:00:00;Scheibbs;320;41403;0;104;0;0;0;1;0;103
25.07.2020 00:00:00;Tulln;321;103771;0;192;3;2,890981;0;6;0;178
25.07.2020 00:00:00;Waidhofen an der Thaya;322;25888;0;75;1;3,862794;0;2;0;71
25.07.2020 00:00:00;Wiener Neustadt(Land);323;77991;0;107;6;7,693195;0;6;1;89
25.07.2020 00:00:00;Zwettl;325;42222;0;74;1;2,368433;0;2;0;71
25.07.2020 00:00:00;Linz(Stadt);401;205726;6;664;100;48,60835;0;13;12;509
25.07.2020 00:00:00;Steyr(Stadt);402;38193;0;76;2;5,236562;0;2;0;71
25.07.2020 00:00:00;Wels(Stadt);403;61727;0;139;13;21,06048;0;0;0;105
25.07.2020 00:00:00;Braunau am Inn;404;104408;0;161;12;11,49337;0;3;0;141
25.07.2020 00:00:00;Eferding;405;33156;2;82;13;39,20859;0;6;1;63
25.07.2020 00:00:00;Freistadt;406;66621;0;141;5;7,505141;0;6;1;125
25.07.2020 00:00:00;Gmunden;407;101631;4;108;21;20,66299;0;2;0;82
25.07.2020 00:00:00;Grieskirchen;408;64721;0;91;2;3,090187;0;1;0;84
25.07.2020 00:00:00;Kirchdorf an der Krems;409;56866;0;64;1;1,75852;0;1;0;61
25.07.2020 00:00:00;Linz-Land;410;150273;3;490;39;25,95277;0;9;5;381
25.07.2020 00:00:00;Perg;411;68459;4;347;27;39,43966;0;3;6;307
25.07.2020 00:00:00;Ried im Innkreis;412;61204;0;77;1;1,63388;0;0;0;73
25.07.2020 00:00:00;Rohrbach;413;56524;3;170;8;14,15328;0;0;0;160
25.07.2020 00:00:00;Schärding;414;57307;0;66;0;0;0;1;0;64
25.07.2020 00:00:00;Steyr-Land;415;60427;0;200;5;8,274446;0;7;0;180
25.07.2020 00:00:00;Urfahr-Umgebung;416;85505;1;333;15;17,54283;0;5;2;303
25.07.2020 00:00:00;Vöcklabruck;417;136253;0;169;29;21,28394;0;4;1;117
25.07.2020 00:00:00;Wels-Land;418;73094;2;128;7;9,57671;0;0;0;115
25.07.2020 00:00:00;Salzburg(Stadt);501;154211;2;191;19;12,32078;0;1;0;161
25.07.2020 00:00:00;Hallein;502;60374;0;80;2;3,312684;0;1;1;75
25.07.2020 00:00:00;Salzburg-Umgebung;503;152281;4;241;12;7,880169;0;10;1;213
25.07.2020 00:00:00;Sankt Johann im Pongau;504;80573;3;455;8;9,928885;0;16;1;424
25.07.2020 00:00:00;Tamsweg;505;20320;0;26;4;19,68504;0;0;0;22
25.07.2020 00:00:00;Zell am See;506;87462;1;371;1;1,143354;0;9;0;359
25.07.2020 00:00:00;Graz(Stadt);601;288806;1;574;14;4,847545;1;43;9;510
25.07.2020 00:00:00;Deutschlandsberg;603;60821;0;54;4;6,576676;0;2;0;48
25.07.2020 00:00:00;Graz-Umgebung;606;154260;0;260;6;3,889537;0;34;0;218
25.07.2020 00:00:00;Leibnitz;610;82484;0;194;4;4,849425;0;4;0;185
25.07.2020 00:00:00;Leoben;611;60060;0;38;7;11,65501;0;3;0;25
25.07.2020 00:00:00;Liezen;612;79901;0;109;14;17,52168;0;1;0;88
25.07.2020 00:00:00;Murau;614;27659;0;9;2;7,230919;0;0;0;7
25.07.2020 00:00:00;Voitsberg;616;51161;0;106;0;0;0;5;0;101
25.07.2020 00:00:00;Weiz;617;90343;0;205;3;3,320678;0;18;0;183
25.07.2020 00:00:00;Murtal;620;72004;2;54;21;29,16505;0;1;0;31
25.07.2020 00:00:00;Bruck-Mürzzuschlag;621;98984;0;64;0;0;0;3;3;62
25.07.2020 00:00:00;Hartberg-Fürstenfeld;622;90622;0;320;0;0;0;39;0;281
25.07.2020 00:00:00;Südoststeiermark;623;85947;0;68;0;0;0;2;0;65
25.07.2020 00:00:00;Innsbruck-Stadt;701;132110;1;443;6;4,54167;0;6;2;426
25.07.2020 00:00:00;Imst;702;60056;0;297;0;0;0;6;0;290
25.07.2020 00:00:00;Innsbruck-Land;703;179318;2;411;10;5,576685;0;13;3;385
25.07.2020 00:00:00;Kitzbühel;704;63881;1;376;4;6,261643;0;11;0;361
25.07.2020 00:00:00;Kufstein;705;109682;2;533;4;3,646907;0;35;0;493
25.07.2020 00:00:00;Landeck;706;44362;0;1007;3;6,762545;0;16;2;987
25.07.2020 00:00:00;Lienz;707;48753;0;156;0;0;0;6;1;149
25.07.2020 00:00:00;Reutte;708;32670;0;63;6;18,36547;0;1;0;56
25.07.2020 00:00:00;Schwaz;709;83873;0;358;1;1,192279;0;14;0;343
25.07.2020 00:00:00;Bludenz;801;63714;9;270;11;17,26465;0;4;0;254
25.07.2020 00:00:00;Bregenz;802;134383;0;282;0;0;0;10;0;272
25.07.2020 00:00:00;Dornbirn;803;89041;0;162;3;3,369234;0;4;0;155
25.07.2020 00:00:00;Feldkirch;804;107159;1;226;9;8,398735;0;1;0;215
25.07.2020 00:00:00;Wien;900;1897491;34;4785;327;17,23328;0;219;29;4052
26.07.2020 00:00:00;Eisenstadt(Stadt);101;14637;0;19;0;0;0;0;0;19
26.07.2020 00:00:00;Rust(Stadt);102;1940;0;0;0;0;0;0;0;0
26.07.2020 00:00:00;Eisenstadt-Umgebung;103;42927;0;28;0;0;0;1;0;26
26.07.2020 00:00:00;Güssing;104;25797;0;27;0;0;0;0;0;27
26.07.2020 00:00:00;Jennersdorf;105;17066;0;10;0;0;0;0;0;10
26.07.2020 00:00:00;Mattersburg;106;39925;3;81;17;42,57984;0;1;2;61
26.07.2020 00:00:00;Neusiedl am See;107;59552;1;66;5;8,396024;0;4;0;54
26.07.2020 00:00:00;Oberpullendorf;108;37513;0;26;0;0;0;1;0;25
26.07.2020 00:00:00;Oberwart;109;54076;0;145;0;0;0;4;0;139
26.07.2020 00:00:00;Klagenfurt Stadt;201;100817;0;102;1;0,9918962;0;3;0;97
26.07.2020 00:00:00;Villach Stadt;202;62243;0;24;1;1,606606;0;0;0;24
26.07.2020 00:00:00;Hermagor;203;18224;0;5;0;0;0;0;0;5
26.07.2020 00:00:00;Klagenfurt Land;204;59800;0;51;0;0;0;2;1;48
26.07.2020 00:00:00;Sankt Veit an der Glan;205;54555;0;54;1;1,833013;0;0;0;52
26.07.2020 00:00:00;Spittal an der Drau;206;76091;0;46;1;1,314216;0;1;0;44
26.07.2020 00:00:00;Villach Land;207;64668;0;51;1;1,54636;0;2;0;48
26.07.2020 00:00:00;Völkermarkt;208;41878;0;55;0;0;0;4;0;51
26.07.2020 00:00:00;Wolfsberg;209;52726;0;50;0;0;0;1;0;48
26.07.2020 00:00:00;Feldkirchen;210;29937;1;16;1;3,340348;0;0;0;15
26.07.2020 00:00:00;Krems an der Donau(Stadt);301;24876;0;45;2;8,039878;0;3;0;38
26.07.2020 00:00:00;Sankt Pölten(Stadt);302;55044;0;107;1;1,816728;0;4;0;96
26.07.2020 00:00:00;Waidhofen an der Ybbs(Stadt);303;11261;0;26;1;8,880206;0;3;0;22
26.07.2020 00:00:00;Wiener Neustadt(Stadt);304;45277;0;89;6;13,25176;0;0;1;62
26.07.2020 00:00:00;Amstetten;305;116114;1;314;6;5,167336;0;16;0;290
26.07.2020 00:00:00;Baden;306;146203;2;221;11;7,523786;0;4;0;195
26.07.2020 00:00:00;Bruck an der Leitha;307;102010;2;133;8;7,842369;0;5;0;118
26.07.2020 00:00:00;Gänserndorf;308;103686;1;125;11;10,60895;0;3;0;102
26.07.2020 00:00:00;Gmünd;309;36773;0;16;0;0;0;0;0;15
26.07.2020 00:00:00;Hollabrunn;310;50858;0;47;0;0;0;0;0;42
26.07.2020 00:00:00;Horn;311;31090;0;97;1;3,216468;0;5;0;60
26.07.2020 00:00:00;Korneuburg;312;90889;1;198;10;11,00243;0;5;0;182
26.07.2020 00:00:00;Krems(Land);313;56596;1;173;9;15,90218;0;8;0;154
26.07.2020 00:00:00;Lilienfeld;314;25812;0;53;0;0;0;5;0;48
26.07.2020 00:00:00;Melk;315;77962;1;189;11;14,10944;0;4;0;173
26.07.2020 00:00:00;Mistelbach;316;75483;0;146;0;0;0;7;0;139
26.07.2020 00:00:00;Mödling;317;118998;1;226;9;7,563152;0;7;0;202
26.07.2020 00:00:00;Neunkirchen;318;86291;0;238;6;6,953217;0;7;0;217
26.07.2020 00:00:00;Sankt Pölten(Land);319;131044;3;289;8;6,10482;0;11;0;267
26.07.2020 00:00:00;Scheibbs;320;41403;1;105;1;2,415284;0;1;0;103
26.07.2020 00:00:00;Tulln;321;103771;0;192;3;2,890981;0;6;0;178
26.07.2020 00:00:00;Waidhofen an der Thaya;322;25888;0;75;1;3,862794;0;2;0;71
26.07.2020 00:00:00;Wiener Neustadt(Land);323;77991;4;111;10;12,82199;0;6;1;90
26.07.2020 00:00:00;Zwettl;325;42222;0;74;1;2,368433;0;2;0;71
26.07.2020 00:00:00;Linz(Stadt);401;205726;1;665;89;43,26143;0;13;6;515
26.07.2020 00:00:00;Steyr(Stadt);402;38193;0;76;2;5,236562;0;2;0;71
26.07.2020 00:00:00;Wels(Stadt);403;61727;0;139;8;12,96029;0;0;0;105
26.07.2020 00:00:00;Braunau am Inn;404;104408;1;162;13;12,45115;0;3;4;145
26.07.2020 00:00:00;Eferding;405;33156;0;82;13;39,20859;0;6;0;63
26.07.2020 00:00:00;Freistadt;406;66621;1;142;5;7,505141;0;6;0;125
26.07.2020 00:00:00;Gmunden;407;101631;18;126;39;38,37412;0;2;0;82
26.07.2020 00:00:00;Grieskirchen;408;64721;0;91;0;0;0;1;0;84
26.07.2020 00:00:00;Kirchdorf an der Krems;409;56866;0;64;1;1,75852;0;1;0;61
26.07.2020 00:00:00;Linz-Land;410;150273;2;492;34;22,62549;0;9;0;381
26.07.2020 00:00:00;Perg;411;68459;3;350;28;40,90039;0;3;0;307
26.07.2020 00:00:00;Ried im Innkreis;412;61204;0;77;0;0;0;0;0;73
26.07.2020 00:00:00;Rohrbach;413;56524;2;172;10;17,6916;0;0;0;160
26.07.2020 00:00:00;Schärding;414;57307;0;66;0;0;0;1;0;64
26.07.2020 00:00:00;Steyr-Land;415;60427;1;201;6;9,929337;0;7;0;180
26.07.2020 00:00:00;Urfahr-Umgebung;416;85505;2;335;15;17,54283;0;5;0;303
26.07.2020 00:00:00;Vöcklabruck;417;136253;2;171;31;22,75179;0;4;1;118
26.07.2020 00:00:00;Wels-Land;418;73094;0;128;6;8,208608;0;0;0;115
26.07.2020 00:00:00;Salzburg(Stadt);501;154211;0;191;17;11,02386;0;1;0;161
26.07.2020 00:00:00;Hallein;502;60374;0;80;2;3,312684;0;1;0;75
26.07.2020 00:00:00;Salzburg-Umgebung;503;152281;1;242;11;7,223488;0;10;0;213
26.07.2020 00:00:00;Sankt Johann im Pongau;504;80573;0;455;7;8,687774;0;16;3;427
26.07.2020 00:00:00;Tamsweg;505;20320;0;26;4;19,68504;0;0;0;22
26.07.2020 00:00:00;Zell am See;506;87462;0;371;1;1,143354;0;9;0;359
26.07.2020 00:00:00;Graz(Stadt);601;288806;1;575;15;5,193798;0;43;3;513
26.07.2020 00:00:00;Deutschlandsberg;603;60821;0;54;4;6,576676;0;2;0;48
26.07.2020 00:00:00;Graz-Umgebung;606;154260;3;263;8;5,186049;0;34;1;219
26.07.2020 00:00:00;Leibnitz;610;82484;1;195;5;6,061782;0;4;0;185
26.07.2020 00:00:00;Leoben;611;60060;3;41;10;16,65002;0;3;0;25
26.07.2020 00:00:00;Liezen;612;79901;0;109;14;17,52168;0;1;0;88
26.07.2020 00:00:00;Murau;614;27659;0;9;2;7,230919;0;0;0;7
26.07.2020 00:00:00;Voitsberg;616;51161;0;106;0;0;0;5;0;101
26.07.2020 00:00:00;Weiz;617;90343;0;205;2;2,213785;0;18;0;183
26.07.2020 00:00:00;Murtal;620;72004;2;56;20;27,77624;0;1;0;31
26.07.2020 00:00:00;Bruck-Mürzzuschlag;621;98984;0;64;0;0;0;3;0;62
26.07.2020 00:00:00;Hartberg-Fürstenfeld;622;90622;0;320;0;0;0;39;0;281
26.07.2020 00:00:00;Südoststeiermark;623;85947;0;68;0;0;0;2;1;66
26.07.2020 00:00:00;Innsbruck-Stadt;701;132110;0;443;6;4,54167;0;6;0;426
26.07.2020 00:00:00;Imst;702;60056;0;297;0;0;0;6;0;290
26.07.2020 00:00:00;Innsbruck-Land;703;179318;0;411;10;5,576685;0;13;1;386
26.07.2020 00:00:00;Kitzbühel;704;63881;0;376;4;6,261643;0;11;0;361
26.07.2020 00:00:00;Kufstein;705;109682;6;539;10;9,117267;0;35;0;493
26.07.2020 00:00:00;Landeck;706;44362;0;1007;3;6,762545;0;16;0;987
26.07.2020 00:00:00;Lienz;707;48753;0;156;0;0;0;6;1;150
26.07.2020 00:00:00;Reutte;708;32670;0;63;6;18,36547;0;1;0;56
26.07.2020 00:00:00;Schwaz;709;83873;0;358;1;1,192279;0;14;0;343
26.07.2020 00:00:00;Bludenz;801;63714;0;270;11;17,26465;0;4;0;254
26.07.2020 00:00:00;Bregenz;802;134383;0;282;0;0;0;10;0;272
26.07.2020 00:00:00;Dornbirn;803;89041;0;162;3;3,369234;0;4;0;155
26.07.2020 00:00:00;Feldkirch;804;107159;0;226;9;8,398735;0;1;1;216
26.07.2020 00:00:00;Wien;900;1897491;30;4815;331;17,44409;0;219;35;4087
27.07.2020 00:00:00;Eisenstadt(Stadt);101;14637;0;19;0;0;0;0;0;19
27.07.2020 00:00:00;Rust(Stadt);102;1940;0;0;0;0;0;0;0;0
27.07.2020 00:00:00;Eisenstadt-Umgebung;103;42927;0;28;0;0;0;1;0;26
27.07.2020 00:00:00;Güssing;104;25797;0;27;0;0;0;0;0;27
27.07.2020 00:00:00;Jennersdorf;105;17066;0;10;0;0;0;0;0;10
27.07.2020 00:00:00;Mattersburg;106;39925;0;81;12;30,05636;0;1;0;61
27.07.2020 00:00:00;Neusiedl am See;107;59552;0;66;5;8,396024;0;4;0;54
27.07.2020 00:00:00;Oberpullendorf;108;37513;0;26;0;0;0;1;0;25
27.07.2020 00:00:00;Oberwart;109;54076;0;145;0;0;0;4;0;139
27.07.2020 00:00:00;Klagenfurt Stadt;201;100817;0;102;1;0,9918962;0;3;0;97
27.07.2020 00:00:00;Villach Stadt;202;62243;0;24;1;1,606606;0;0;0;24
27.07.2020 00:00:00;Hermagor;203;18224;0;5;0;0;0;0;0;5
27.07.2020 00:00:00;Klagenfurt Land;204;59800;0;51;0;0;0;2;0;48
27.07.2020 00:00:00;Sankt Veit an der Glan;205;54555;0;54;1;1,833013;0;0;0;52
27.07.2020 00:00:00;Spittal an der Drau;206;76091;2;48;3;3,942648;0;1;0;44
27.07.2020 00:00:00;Villach Land;207;64668;0;51;1;1,54636;0;2;0;48
27.07.2020 00:00:00;Völkermarkt;208;41878;0;55;0;0;0;4;0;51
27.07.2020 00:00:00;Wolfsberg;209;52726;0;50;0;0;0;1;0;48
27.07.2020 00:00:00;Feldkirchen;210;29937;0;16;1;3,340348;0;0;0;15
27.07.2020 00:00:00;Krems an der Donau(Stadt);301;24876;0;45;2;8,039878;1;4;0;38
27.07.2020 00:00:00;Sankt Pölten(Stadt);302;55044;2;109;3;5,450185;0;4;0;96
27.07.2020 00:00:00;Waidhofen an der Ybbs(Stadt);303;11261;0;26;1;8,880206;0;3;0;22
27.07.2020 00:00:00;Wiener Neustadt(Stadt);304;45277;0;89;4;8,834508;0;0;2;64
27.07.2020 00:00:00;Amstetten;305;116114;3;317;9;7,751003;0;16;1;291
27.07.2020 00:00:00;Baden;306;146203;0;221;9;6,155825;0;4;4;199
27.07.2020 00:00:00;Bruck an der Leitha;307;102010;4;137;12;11,76355;0;5;0;118
27.07.2020 00:00:00;Gänserndorf;308;103686;0;125;11;10,60895;0;3;2;104
27.07.2020 00:00:00;Gmünd;309;36773;0;16;0;0;0;0;0;15
27.07.2020 00:00:00;Hollabrunn;310;50858;0;47;0;0;0;0;2;44
27.07.2020 00:00:00;Horn;311;31090;0;97;1;3,216468;0;5;23;83
27.07.2020 00:00:00;Korneuburg;312;90889;1;199;11;12,10267;0;5;0;182
27.07.2020 00:00:00;Krems(Land);313;56596;0;173;9;15,90218;0;8;0;154
27.07.2020 00:00:00;Lilienfeld;314;25812;0;53;0;0;0;5;0;48
27.07.2020 00:00:00;Melk;315;77962;1;190;11;14,10944;0;4;1;174
27.07.2020 00:00:00;Mistelbach;316;75483;0;146;0;0;0;7;0;139
27.07.2020 00:00:00;Mödling;317;118998;1;227;9;7,563152;0;7;4;206
27.07.2020 00:00:00;Neunkirchen;318;86291;0;238;6;6,953217;0;7;0;217
27.07.2020 00:00:00;Sankt Pölten(Land);319;131044;1;290;9;6,867922;0;11;0;267
27.07.2020 00:00:00;Scheibbs;320;41403;1;106;2;4,830568;0;1;0;103
27.07.2020 00:00:00;Tulln;321;103771;0;192;3;2,890981;0;6;0;178
27.07.2020 00:00:00;Waidhofen an der Thaya;322;25888;0;75;1;3,862794;0;2;0;71
27.07.2020 00:00:00;Wiener Neustadt(Land);323;77991;0;111;8;10,25759;0;6;0;90
27.07.2020 00:00:00;Zwettl;325;42222;1;75;2;4,736867;0;2;0;71
27.07.2020 00:00:00;Linz(Stadt);401;205726;5;670;81;39,37276;2;15;4;519
27.07.2020 00:00:00;Steyr(Stadt);402;38193;1;77;3;7,854843;0;2;1;72
27.07.2020 00:00:00;Wels(Stadt);403;61727;0;139;8;12,96029;0;0;11;116
27.07.2020 00:00:00;Braunau am Inn;404;104408;1;163;14;13,40893;0;3;0;145
27.07.2020 00:00:00;Eferding;405;33156;0;82;13;39,20859;0;6;0;63
27.07.2020 00:00:00;Freistadt;406;66621;0;142;5;7,505141;0;6;2;127
27.07.2020 00:00:00;Gmunden;407;101631;3;129;41;40,34202;0;2;1;83
27.07.2020 00:00:00;Grieskirchen;408;64721;0;91;0;0;0;1;3;87
27.07.2020 00:00:00;Kirchdorf an der Krems;409;56866;2;66;2;3,51704;0;1;0;61
27.07.2020 00:00:00;Linz-Land;410;150273;5;497;38;25,28731;0;9;26;407
27.07.2020 00:00:00;Perg;411;68459;4;354;25;36,51821;0;3;0;307
27.07.2020 00:00:00;Ried im Innkreis;412;61204;1;78;1;1,63388;0;0;1;74
27.07.2020 00:00:00;Rohrbach;413;56524;0;172;10;17,6916;0;0;1;161
27.07.2020 00:00:00;Schärding;414;57307;0;66;0;0;0;1;0;64
27.07.2020 00:00:00;Steyr-Land;415;60427;0;201;6;9,929337;0;7;0;180
27.07.2020 00:00:00;Urfahr-Umgebung;416;85505;0;335;15;17,54283;0;5;3;306
27.07.2020 00:00:00;Vöcklabruck;417;136253;1;172;24;17,61429;0;4;4;122
27.07.2020 00:00:00;Wels-Land;418;73094;1;129;7;9,57671;0;0;2;117
27.07.2020 00:00:00;Salzburg(Stadt);501;154211;1;192;18;11,67232;0;1;2;163
27.07.2020 00:00:00;Hallein;502;60374;0;80;2;3,312684;0;1;0;75
27.07.2020 00:00:00;Salzburg-Umgebung;503;152281;0;242;11;7,223488;0;10;1;214
27.07.2020 00:00:00;Sankt Johann im Pongau;504;80573;0;455;7;8,687774;0;16;0;427
27.07.2020 00:00:00;Tamsweg;505;20320;0;26;2;9,84252;0;0;0;22
27.07.2020 00:00:00;Zell am See;506;87462;0;371;1;1,143354;0;9;0;359
27.07.2020 00:00:00;Graz(Stadt);601;288806;4;579;16;5,540051;0;43;0;513
27.07.2020 00:00:00;Deutschlandsberg;603;60821;0;54;4;6,576676;0;2;0;48
27.07.2020 00:00:00;Graz-Umgebung;606;154260;0;263;8;5,186049;0;34;0;219
27.07.2020 00:00:00;Leibnitz;610;82484;0;195;5;6,061782;0;4;0;185
27.07.2020 00:00:00;Leoben;611;60060;2;43;12;19,98002;0;3;0;25
27.07.2020 00:00:00;Liezen;612;79901;0;109;13;16,27013;0;1;3;91
27.07.2020 00:00:00;Murau;614;27659;0;9;0;0;0;0;1;8
27.07.2020 00:00:00;Voitsberg;616;51161;0;106;0;0;0;5;0;101
27.07.2020 00:00:00;Weiz;617;90343;0;205;2;2,213785;0;18;0;183
27.07.2020 00:00:00;Murtal;620;72004;1;57;21;29,16505;0;1;3;34
27.07.2020 00:00:00;Bruck-Mürzzuschlag;621;98984;2;66;2;2,020529;0;3;1;63
27.07.2020 00:00:00;Hartberg-Fürstenfeld;622;90622;0;320;0;0;0;39;0;281
27.07.2020 00:00:00;Südoststeiermark;623;85947;0;68;0;0;0;2;0;66
27.07.2020 00:00:00;Innsbruck-Stadt;701;132110;2;445;8;6,05556;0;6;1;427
27.07.2020 00:00:00;Imst;702;60056;0;297;0;0;0;6;1;291
27.07.2020 00:00:00;Innsbruck-Land;703;179318;0;411;10;5,576685;0;13;1;387
27.07.2020 00:00:00;Kitzbühel;704;63881;0;376;4;6,261643;0;11;0;361
27.07.2020 00:00:00;Kufstein;705;109682;0;539;10;9,117267;0;35;0;493
27.07.2020 00:00:00;Landeck;706;44362;1;1008;4;9,016726;0;16;3;990
27.07.2020 00:00:00;Lienz;707;48753;0;156;0;0;0;6;0;150
27.07.2020 00:00:00;Reutte;708;32670;0;63;5;15,30456;0;1;0;56
27.07.2020 00:00:00;Schwaz;709;83873;0;358;1;1,192279;0;14;0;343
27.07.2020 00:00:00;Bludenz;801;63714;3;273;14;21,97319;0;4;0;254
27.07.2020 00:00:00;Bregenz;802;134383;1;283;1;0,7441418;0;10;0;272
27.07.2020 00:00:00;Dornbirn;803;89041;3;165;6;6,738469;0;4;0;155
27.07.2020 00:00:00;Feldkirch;804;107159;0;226;8;7,465542;0;1;0;216
27.07.2020 00:00:00;Wien;900;1897491;34;4849;332;17,49679;0;219;39;4126
28.07.2020 00:00:00;Eisenstadt(Stadt);101;14637;0;19;0;0;0;0;0;19
28.07.2020 00:00:00;Rust(Stadt);102;1940;1;1;1;51,54639;0;0;0;0
28.07.2020 00:00:00;Eisenstadt-Umgebung;103;42927;2;30;2;4,659072;0;1;1;27
28.07.2020 00:00:00;Güssing;104;25797;0;27;0;0;0;0;0;27
28.07.2020 00:00:00;Jennersdorf;105;17066;0;10;0;0;0;0;0;10
28.07.2020 00:00:00;Mattersburg;106;39925;0;81;8;20,03757;0;1;2;63
28.07.2020 00:00:00;Neusiedl am See;107;59552;1;67;6;10,07523;0;4;0;54
28.07.2020 00:00:00;Oberpullendorf;108;37513;0;26;0;0;0;1;0;25
28.07.2020 00:00:00;Oberwart;109;54076;0;145;0;0;0;4;0;139
28.07.2020 00:00:00;Klagenfurt Stadt;201;100817;0;102;0;0;0;3;0;97
28.07.2020 00:00:00;Villach Stadt;202;62243;0;24;0;0;0;0;0;24
28.07.2020 00:00:00;Hermagor;203;18224;0;5;0;0;0;0;0;5
28.07.2020 00:00:00;Klagenfurt Land;204;59800;0;51;0;0;0;2;0;48
28.07.2020 00:00:00;Sankt Veit an der Glan;205;54555;0;54;0;0;0;0;1;53
28.07.2020 00:00:00;Spittal an der Drau;206;76091;0;48;3;3,942648;0;1;0;44
28.07.2020 00:00:00;Villach Land;207;64668;0;51;0;0;0;2;0;48
28.07.2020 00:00:00;Völkermarkt;208;41878;0;55;0;0;0;4;0;51
28.07.2020 00:00:00;Wolfsberg;209;52726;0;50;0;0;0;1;1;49
28.07.2020 00:00:00;Feldkirchen;210;29937;0;16;1;3,340348;0;0;0;15
28.07.2020 00:00:00;Krems an der Donau(Stadt);301;24876;0;45;2;8,039878;0;4;1;39
28.07.2020 00:00:00;Sankt Pölten(Stadt);302;55044;0;109;3;5,450185;0;4;0;96
28.07.2020 00:00:00;Waidhofen an der Ybbs(Stadt);303;11261;0;26;1;8,880206;0;3;0;22
28.07.2020 00:00:00;Wiener Neustadt(Stadt);304;45277;0;89;3;6,625881;0;0;13;77
28.07.2020 00:00:00;Amstetten;305;116114;1;318;10;8,612226;0;16;0;291
28.07.2020 00:00:00;Baden;306;146203;1;222;9;6,155825;0;4;0;199
28.07.2020 00:00:00;Bruck an der Leitha;307;102010;1;138;12;11,76355;0;5;0;118
28.07.2020 00:00:00;Gänserndorf;308;103686;5;130;16;15,43121;0;3;1;105
28.07.2020 00:00:00;Gmünd;309;36773;0;16;0;0;0;0;1;16
28.07.2020 00:00:00;Hollabrunn;310;50858;0;47;0;0;0;0;0;44
28.07.2020 00:00:00;Horn;311;31090;0;97;0;0;0;5;0;83
28.07.2020 00:00:00;Korneuburg;312;90889;1;200;11;12,10267;0;5;0;182
28.07.2020 00:00:00;Krems(Land);313;56596;3;176;10;17,66909;0;8;0;154
28.07.2020 00:00:00;Lilienfeld;314;25812;0;53;0;0;0;5;0;48
28.07.2020 00:00:00;Melk;315;77962;0;190;11;14,10944;0;4;1;175
28.07.2020 00:00:00;Mistelbach;316;75483;1;147;1;1,324802;0;7;0;139
28.07.2020 00:00:00;Mödling;317;118998;2;229;11;9,243853;0;7;0;206
28.07.2020 00:00:00;Neunkirchen;318;86291;0;238;5;5,794347;0;7;3;220
28.07.2020 00:00:00;Sankt Pölten(Land);319;131044;2;292;10;7,631025;0;11;1;268
28.07.2020 00:00:00;Scheibbs;320;41403;0;106;2;4,830568;0;1;0;103
28.07.2020 00:00:00;Tulln;321;103771;2;194;5;4,818302;0;6;0;178
28.07.2020 00:00:00;Waidhofen an der Thaya;322;25888;0;75;1;3,862794;0;2;0;71
28.07.2020 00:00:00;Wiener Neustadt(Land);323;77991;0;111;8;10,25759;0;6;3;93
28.07.2020 00:00:00;Zwettl;325;42222;1;76;3;7,1053;0;2;0;71
28.07.2020 00:00:00;Linz(Stadt);401;205726;6;676;87;42,28926;0;15;6;525
28.07.2020 00:00:00;Steyr(Stadt);402;38193;1;78;4;10,47312;0;2;0;72
28.07.2020 00:00:00;Wels(Stadt);403;61727;0;139;5;8,100183;0;0;11;127
28.07.2020 00:00:00;Braunau am Inn;404;104408;0;163;9;8,620029;0;3;0;145
28.07.2020 00:00:00;Eferding;405;33156;0;82;13;39,20859;0;6;0;63
28.07.2020 00:00:00;Freistadt;406;66621;0;142;4;6,004113;0;6;0;127
28.07.2020 00:00:00;Gmunden;407;101631;4;133;43;42,30993;0;2;1;84
28.07.2020 00:00:00;Grieskirchen;408;64721;1;92;1;1,545094;0;1;0;87
28.07.2020 00:00:00;Kirchdorf an der Krems;409;56866;0;66;2;3,51704;0;1;2;63
28.07.2020 00:00:00;Linz-Land;410;150273;3;500;40;26,61822;0;9;6;413
28.07.2020 00:00:00;Perg;411;68459;2;356;24;35,05748;0;3;4;311
28.07.2020 00:00:00;Ried im Innkreis;412;61204;0;78;1;1,63388;0;0;0;74
28.07.2020 00:00:00;Rohrbach;413;56524;2;174;12;21,22992;0;0;0;161
28.07.2020 00:00:00;Schärding;414;57307;0;66;0;0;0;1;0;64
28.07.2020 00:00:00;Steyr-Land;415;60427;0;201;6;9,929337;0;7;5;185
28.07.2020 00:00:00;Urfahr-Umgebung;416;85505;2;337;16;18,71236;0;5;3;309
28.07.2020 00:00:00;Vöcklabruck;417;136253;2;174;22;16,14643;0;4;13;135
28.07.2020 00:00:00;Wels-Land;418;73094;4;133;10;13,68101;0;0;1;118
28.07.2020 00:00:00;Salzburg(Stadt);501;154211;1;193;19;12,32078;0;1;1;164
28.07.2020 00:00:00;Hallein;502;60374;1;81;1;1,656342;0;1;0;75
28.07.2020 00:00:00;Salzburg-Umgebung;503;152281;2;244;13;8,53685;0;10;1;215
28.07.2020 00:00:00;Sankt Johann im Pongau;504;80573;0;455;6;7,446663;0;16;1;428
28.07.2020 00:00:00;Tamsweg;505;20320;0;26;2;9,84252;0;0;0;22
28.07.2020 00:00:00;Zell am See;506;87462;0;371;1;1,143354;0;9;0;359
28.07.2020 00:00:00;Graz(Stadt);601;288806;1;580;15;5,193798;0;43;4;517
28.07.2020 00:00:00;Deutschlandsberg;603;60821;0;54;4;6,576676;0;2;0;48
28.07.2020 00:00:00;Graz-Umgebung;606;154260;0;263;8;5,186049;0;34;0;219
28.07.2020 00:00:00;Leibnitz;610;82484;0;195;4;4,849425;0;4;0;185
28.07.2020 00:00:00;Leoben;611;60060;2;45;14;23,31002;0;3;3;28
28.07.2020 00:00:00;Liezen;612;79901;0;109;7;8,760841;0;1;2;93
28.07.2020 00:00:00;Murau;614;27659;0;9;0;0;0;0;0;8
28.07.2020 00:00:00;Voitsberg;616;51161;1;107;1;1,954614;0;5;0;101
28.07.2020 00:00:00;Weiz;617;90343;0;205;1;1,106893;0;18;0;183
28.07.2020 00:00:00;Murtal;620;72004;1;58;22;30,55386;0;1;2;36
28.07.2020 00:00:00;Bruck-Mürzzuschlag;621;98984;2;68;4;4,041057;0;3;0;63
28.07.2020 00:00:00;Hartberg-Fürstenfeld;622;90622;0;320;0;0;0;39;0;281
28.07.2020 00:00:00;Südoststeiermark;623;85947;0;68;0;0;0;2;0;66
28.07.2020 00:00:00;Innsbruck-Stadt;701;132110;1;446;8;6,05556;0;6;4;431
28.07.2020 00:00:00;Imst;702;60056;0;297;0;0;0;6;0;291
28.07.2020 00:00:00;Innsbruck-Land;703;179318;1;412;10;5,576685;0;13;3;390
28.07.2020 00:00:00;Kitzbühel;704;63881;6;382;10;15,65411;0;11;1;362
28.07.2020 00:00:00;Kufstein;705;109682;6;545;16;14,58763;0;35;0;493
28.07.2020 00:00:00;Landeck;706;44362;0;1008;4;9,016726;0;16;1;991
28.07.2020 00:00:00;Lienz;707;48753;0;156;0;0;0;6;0;150
28.07.2020 00:00:00;Reutte;708;32670;0;63;5;15,30456;0;1;0;56
28.07.2020 00:00:00;Schwaz;709;83873;0;358;1;1,192279;0;14;0;343
28.07.2020 00:00:00;Bludenz;801;63714;1;274;15;23,54271;0;4;0;254
28.07.2020 00:00:00;Bregenz;802;134383;0;283;1;0,7441418;0;10;0;272
28.07.2020 00:00:00;Dornbirn;803;89041;0;165;6;6,738469;0;4;0;155
28.07.2020 00:00:00;Feldkirch;804;107159;0;226;8;7,465542;0;1;0;216
28.07.2020 00:00:00;Wien;900;1897491;77;4926;374;19,71024;0;219;44;4170
29.07.2020 00:00:00;Eisenstadt(Stadt);101;14637;0;19;0;0;0;0;0;19
29.07.2020 00:00:00;Rust(Stadt);102;1940;0;1;1;51,54639;0;0;0;0
29.07.2020 00:00:00;Eisenstadt-Umgebung;103;42927;0;30;2;4,659072;0;1;0;27
29.07.2020 00:00:00;Güssing;104;25797;4;31;4;15,50568;0;0;0;27
29.07.2020 00:00:00;Jennersdorf;105;17066;0;10;0;0;0;0;0;10
29.07.2020 00:00:00;Mattersburg;106;39925;0;81;7;17,53288;0;1;7;70
29.07.2020 00:00:00;Neusiedl am See;107;59552;1;68;7;11,75443;0;4;0;54
29.07.2020 00:00:00;Oberpullendorf;108;37513;0;26;0;0;0;1;0;25
29.07.2020 00:00:00;Oberwart;109;54076;1;146;1;1,849249;0;4;0;139
29.07.2020 00:00:00;Klagenfurt Stadt;201;100817;1;103;1;0,9918962;0;3;0;97
29.07.2020 00:00:00;Villach Stadt;202;62243;0;24;0;0;0;0;0;24
29.07.2020 00:00:00;Hermagor;203;18224;0;5;0;0;0;0;0;5
29.07.2020 00:00:00;Klagenfurt Land;204;59800;0;51;0;0;0;2;0;48
29.07.2020 00:00:00;Sankt Veit an der Glan;205;54555;0;54;0;0;0;0;0;53
29.07.2020 00:00:00;Spittal an der Drau;206;76091;0;48;3;3,942648;0;1;0;44
29.07.2020 00:00:00;Villach Land;207;64668;0;51;0;0;0;2;1;49
29.07.2020 00:00:00;Völkermarkt;208;41878;0;55;0;0;0;4;0;51
29.07.2020 00:00:00;Wolfsberg;209;52726;0;50;0;0;0;1;0;49
29.07.2020 00:00:00;Feldkirchen;210;29937;0;16;1;3,340348;0;0;0;15
29.07.2020 00:00:00;Krems an der Donau(Stadt);301;24876;0;45;1;4,019939;0;4;0;39
29.07.2020 00:00:00;Sankt Pölten(Stadt);302;55044;0;109;3;5,450185;0;4;0;96
29.07.2020 00:00:00;Waidhofen an der Ybbs(Stadt);303;11261;0;26;1;8,880206;0;3;0;22
29.07.2020 00:00:00;Wiener Neustadt(Stadt);304;45277;0;89;1;2,208627;0;0;1;78
29.07.2020 00:00:00;Amstetten;305;116114;0;318;10;8,612226;0;16;0;291
29.07.2020 00:00:00;Baden;306;146203;3;225;12;8,207766;0;4;0;199
29.07.2020 00:00:00;Bruck an der Leitha;307;102010;2;140;14;13,72414;0;5;0;118
29.07.2020 00:00:00;Gänserndorf;308;103686;0;130;15;14,46676;1;4;1;106
29.07.2020 00:00:00;Gmünd;309;36773;0;16;0;0;0;0;0;16
29.07.2020 00:00:00;Hollabrunn;310;50858;0;47;0;0;0;0;2;46
29.07.2020 00:00:00;Horn;311;31090;1;98;1;3,216468;0;5;1;84
29.07.2020 00:00:00;Korneuburg;312;90889;1;201;12;13,20292;0;5;0;182
29.07.2020 00:00:00;Krems(Land);313;56596;4;180;11;19,436;0;8;1;155
29.07.2020 00:00:00;Lilienfeld;314;25812;0;53;0;0;0;5;0;48
29.07.2020 00:00:00;Melk;315;77962;1;191;10;12,82676;0;4;1;176
29.07.2020 00:00:00;Mistelbach;316;75483;0;147;1;1,324802;0;7;0;139
29.07.2020 00:00:00;Mödling;317;118998;0;229;10;8,403502;0;7;0;206
29.07.2020 00:00:00;Neunkirchen;318;86291;0;238;5;5,794347;0;7;2;222
29.07.2020 00:00:00;Sankt Pölten(Land);319;131044;0;292;10;7,631025;0;11;0;268
29.07.2020 00:00:00;Scheibbs;320;41403;2;108;4;9,661136;0;1;0;103
29.07.2020 00:00:00;Tulln;321;103771;0;194;5;4,818302;0;6;1;179
29.07.2020 00:00:00;Waidhofen an der Thaya;322;25888;0;75;0;0;0;2;0;71
29.07.2020 00:00:00;Wiener Neustadt(Land);323;77991;0;111;7;8,975394;0;6;0;93
29.07.2020 00:00:00;Zwettl;325;42222;0;76;3;7,1053;0;2;0;71
29.07.2020 00:00:00;Linz(Stadt);401;205726;15;691;80;38,88667;0;15;4;529
29.07.2020 00:00:00;Steyr(Stadt);402;38193;0;78;4;10,47312;0;2;1;73
29.07.2020 00:00:00;Wels(Stadt);403;61727;0;139;2;3,240073;0;0;0;127
29.07.2020 00:00:00;Braunau am Inn;404;104408;0;163;8;7,662248;0;3;1;146
29.07.2020 00:00:00;Eferding;405;33156;1;83;14;42,22464;0;6;0;63
29.07.2020 00:00:00;Freistadt;406;66621;0;142;4;6,004113;0;6;0;127
29.07.2020 00:00:00;Gmunden;407;101631;2;135;45;44,27783;0;2;0;84
29.07.2020 00:00:00;Grieskirchen;408;64721;0;92;1;1,545094;0;1;0;87
29.07.2020 00:00:00;Kirchdorf an der Krems;409;56866;2;68;4;7,03408;0;1;0;63
29.07.2020 00:00:00;Linz-Land;410;150273;1;501;36;23,9564;0;9;12;425
29.07.2020 00:00:00;Perg;411;68459;3;359;18;26,29311;0;3;4;315
29.07.2020 00:00:00;Ried im Innkreis;412;61204;0;78;1;1,63388;0;0;0;74
29.07.2020 00:00:00;Rohrbach;413;56524;2;176;14;24,76824;0;0;0;161
29.07.2020 00:00:00;Schärding;414;57307;0;66;0;0;0;1;0;64
29.07.2020 00:00:00;Steyr-Land;415;60427;0;201;6;9,929337;0;7;1;186
29.07.2020 00:00:00;Urfahr-Umgebung;416;85505;1;338;13;15,20379;0;5;1;310
29.07.2020 00:00:00;Vöcklabruck;417;136253;3;177;18;13,21072;0;4;7;142
29.07.2020 00:00:00;Wels-Land;418;73094;1;134;10;13,68101;0;0;1;119
29.07.2020 00:00:00;Salzburg(Stadt);501;154211;3;196;16;10,37539;0;1;2;166
29.07.2020 00:00:00;Hallein;502;60374;0;81;1;1,656342;0;1;2;77
29.07.2020 00:00:00;Salzburg-Umgebung;503;152281;7;251;19;12,47693;0;10;3;218
29.07.2020 00:00:00;Sankt Johann im Pongau;504;80573;1;456;7;8,687774;0;16;1;429
29.07.2020 00:00:00;Tamsweg;505;20320;1;27;1;4,92126;0;0;0;22
29.07.2020 00:00:00;Zell am See;506;87462;0;371;1;1,143354;0;9;1;360
29.07.2020 00:00:00;Graz(Stadt);601;288806;1;581;15;5,193798;0;43;6;523
29.07.2020 00:00:00;Deutschlandsberg;603;60821;0;54;2;3,288338;0;2;0;48
29.07.2020 00:00:00;Graz-Umgebung;606;154260;1;264;7;4,537793;0;34;0;219
29.07.2020 00:00:00;Leibnitz;610;82484;0;195;2;2,424713;0;4;0;185
29.07.2020 00:00:00;Leoben;611;60060;4;49;18;29,97003;0;3;0;28
29.07.2020 00:00:00;Liezen;612;79901;0;109;4;5,006195;0;1;0;93
29.07.2020 00:00:00;Murau;614;27659;1;10;1;3,61546;0;0;1;9
29.07.2020 00:00:00;Voitsberg;616;51161;0;107;1;1,954614;0;5;0;101
29.07.2020 00:00:00;Weiz;617;90343;1;206;2;2,213785;0;18;0;183
29.07.2020 00:00:00;Murtal;620;72004;2;60;18;24,99861;0;1;0;36
29.07.2020 00:00:00;Bruck-Mürzzuschlag;621;98984;0;68;4;4,041057;0;3;0;63
29.07.2020 00:00:00;Hartberg-Fürstenfeld;622;90622;0;320;0;0;0;39;0;281
29.07.2020 00:00:00;Südoststeiermark;623;85947;0;68;0;0;0;2;0;66
29.07.2020 00:00:00;Innsbruck-Stadt;701;132110;0;446;6;4,54167;0;6;1;432
29.07.2020 00:00:00;Imst;702;60056;0;297;0;0;0;6;0;291
29.07.2020 00:00:00;Innsbruck-Land;703;179318;3;415;11;6,134354;0;13;1;391
29.07.2020 00:00:00;Kitzbühel;704;63881;0;382;10;15,65411;0;11;0;362
29.07.2020 00:00:00;Kufstein;705;109682;2;547;17;15,49935;0;35;0;493
29.07.2020 00:00:00;Landeck;706;44362;0;1008;1;2,254182;0;16;1;992
29.07.2020 00:00:00;Lienz;707;48753;0;156;0;0;0;6;0;150
29.07.2020 00:00:00;Reutte;708;32670;0;63;0;0;0;1;1;57
29.07.2020 00:00:00;Schwaz;709;83873;0;358;0;0;0;14;1;344
29.07.2020 00:00:00;Bludenz;801;63714;0;274;15;23,54271;0;4;0;254
29.07.2020 00:00:00;Bregenz;802;134383;2;285;3;2,232425;0;10;0;272
29.07.2020 00:00:00;Dornbirn;803;89041;2;167;8;8,984625;0;4;0;155
29.07.2020 00:00:00;Feldkirch;804;107159;2;228;10;9,331927;0;1;0;216
29.07.2020 00:00:00;Wien;900;1897491;18;4944;358;18,86702;0;219;46;4216
30.07.2020 00:00:00;Eisenstadt(Stadt);101;14637;0;19;0;0;0;0;0;19
30.07.2020 00:00:00;Rust(Stadt);102;1940;0;1;1;51,54639;0;0;0;0
30.07.2020 00:00:00;Eisenstadt-Umgebung;103;42927;3;33;5;11,64768;0;1;0;27
30.07.2020 00:00:00;Güssing;104;25797;0;31;4;15,50568;0;0;0;27
30.07.2020 00:00:00;Jennersdorf;105;17066;0;10;0;0;0;0;0;10
30.07.2020 00:00:00;Mattersburg;106;39925;0;81;7;17,53288;0;1;1;71
30.07.2020 00:00:00;Neusiedl am See;107;59552;0;68;6;10,07523;0;4;0;54
30.07.2020 00:00:00;Oberpullendorf;108;37513;2;28;2;5,331485;0;1;0;25
30.07.2020 00:00:00;Oberwart;109;54076;0;146;1;1,849249;0;4;0;139
30.07.2020 00:00:00;Klagenfurt Stadt;201;100817;0;103;1;0,9918962;0;3;0;97
30.07.2020 00:00:00;Villach Stadt;202;62243;1;25;1;1,606606;0;0;0;24
30.07.2020 00:00:00;Hermagor;203;18224;0;5;0;0;0;0;0;5
30.07.2020 00:00:00;Klagenfurt Land;204;59800;0;51;0;0;0;2;0;48
30.07.2020 00:00:00;Sankt Veit an der Glan;205;54555;0;54;0;0;0;0;0;53
30.07.2020 00:00:00;Spittal an der Drau;206;76091;0;48;3;3,942648;0;1;0;44
30.07.2020 00:00:00;Villach Land;207;64668;0;51;0;0;0;2;0;49
30.07.2020 00:00:00;Völkermarkt;208;41878;0;55;0;0;0;4;0;51
30.07.2020 00:00:00;Wolfsberg;209;52726;1;51;1;1,896598;0;1;0;49
30.07.2020 00:00:00;Feldkirchen;210;29937;0;16;1;3,340348;0;0;0;15
30.07.2020 00:00:00;Krems an der Donau(Stadt);301;24876;0;45;1;4,019939;0;4;0;39
30.07.2020 00:00:00;Sankt Pölten(Stadt);302;55044;0;109;3;5,450185;0;4;1;97
30.07.2020 00:00:00;Waidhofen an der Ybbs(Stadt);303;11261;0;26;1;8,880206;0;3;0;22
30.07.2020 00:00:00;Wiener Neustadt(Stadt);304;45277;0;89;1;2,208627;0;0;4;82
30.07.2020 00:00:00;Amstetten;305;116114;2;320;10;8,612226;0;16;1;292
30.07.2020 00:00:00;Baden;306;146203;4;229;16;10,94369;0;4;0;199
30.07.2020 00:00:00;Bruck an der Leitha;307;102010;1;141;15;14,70444;0;5;1;119
30.07.2020 00:00:00;Gänserndorf;308;103686;1;131;13;12,53786;0;4;1;107
30.07.2020 00:00:00;Gmünd;309;36773;0;16;0;0;0;0;0;16
30.07.2020 00:00:00;Hollabrunn;310;50858;0;47;0;0;0;0;1;47
30.07.2020 00:00:00;Horn;311;31090;0;98;1;3,216468;0;5;2;86
30.07.2020 00:00:00;Korneuburg;312;90889;3;204;13;14,30316;0;5;0;182
30.07.2020 00:00:00;Krems(Land);313;56596;0;180;8;14,13527;0;8;1;156
30.07.2020 00:00:00;Lilienfeld;314;25812;0;53;0;0;0;5;0;48
30.07.2020 00:00:00;Melk;315;77962;2;193;11;14,10944;0;4;1;177
30.07.2020 00:00:00;Mistelbach;316;75483;1;148;2;2,649603;0;7;0;139
30.07.2020 00:00:00;Mödling;317;118998;0;229;6;5,042101;0;7;3;209
30.07.2020 00:00:00;Neunkirchen;318;86291;0;238;5;5,794347;0;7;1;223
30.07.2020 00:00:00;Sankt Pölten(Land);319;131044;3;295;13;9,920332;0;11;0;268
30.07.2020 00:00:00;Scheibbs;320;41403;0;108;4;9,661136;0;1;0;103
30.07.2020 00:00:00;Tulln;321;103771;2;196;4;3,854641;0;6;1;180
30.07.2020 00:00:00;Waidhofen an der Thaya;322;25888;1;76;1;3,862794;0;2;0;71
30.07.2020 00:00:00;Wiener Neustadt(Land);323;77991;0;111;6;7,693195;0;6;1;94
30.07.2020 00:00:00;Zwettl;325;42222;0;76;3;7,1053;0;2;0;71
30.07.2020 00:00:00;Linz(Stadt);401;205726;10;701;79;38,40059;0;15;3;532
30.07.2020 00:00:00;Steyr(Stadt);402;38193;1;79;5;13,0914;0;2;0;73
30.07.2020 00:00:00;Wels(Stadt);403;61727;2;141;2;3,240073;0;0;1;128
30.07.2020 00:00:00;Braunau am Inn;404;104408;0;163;7;6,704467;0;3;0;146
30.07.2020 00:00:00;Eferding;405;33156;0;83;12;36,19254;0;6;6;69
30.07.2020 00:00:00;Freistadt;406;66621;0;142;1;1,501028;0;6;0;127
30.07.2020 00:00:00;Gmunden;407;101631;5;140;46;45,26178;0;2;2;86
30.07.2020 00:00:00;Grieskirchen;408;64721;1;93;2;3,090187;0;1;0;87
30.07.2020 00:00:00;Kirchdorf an der Krems;409;56866;1;69;5;8,7926;0;1;0;63
30.07.2020 00:00:00;Linz-Land;410;150273;16;517;37;24,62185;0;9;8;433
30.07.2020 00:00:00;Perg;411;68459;1;360;19;27,75384;0;3;3;318
30.07.2020 00:00:00;Ried im Innkreis;412;61204;0;78;1;1,63388;0;0;0;74
30.07.2020 00:00:00;Rohrbach;413;56524;3;179;14;24,76824;0;0;0;161
30.07.2020 00:00:00;Schärding;414;57307;0;66;0;0;0;1;0;64
30.07.2020 00:00:00;Steyr-Land;415;60427;0;201;5;8,274446;0;7;0;186
30.07.2020 00:00:00;Urfahr-Umgebung;416;85505;2;340;8;9,356178;0;5;1;311
30.07.2020 00:00:00;Vöcklabruck;417;136253;4;181;19;13,94465;0;4;4;146
30.07.2020 00:00:00;Wels-Land;418;73094;1;135;11;15,04912;0;0;0;119
30.07.2020 00:00:00;Salzburg(Stadt);501;154211;4;200;16;10,37539;0;1;2;168
30.07.2020 00:00:00;Hallein;502;60374;2;83;3;4,969027;0;1;1;78
30.07.2020 00:00:00;Salzburg-Umgebung;503;152281;4;255;22;14,44698;0;10;0;218
30.07.2020 00:00:00;Sankt Johann im Pongau;504;80573;8;464;15;18,61666;0;16;0;429
30.07.2020 00:00:00;Tamsweg;505;20320;0;27;1;4,92126;0;0;0;22
30.07.2020 00:00:00;Zell am See;506;87462;0;371;1;1,143354;0;9;0;360
30.07.2020 00:00:00;Graz(Stadt);601;288806;1;582;12;4,155038;0;43;3;526
30.07.2020 00:00:00;Deutschlandsberg;603;60821;0;54;2;3,288338;0;2;0;48
30.07.2020 00:00:00;Graz-Umgebung;606;154260;0;264;7;4,537793;0;34;2;221
30.07.2020 00:00:00;Leibnitz;610;82484;0;195;1;1,212356;0;4;2;187
30.07.2020 00:00:00;Leoben;611;60060;1;50;18;29,97003;0;3;0;28
30.07.2020 00:00:00;Liezen;612;79901;0;109;2;2,503098;0;1;7;100
30.07.2020 00:00:00;Murau;614;27659;0;10;1;3,61546;0;0;0;9
30.07.2020 00:00:00;Voitsberg;616;51161;0;107;1;1,954614;0;5;0;101
30.07.2020 00:00:00;Weiz;617;90343;1;207;3;3,320678;0;18;0;183
30.07.2020 00:00:00;Murtal;620;72004;1;61;15;20,83218;0;1;3;39
30.07.2020 00:00:00;Bruck-Mürzzuschlag;621;98984;1;69;5;5,051322;0;3;0;63
30.07.2020 00:00:00;Hartberg-Fürstenfeld;622;90622;0;320;0;0;0;39;0;281
30.07.2020 00:00:00;Südoststeiermark;623;85947;0;68;0;0;0;2;0;66
30.07.2020 00:00:00;Innsbruck-Stadt;701;132110;1;447;7;5,298615;0;6;0;432
30.07.2020 00:00:00;Imst;702;60056;3;300;3;4,995337;0;6;0;291
30.07.2020 00:00:00;Innsbruck-Land;703;179318;0;415;10;5,576685;0;13;1;392
30.07.2020 00:00:00;Kitzbühel;704;63881;0;382;8;12,52329;0;11;2;364
30.07.2020 00:00:00;Kufstein;705;109682;2;549;19;17,32281;0;35;1;494
30.07.2020 00:00:00;Landeck;706;44362;0;1008;1;2,254182;0;16;0;992
30.07.2020 00:00:00;Lienz;707;48753;0;156;0;0;0;6;0;150
30.07.2020 00:00:00;Reutte;708;32670;0;63;0;0;0;1;0;57
30.07.2020 00:00:00;Schwaz;709;83873;0;358;0;0;0;14;0;344
30.07.2020 00:00:00;Bludenz;801;63714;0;274;13;20,40368;0;4;1;255
30.07.2020 00:00:00;Bregenz;802;134383;0;285;3;2,232425;0;10;0;272
30.07.2020 00:00:00;Dornbirn;803;89041;0;167;7;7,861547;0;4;0;155
30.07.2020 00:00:00;Feldkirch;804;107159;0;228;5;4,665964;0;1;0;216
30.07.2020 00:00:00;Wien;900;1897491;86;5030;382;20,13185;0;219;47;4263
31.07.2020 00:00:00;Eisenstadt(Stadt);101;14637;0;19;0;0;0;0;0;19
31.07.2020 00:00:00;Rust(Stadt);102;1940;0;1;1;51,54639;0;0;0;0
31.07.2020 00:00:00;Eisenstadt-Umgebung;103;42927;0;33;5;11,64768;0;1;0;27
31.07.2020 00:00:00;Güssing;104;25797;0;31;4;15,50568;0;0;0;27
31.07.2020 00:00:00;Jennersdorf;105;17066;0;10;0;0;0;0;0;10
31.07.2020 00:00:00;Mattersburg;106;39925;0;81;6;15,02818;0;1;1;72
31.07.2020 00:00:00;Neusiedl am See;107;59552;1;69;6;10,07523;0;4;1;55
31.07.2020 00:00:00;Oberpullendorf;108;37513;0;28;2;5,331485;0;1;0;25
31.07.2020 00:00:00;Oberwart;109;54076;0;146;1;1,849249;0;4;0;139
31.07.2020 00:00:00;Klagenfurt Stadt;201;100817;1;104;2;1,983792;0;3;2;99
31.07.2020 00:00:00;Villach Stadt;202;62243;0;25;1;1,606606;0;0;0;24
31.07.2020 00:00:00;Hermagor;203;18224;0;5;0;0;0;0;0;5
31.07.2020 00:00:00;Klagenfurt Land;204;59800;0;51;0;0;0;2;1;49
31.07.2020 00:00:00;Sankt Veit an der Glan;205;54555;0;54;0;0;0;0;1;54
31.07.2020 00:00:00;Spittal an der Drau;206;76091;0;48;3;3,942648;0;1;0;44
31.07.2020 00:00:00;Villach Land;207;64668;0;51;0;0;0;2;0;49
31.07.2020 00:00:00;Völkermarkt;208;41878;0;55;0;0;0;4;0;51
31.07.2020 00:00:00;Wolfsberg;209;52726;0;51;1;1,896598;0;1;0;49
31.07.2020 00:00:00;Feldkirchen;210;29937;1;17;2;6,680696;0;0;0;15
31.07.2020 00:00:00;Krems an der Donau(Stadt);301;24876;0;45;0;0;0;4;0;39
31.07.2020 00:00:00;Sankt Pölten(Stadt);302;55044;0;109;3;5,450185;0;4;0;97
31.07.2020 00:00:00;Waidhofen an der Ybbs(Stadt);303;11261;0;26;1;8,880206;0;3;1;23
31.07.2020 00:00:00;Wiener Neustadt(Stadt);304;45277;1;90;2;4,417254;0;0;2;84
31.07.2020 00:00:00;Amstetten;305;116114;1;321;8;6,889781;0;16;2;294
31.07.2020 00:00:00;Baden;306;146203;1;230;15;10,25971;0;4;3;202
31.07.2020 00:00:00;Bruck an der Leitha;307;102010;4;145;18;17,64533;0;5;1;120
31.07.2020 00:00:00;Gänserndorf;308;103686;2;133;12;11,5734;0;4;3;110
31.07.2020 00:00:00;Gmünd;309;36773;0;16;0;0;0;0;0;16
31.07.2020 00:00:00;Hollabrunn;310;50858;1;48;1;1,966259;0;0;0;47
31.07.2020 00:00:00;Horn;311;31090;0;98;1;3,216468;0;5;0;86
31.07.2020 00:00:00;Korneuburg;312;90889;0;204;13;14,30316;0;5;3;185
31.07.2020 00:00:00;Krems(Land);313;56596;1;181;9;15,90218;0;8;3;159
31.07.2020 00:00:00;Lilienfeld;314;25812;0;53;0;0;0;5;0;48
31.07.2020 00:00:00;Melk;315;77962;1;194;9;11,54409;0;4;0;177
31.07.2020 00:00:00;Mistelbach;316;75483;0;148;2;2,649603;0;7;0;139
31.07.2020 00:00:00;Mödling;317;118998;4;233;9;7,563152;0;7;2;211
31.07.2020 00:00:00;Neunkirchen;318;86291;0;238;4;4,635478;0;7;0;223
31.07.2020 00:00:00;Sankt Pölten(Land);319;131044;1;296;14;10,68343;0;11;1;269
31.07.2020 00:00:00;Scheibbs;320;41403;0;108;4;9,661136;0;1;0;103
31.07.2020 00:00:00;Tulln;321;103771;2;198;6;5,781962;0;6;2;182
31.07.2020 00:00:00;Waidhofen an der Thaya;322;25888;0;76;1;3,862794;0;2;2;73
31.07.2020 00:00:00;Wiener Neustadt(Land);323;77991;1;112;7;8,975394;0;6;2;96
31.07.2020 00:00:00;Zwettl;325;42222;0;76;3;7,1053;0;2;0;71
31.07.2020 00:00:00;Linz(Stadt);401;205726;6;707;66;32,0815;0;15;2;534
31.07.2020 00:00:00;Steyr(Stadt);402;38193;0;79;5;13,0914;0;2;0;73
31.07.2020 00:00:00;Wels(Stadt);403;61727;0;141;2;3,240073;0;0;6;134
31.07.2020 00:00:00;Braunau am Inn;404;104408;1;164;5;4,788905;0;3;4;150
31.07.2020 00:00:00;Eferding;405;33156;1;84;8;24,12836;0;6;0;69
31.07.2020 00:00:00;Freistadt;406;66621;0;142;1;1,501028;0;6;3;130
31.07.2020 00:00:00;Gmunden;407;101631;5;145;50;49,19759;0;2;5;91
31.07.2020 00:00:00;Grieskirchen;408;64721;0;93;2;3,090187;0;1;0;87
31.07.2020 00:00:00;Kirchdorf an der Krems;409;56866;0;69;5;8,7926;0;1;0;63
31.07.2020 00:00:00;Linz-Land;410;150273;1;518;37;24,62185;0;9;8;441
31.07.2020 00:00:00;Perg;411;68459;0;360;19;27,75384;0;3;3;321
31.07.2020 00:00:00;Ried im Innkreis;412;61204;0;78;1;1,63388;0;0;2;76
31.07.2020 00:00:00;Rohrbach;413;56524;2;181;14;24,76824;0;0;0;161
31.07.2020 00:00:00;Schärding;414;57307;0;66;0;0;0;1;1;65
31.07.2020 00:00:00;Steyr-Land;415;60427;0;201;5;8,274446;0;7;3;189
31.07.2020 00:00:00;Urfahr-Umgebung;416;85505;0;340;8;9,356178;0;5;2;313
31.07.2020 00:00:00;Vöcklabruck;417;136253;3;184;18;13,21072;0;4;7;153
31.07.2020 00:00:00;Wels-Land;418;73094;0;135;9;12,31291;0;0;0;119
31.07.2020 00:00:00;Salzburg(Stadt);501;154211;0;200;13;8,430008;0;1;1;169
31.07.2020 00:00:00;Hallein;502;60374;0;83;3;4,969027;0;1;0;78
31.07.2020 00:00:00;Salzburg-Umgebung;503;152281;0;255;20;13,13361;0;10;2;220
31.07.2020 00:00:00;Sankt Johann im Pongau;504;80573;0;464;15;18,61666;0;16;1;430
31.07.2020 00:00:00;Tamsweg;505;20320;0;27;1;4,92126;0;0;0;22
31.07.2020 00:00:00;Zell am See;506;87462;0;371;1;1,143354;0;9;1;361
31.07.2020 00:00:00;Graz(Stadt);601;288806;3;585;14;4,847545;0;43;1;527
31.07.2020 00:00:00;Deutschlandsberg;603;60821;0;54;0;0;0;2;3;51
31.07.2020 00:00:00;Graz-Umgebung;606;154260;0;264;6;3,889537;0;34;1;222
31.07.2020 00:00:00;Leibnitz;610;82484;0;195;1;1,212356;0;4;3;190
31.07.2020 00:00:00;Leoben;611;60060;0;50;13;21,64502;0;3;0;28
31.07.2020 00:00:00;Liezen;612;79901;0;109;1;1,251549;0;1;3;103
31.07.2020 00:00:00;Murau;614;27659;0;10;1;3,61546;0;0;0;9
31.07.2020 00:00:00;Voitsberg;616;51161;0;107;1;1,954614;0;5;0;101
31.07.2020 00:00:00;Weiz;617;90343;0;207;3;3,320678;0;18;1;184
31.07.2020 00:00:00;Murtal;620;72004;0;61;10;13,88812;0;1;2;41
31.07.2020 00:00:00;Bruck-Mürzzuschlag;621;98984;0;69;5;5,051322;0;3;0;63
31.07.2020 00:00:00;Hartberg-Fürstenfeld;622;90622;0;320;0;0;0;39;0;281
31.07.2020 00:00:00;Südoststeiermark;623;85947;0;68;0;0;0;2;0;66
31.07.2020 00:00:00;Innsbruck-Stadt;701;132110;0;447;6;4,54167;0;6;2;434
31.07.2020 00:00:00;Imst;702;60056;0;300;3;4,995337;0;6;0;291
31.07.2020 00:00:00;Innsbruck-Land;703;179318;0;415;7;3,90368;0;13;1;393
31.07.2020 00:00:00;Kitzbühel;704;63881;0;382;8;12,52329;0;11;0;364
31.07.2020 00:00:00;Kufstein;705;109682;0;549;19;17,32281;0;35;3;497
31.07.2020 00:00:00;Landeck;706;44362;1;1009;2;4,508363;0;16;0;992
31.07.2020 00:00:00;Lienz;707;48753;0;156;0;0;0;6;0;150
31.07.2020 00:00:00;Reutte;708;32670;0;63;0;0;0;1;4;61
31.07.2020 00:00:00;Schwaz;709;83873;1;359;1;1,192279;0;14;0;344
31.07.2020 00:00:00;Bludenz;801;63714;1;275;14;21,97319;0;4;1;256
31.07.2020 00:00:00;Bregenz;802;134383;2;287;5;3,720709;0;10;0;272
31.07.2020 00:00:00;Dornbirn;803;89041;0;167;7;7,861547;0;4;1;156
31.07.2020 00:00:00;Feldkirch;804;107159;0;228;4;3,732771;0;1;0;216
31.07.2020 00:00:00;Wien;900;1897491;71;5101;415;21,87099;0;219;23;4286
01.08.2020 00:00:00;Eisenstadt(Stadt);101;14637;0;19;0;0;0;0;0;19
01.08.2020 00:00:00;Rust(Stadt);102;1940;0;1;1;51,54639;0;0;0;0
01.08.2020 00:00:00;Eisenstadt-Umgebung;103;42927;0;33;5;11,64768;0;1;0;27
01.08.2020 00:00:00;Güssing;104;25797;0;31;4;15,50568;0;0;0;27
01.08.2020 00:00:00;Jennersdorf;105;17066;0;10;0;0;0;0;0;10
01.08.2020 00:00:00;Mattersburg;106;39925;0;81;6;15,02818;0;1;0;72
01.08.2020 00:00:00;Neusiedl am See;107;59552;1;70;5;8,396024;0;4;0;55
01.08.2020 00:00:00;Oberpullendorf;108;37513;0;28;2;5,331485;0;1;0;25
01.08.2020 00:00:00;Oberwart;109;54076;0;146;1;1,849249;0;4;0;139
01.08.2020 00:00:00;Klagenfurt Stadt;201;100817;1;105;3;2,975689;0;3;0;99
01.08.2020 00:00:00;Villach Stadt;202;62243;1;26;2;3,213213;0;0;0;24
01.08.2020 00:00:00;Hermagor;203;18224;0;5;0;0;0;0;0;5
01.08.2020 00:00:00;Klagenfurt Land;204;59800;0;51;0;0;0;2;0;49
01.08.2020 00:00:00;Sankt Veit an der Glan;205;54555;0;54;0;0;0;0;0;54
01.08.2020 00:00:00;Spittal an der Drau;206;76091;0;48;3;3,942648;0;1;0;44
01.08.2020 00:00:00;Villach Land;207;64668;0;51;0;0;0;2;0;49
01.08.2020 00:00:00;Völkermarkt;208;41878;0;55;0;0;0;4;0;51
01.08.2020 00:00:00;Wolfsberg;209;52726;2;53;3;5,689793;0;1;0;49
01.08.2020 00:00:00;Feldkirchen;210;29937;0;17;2;6,680696;0;0;0;15
01.08.2020 00:00:00;Krems an der Donau(Stadt);301;24876;0;45;0;0;0;4;1;40
01.08.2020 00:00:00;Sankt Pölten(Stadt);302;55044;1;110;3;5,450185;0;4;1;98
01.08.2020 00:00:00;Waidhofen an der Ybbs(Stadt);303;11261;0;26;1;8,880206;0;3;0;23
01.08.2020 00:00:00;Wiener Neustadt(Stadt);304;45277;0;90;2;4,417254;0;0;3;87
01.08.2020 00:00:00;Amstetten;305;116114;0;321;8;6,889781;0;16;1;295
01.08.2020 00:00:00;Baden;306;146203;4;234;18;12,31165;0;4;2;204
01.08.2020 00:00:00;Bruck an der Leitha;307;102010;2;147;19;18,62563;0;5;1;121
01.08.2020 00:00:00;Gänserndorf;308;103686;0;133;10;9,644504;0;4;0;110
01.08.2020 00:00:00;Gmünd;309;36773;0;16;0;0;0;0;0;16
01.08.2020 00:00:00;Hollabrunn;310;50858;0;48;1;1,966259;0;0;0;47
01.08.2020 00:00:00;Horn;311;31090;0;98;1;3,216468;0;5;0;86
01.08.2020 00:00:00;Korneuburg;312;90889;0;204;9;9,902188;0;5;0;185
01.08.2020 00:00:00;Krems(Land);313;56596;0;181;9;15,90218;0;8;3;162
01.08.2020 00:00:00;Lilienfeld;314;25812;0;53;0;0;0;5;0;48
01.08.2020 00:00:00;Melk;315;77962;0;194;9;11,54409;0;4;3;180
01.08.2020 00:00:00;Mistelbach;316;75483;0;148;2;2,649603;0;7;0;139
01.08.2020 00:00:00;Mödling;317;118998;1;234;10;8,403502;0;7;2;213
01.08.2020 00:00:00;Neunkirchen;318;86291;0;238;4;4,635478;0;7;1;224
01.08.2020 00:00:00;Sankt Pölten(Land);319;131044;0;296;11;8,394127;0;11;0;269
01.08.2020 00:00:00;Scheibbs;320;41403;0;108;4;9,661136;0;1;0;103
01.08.2020 00:00:00;Tulln;321;103771;0;198;6;5,781962;0;6;1;183
01.08.2020 00:00:00;Waidhofen an der Thaya;322;25888;0;76;1;3,862794;0;2;0;73
01.08.2020 00:00:00;Wiener Neustadt(Land);323;77991;0;112;5;6,410996;0;6;3;99
01.08.2020 00:00:00;Zwettl;325;42222;0;76;2;4,736867;0;2;0;71
01.08.2020 00:00:00;Linz(Stadt);401;205726;7;714;56;27,22067;0;15;18;552
01.08.2020 00:00:00;Steyr(Stadt);402;38193;0;79;3;7,854843;0;2;0;73
01.08.2020 00:00:00;Wels(Stadt);403;61727;0;141;2;3,240073;0;0;0;134
01.08.2020 00:00:00;Braunau am Inn;404;104408;1;165;4;3,831124;0;3;0;150
01.08.2020 00:00:00;Eferding;405;33156;0;84;4;12,06418;0;6;0;69
01.08.2020 00:00:00;Freistadt;406;66621;0;142;1;1,501028;0;6;2;132
01.08.2020 00:00:00;Gmunden;407;101631;0;145;41;40,34202;0;2;0;91
01.08.2020 00:00:00;Grieskirchen;408;64721;0;93;2;3,090187;0;1;3;90
01.08.2020 00:00:00;Kirchdorf an der Krems;409;56866;0;69;5;8,7926;0;1;0;63
01.08.2020 00:00:00;Linz-Land;410;150273;3;521;34;22,62549;0;9;1;442
01.08.2020 00:00:00;Perg;411;68459;0;360;17;24,83238;0;3;6;327
01.08.2020 00:00:00;Ried im Innkreis;412;61204;0;78;1;1,63388;0;0;0;76
01.08.2020 00:00:00;Rohrbach;413;56524;0;181;14;24,76824;0;0;0;161
01.08.2020 00:00:00;Schärding;414;57307;0;66;0;0;0;1;0;65
01.08.2020 00:00:00;Steyr-Land;415;60427;1;202;2;3,309779;0;7;0;189
01.08.2020 00:00:00;Urfahr-Umgebung;416;85505;1;341;9;10,5257;0;5;0;313
01.08.2020 00:00:00;Vöcklabruck;417;136253;0;184;15;11,00893;0;4;0;153
01.08.2020 00:00:00;Wels-Land;418;73094;0;135;9;12,31291;0;0;0;119
01.08.2020 00:00:00;Salzburg(Stadt);501;154211;3;203;14;9,07847;0;1;1;170
01.08.2020 00:00:00;Hallein;502;60374;0;83;3;4,969027;0;1;1;79
01.08.2020 00:00:00;Salzburg-Umgebung;503;152281;0;255;18;11,82025;0;10;2;222
01.08.2020 00:00:00;Sankt Johann im Pongau;504;80573;0;464;12;14,89333;0;16;1;431
01.08.2020 00:00:00;Tamsweg;505;20320;0;27;1;4,92126;0;0;0;22
01.08.2020 00:00:00;Zell am See;506;87462;0;371;1;1,143354;0;9;0;361
01.08.2020 00:00:00;Graz(Stadt);601;288806;3;588;15;5,193798;0;43;2;529
01.08.2020 00:00:00;Deutschlandsberg;603;60821;0;54;0;0;0;2;0;51
01.08.2020 00:00:00;Graz-Umgebung;606;154260;0;264;4;2,593025;0;34;0;222
01.08.2020 00:00:00;Leibnitz;610;82484;0;195;1;1,212356;0;4;0;190
01.08.2020 00:00:00;Leoben;611;60060;0;50;12;19,98002;0;3;0;28
01.08.2020 00:00:00;Liezen;612;79901;0;109;0;0;0;1;0;103
01.08.2020 00:00:00;Murau;614;27659;0;10;1;3,61546;0;0;0;9
01.08.2020 00:00:00;Voitsberg;616;51161;0;107;1;1,954614;0;5;0;101
01.08.2020 00:00:00;Weiz;617;90343;1;208;3;3,320678;0;18;1;185
01.08.2020 00:00:00;Murtal;620;72004;0;61;9;12,49931;0;1;0;41
01.08.2020 00:00:00;Bruck-Mürzzuschlag;621;98984;0;69;5;5,051322;0;3;0;63
01.08.2020 00:00:00;Hartberg-Fürstenfeld;622;90622;0;320;0;0;0;39;0;281
01.08.2020 00:00:00;Südoststeiermark;623;85947;0;68;0;0;0;2;0;66
01.08.2020 00:00:00;Innsbruck-Stadt;701;132110;0;447;5;3,784725;0;6;0;434
01.08.2020 00:00:00;Imst;702;60056;0;300;3;4,995337;0;6;0;291
01.08.2020 00:00:00;Innsbruck-Land;703;179318;0;415;6;3,346011;0;13;1;394
01.08.2020 00:00:00;Kitzbühel;704;63881;0;382;7;10,95788;0;11;2;366
01.08.2020 00:00:00;Kufstein;705;109682;1;550;19;17,32281;0;35;0;497
01.08.2020 00:00:00;Landeck;706;44362;1;1010;3;6,762545;0;16;0;992
01.08.2020 00:00:00;Lienz;707;48753;0;156;0;0;0;6;0;150
01.08.2020 00:00:00;Reutte;708;32670;0;63;0;0;0;1;0;61
01.08.2020 00:00:00;Schwaz;709;83873;0;359;1;1,192279;0;14;0;344
01.08.2020 00:00:00;Bludenz;801;63714;1;276;15;23,54271;0;4;1;257
01.08.2020 00:00:00;Bregenz;802;134383;0;287;5;3,720709;0;10;0;272
01.08.2020 00:00:00;Dornbirn;803;89041;0;167;5;5,615391;0;4;0;156
01.08.2020 00:00:00;Feldkirch;804;107159;0;228;3;2,799578;0;1;6;222
01.08.2020 00:00:00;Wien;900;1897491;26;5127;376;19,81564;0;219;24;4310
02.08.2020 00:00:00;Eisenstadt(Stadt);101;14637;0;19;0;0;0;0;0;19
02.08.2020 00:00:00;Rust(Stadt);102;1940;0;1;1;51,54639;0;0;0;0
02.08.2020 00:00:00;Eisenstadt-Umgebung;103;42927;0;33;5;11,64768;0;1;0;27
02.08.2020 00:00:00;Güssing;104;25797;0;31;4;15,50568;0;0;0;27
02.08.2020 00:00:00;Jennersdorf;105;17066;0;10;0;0;0;0;0;10
02.08.2020 00:00:00;Mattersburg;106;39925;1;82;4;10,01879;0;1;0;72
02.08.2020 00:00:00;Neusiedl am See;107;59552;0;70;5;8,396024;0;4;0;55
02.08.2020 00:00:00;Oberpullendorf;108;37513;0;28;2;5,331485;0;1;0;25
02.08.2020 00:00:00;Oberwart;109;54076;0;146;1;1,849249;0;4;0;139
02.08.2020 00:00:00;Klagenfurt Stadt;201;100817;0;105;3;2,975689;0;3;0;99
02.08.2020 00:00:00;Villach Stadt;202;62243;0;26;2;3,213213;0;0;0;24
02.08.2020 00:00:00;Hermagor;203;18224;0;5;0;0;0;0;0;5
02.08.2020 00:00:00;Klagenfurt Land;204;59800;0;51;0;0;0;2;0;49
02.08.2020 00:00:00;Sankt Veit an der Glan;205;54555;0;54;0;0;0;0;0;54
02.08.2020 00:00:00;Spittal an der Drau;206;76091;0;48;2;2,628432;0;1;1;45
02.08.2020 00:00:00;Villach Land;207;64668;1;52;1;1,54636;0;2;0;49
02.08.2020 00:00:00;Völkermarkt;208;41878;0;55;0;0;0;4;0;51
02.08.2020 00:00:00;Wolfsberg;209;52726;0;53;3;5,689793;0;1;0;49
02.08.2020 00:00:00;Feldkirchen;210;29937;1;18;3;10,02104;0;0;0;15
02.08.2020 00:00:00;Krems an der Donau(Stadt);301;24876;0;45;0;0;0;4;0;40
02.08.2020 00:00:00;Sankt Pölten(Stadt);302;55044;2;112;5;9,083642;0;4;0;98
02.08.2020 00:00:00;Waidhofen an der Ybbs(Stadt);303;11261;0;26;0;0;0;3;0;23
02.08.2020 00:00:00;Wiener Neustadt(Stadt);304;45277;0;90;1;2,208627;0;0;1;88
02.08.2020 00:00:00;Amstetten;305;116114;0;321;8;6,889781;0;16;2;297
02.08.2020 00:00:00;Baden;306;146203;0;234;15;10,25971;0;4;0;204
02.08.2020 00:00:00;Bruck an der Leitha;307;102010;1;148;17;16,66503;0;5;1;122
02.08.2020 00:00:00;Gänserndorf;308;103686;0;133;9;8,680054;0;4;1;111
02.08.2020 00:00:00;Gmünd;309;36773;0;16;0;0;0;0;0;16
02.08.2020 00:00:00;Hollabrunn;310;50858;0;48;1;1,966259;0;0;0;47
02.08.2020 00:00:00;Horn;311;31090;0;98;1;3,216468;0;5;6;92
02.08.2020 00:00:00;Korneuburg;312;90889;0;204;7;7,701702;0;5;3;188
02.08.2020 00:00:00;Krems(Land);313;56596;0;181;9;15,90218;0;8;1;163
02.08.2020 00:00:00;Lilienfeld;314;25812;0;53;0;0;0;5;0;48
02.08.2020 00:00:00;Melk;315;77962;0;194;6;7,696057;0;4;0;180
02.08.2020 00:00:00;Mistelbach;316;75483;2;150;4;5,299206;0;7;0;139
02.08.2020 00:00:00;Mödling;317;118998;0;234;9;7,563152;0;7;0;213
02.08.2020 00:00:00;Neunkirchen;318;86291;0;238;0;0;0;7;0;224
02.08.2020 00:00:00;Sankt Pölten(Land);319;131044;2;298;12;9,157229;0;11;1;270
02.08.2020 00:00:00;Scheibbs;320;41403;0;108;4;9,661136;0;1;0;103
02.08.2020 00:00:00;Tulln;321;103771;0;198;6;5,781962;0;6;0;183
02.08.2020 00:00:00;Waidhofen an der Thaya;322;25888;0;76;1;3,862794;0;2;0;73
02.08.2020 00:00:00;Wiener Neustadt(Land);323;77991;0;112;5;6,410996;0;6;1;100
02.08.2020 00:00:00;Zwettl;325;42222;0;76;2;4,736867;0;2;0;71
02.08.2020 00:00:00;Linz(Stadt);401;205726;1;715;51;24,79025;0;15;12;564
02.08.2020 00:00:00;Steyr(Stadt);402;38193;0;79;3;7,854843;0;2;0;73
02.08.2020 00:00:00;Wels(Stadt);403;61727;0;141;2;3,240073;0;0;0;134
02.08.2020 00:00:00;Braunau am Inn;404;104408;0;165;4;3,831124;0;3;0;150
02.08.2020 00:00:00;Eferding;405;33156;0;84;2;6,032091;0;6;0;69
02.08.2020 00:00:00;Freistadt;406;66621;0;142;1;1,501028;0;6;0;132
02.08.2020 00:00:00;Gmunden;407;101631;2;147;39;38,37412;0;2;0;91
02.08.2020 00:00:00;Grieskirchen;408;64721;0;93;2;3,090187;0;1;0;90
02.08.2020 00:00:00;Kirchdorf an der Krems;409;56866;0;69;5;8,7926;0;1;0;63
02.08.2020 00:00:00;Linz-Land;410;150273;0;521;31;20,62912;0;9;3;445
02.08.2020 00:00:00;Perg;411;68459;1;361;14;20,4502;0;3;0;327
02.08.2020 00:00:00;Ried im Innkreis;412;61204;0;78;1;1,63388;0;0;0;76
02.08.2020 00:00:00;Rohrbach;413;56524;0;181;11;19,46076;0;0;0;161
02.08.2020 00:00:00;Schärding;414;57307;0;66;0;0;0;1;0;65
02.08.2020 00:00:00;Steyr-Land;415;60427;0;202;2;3,309779;0;7;1;190
02.08.2020 00:00:00;Urfahr-Umgebung;416;85505;0;341;8;9,356178;0;5;0;313
02.08.2020 00:00:00;Vöcklabruck;417;136253;2;186;17;12,47679;0;4;0;153
02.08.2020 00:00:00;Wels-Land;418;73094;0;135;7;9,57671;1;1;0;119
02.08.2020 00:00:00;Salzburg(Stadt);501;154211;3;206;15;9,726933;0;1;0;170
02.08.2020 00:00:00;Hallein;502;60374;0;83;3;4,969027;0;1;0;79
02.08.2020 00:00:00;Salzburg-Umgebung;503;152281;1;256;15;9,850211;0;10;2;224
02.08.2020 00:00:00;Sankt Johann im Pongau;504;80573;0;464;9;11,17;0;16;0;431
02.08.2020 00:00:00;Tamsweg;505;20320;0;27;1;4,92126;0;0;0;22
02.08.2020 00:00:00;Zell am See;506;87462;0;371;0;0;0;9;0;361
02.08.2020 00:00:00;Graz(Stadt);601;288806;1;589;15;5,193798;0;43;1;530
02.08.2020 00:00:00;Deutschlandsberg;603;60821;0;54;0;0;0;2;1;52
02.08.2020 00:00:00;Graz-Umgebung;606;154260;0;264;4;2,593025;0;34;0;222
02.08.2020 00:00:00;Leibnitz;610;82484;0;195;1;1,212356;0;4;0;190
02.08.2020 00:00:00;Leoben;611;60060;0;50;12;19,98002;0;3;0;28
02.08.2020 00:00:00;Liezen;612;79901;0;109;0;0;0;1;1;104
02.08.2020 00:00:00;Murau;614;27659;0;10;1;3,61546;0;0;0;9
02.08.2020 00:00:00;Voitsberg;616;51161;0;107;1;1,954614;0;5;0;101
02.08.2020 00:00:00;Weiz;617;90343;1;209;4;4,42757;0;18;0;185
02.08.2020 00:00:00;Murtal;620;72004;0;61;7;9,721683;0;1;0;41
02.08.2020 00:00:00;Bruck-Mürzzuschlag;621;98984;0;69;5;5,051322;0;3;0;63
02.08.2020 00:00:00;Hartberg-Fürstenfeld;622;90622;0;320;0;0;0;39;0;281
02.08.2020 00:00:00;Südoststeiermark;623;85947;0;68;0;0;0;2;0;66
02.08.2020 00:00:00;Innsbruck-Stadt;701;132110;1;448;5;3,784725;0;6;0;434
02.08.2020 00:00:00;Imst;702;60056;1;301;4;6,66045;0;6;0;291
02.08.2020 00:00:00;Innsbruck-Land;703;179318;0;415;4;2,230674;0;13;0;394
02.08.2020 00:00:00;Kitzbühel;704;63881;0;382;6;9,392464;0;11;0;366
02.08.2020 00:00:00;Kufstein;705;109682;0;550;17;15,49935;0;35;0;497
02.08.2020 00:00:00;Landeck;706;44362;4;1014;7;15,77927;0;16;1;993
02.08.2020 00:00:00;Lienz;707;48753;0;156;0;0;0;6;0;150
02.08.2020 00:00:00;Reutte;708;32670;0;63;0;0;0;1;0;61
02.08.2020 00:00:00;Schwaz;709;83873;0;359;1;1,192279;0;14;0;344
02.08.2020 00:00:00;Bludenz;801;63714;0;276;6;9,417083;0;4;0;257
02.08.2020 00:00:00;Bregenz;802;134383;1;288;6;4,46485;0;10;0;272
02.08.2020 00:00:00;Dornbirn;803;89041;0;167;5;5,615391;0;4;1;157
02.08.2020 00:00:00;Feldkirch;804;107159;0;228;2;1,866385;0;1;0;222
02.08.2020 00:00:00;Wien;900;1897491;41;5168;383;20,18455;0;219;50;4360
03.08.2020 00:00:00;Eisenstadt(Stadt);101;14637;0;19;0;0;0;0;0;19
03.08.2020 00:00:00;Rust(Stadt);102;1940;0;1;1;51,54639;0;0;0;0
03.08.2020 00:00:00;Eisenstadt-Umgebung;103;42927;0;33;5;11,64768;0;1;0;27
03.08.2020 00:00:00;Güssing;104;25797;0;31;4;15,50568;0;0;0;27
03.08.2020 00:00:00;Jennersdorf;105;17066;0;10;0;0;0;0;0;10
03.08.2020 00:00:00;Mattersburg;106;39925;0;82;1;2,504696;0;1;2;74
03.08.2020 00:00:00;Neusiedl am See;107;59552;1;71;5;8,396024;0;4;0;55
03.08.2020 00:00:00;Oberpullendorf;108;37513;0;28;2;5,331485;0;1;0;25
03.08.2020 00:00:00;Oberwart;109;54076;0;146;1;1,849249;0;4;0;139
03.08.2020 00:00:00;Klagenfurt Stadt;201;100817;2;107;5;4,959481;0;3;0;99
03.08.2020 00:00:00;Villach Stadt;202;62243;1;27;3;4,819819;0;0;0;24
03.08.2020 00:00:00;Hermagor;203;18224;0;5;0;0;0;0;0;5
03.08.2020 00:00:00;Klagenfurt Land;204;59800;0;51;0;0;0;2;0;49
03.08.2020 00:00:00;Sankt Veit an der Glan;205;54555;0;54;0;0;0;0;0;54
03.08.2020 00:00:00;Spittal an der Drau;206;76091;0;48;2;2,628432;0;1;1;46
03.08.2020 00:00:00;Villach Land;207;64668;0;52;1;1,54636;0;2;0;49
03.08.2020 00:00:00;Völkermarkt;208;41878;0;55;0;0;0;4;0;51
03.08.2020 00:00:00;Wolfsberg;209;52726;1;54;4;7,58639;0;1;0;49
03.08.2020 00:00:00;Feldkirchen;210;29937;0;18;2;6,680696;0;0;0;15
03.08.2020 00:00:00;Krems an der Donau(Stadt);301;24876;0;45;0;0;0;4;1;41
03.08.2020 00:00:00;Sankt Pölten(Stadt);302;55044;0;112;5;9,083642;0;4;1;99
03.08.2020 00:00:00;Waidhofen an der Ybbs(Stadt);303;11261;0;26;0;0;0;3;0;23
03.08.2020 00:00:00;Wiener Neustadt(Stadt);304;45277;0;90;1;2,208627;0;0;0;88
03.08.2020 00:00:00;Amstetten;305;116114;0;321;7;6,028558;0;16;0;297
03.08.2020 00:00:00;Baden;306;146203;1;235;14;9,575727;0;4;2;206
03.08.2020 00:00:00;Bruck an der Leitha;307;102010;1;149;16;15,68474;0;5;1;123
03.08.2020 00:00:00;Gänserndorf;308;103686;1;134;9;8,680054;0;4;5;116
03.08.2020 00:00:00;Gmünd;309;36773;0;16;0;0;0;0;0;16
03.08.2020 00:00:00;Hollabrunn;310;50858;0;48;1;1,966259;0;0;0;47
03.08.2020 00:00:00;Horn;311;31090;0;98;1;3,216468;0;5;0;92
03.08.2020 00:00:00;Korneuburg;312;90889;2;206;8;8,801946;0;5;4;192
03.08.2020 00:00:00;Krems(Land);313;56596;3;184;11;19,436;0;8;2;165
03.08.2020 00:00:00;Lilienfeld;314;25812;0;53;0;0;0;5;0;48
03.08.2020 00:00:00;Melk;315;77962;0;194;5;6,413381;0;4;3;183
03.08.2020 00:00:00;Mistelbach;316;75483;0;150;4;5,299206;0;7;0;139
03.08.2020 00:00:00;Mödling;317;118998;3;237;11;9,243853;0;7;3;216
03.08.2020 00:00:00;Neunkirchen;318;86291;0;238;0;0;0;7;1;225
03.08.2020 00:00:00;Sankt Pölten(Land);319;131044;1;299;10;7,631025;0;11;3;273
03.08.2020 00:00:00;Scheibbs;320;41403;0;108;3;7,245852;0;1;0;103
03.08.2020 00:00:00;Tulln;321;103771;1;199;7;6,745623;0;6;2;185
03.08.2020 00:00:00;Waidhofen an der Thaya;322;25888;1;77;2;7,725587;0;2;0;73
03.08.2020 00:00:00;Wiener Neustadt(Land);323;77991;1;113;2;2,564399;0;6;1;101
03.08.2020 00:00:00;Zwettl;325;42222;0;76;2;4,736867;0;2;0;71
03.08.2020 00:00:00;Linz(Stadt);401;205726;13;728;63;30,62326;0;15;2;566
03.08.2020 00:00:00;Steyr(Stadt);402;38193;0;79;3;7,854843;0;2;1;74
03.08.2020 00:00:00;Wels(Stadt);403;61727;0;141;2;3,240073;0;0;2;136
03.08.2020 00:00:00;Braunau am Inn;404;104408;3;168;6;5,746686;0;3;2;152
03.08.2020 00:00:00;Eferding;405;33156;0;84;2;6,032091;0;6;0;69
03.08.2020 00:00:00;Freistadt;406;66621;0;142;0;0;0;6;0;132
03.08.2020 00:00:00;Gmunden;407;101631;1;148;22;21,64694;0;2;19;110
03.08.2020 00:00:00;Grieskirchen;408;64721;1;94;3;4,635281;0;1;0;90
03.08.2020 00:00:00;Kirchdorf an der Krems;409;56866;0;69;5;8,7926;0;1;0;63
03.08.2020 00:00:00;Linz-Land;410;150273;2;523;31;20,62912;0;9;12;457
03.08.2020 00:00:00;Perg;411;68459;3;364;14;20,4502;0;3;1;328
03.08.2020 00:00:00;Ried im Innkreis;412;61204;0;78;1;1,63388;0;0;0;76
03.08.2020 00:00:00;Rohrbach;413;56524;0;181;9;15,92244;0;0;3;164
03.08.2020 00:00:00;Schärding;414;57307;1;67;1;1,744987;0;1;0;65
03.08.2020 00:00:00;Steyr-Land;415;60427;0;202;1;1,654889;0;7;3;193
03.08.2020 00:00:00;Urfahr-Umgebung;416;85505;0;341;6;7,017134;0;5;4;317
03.08.2020 00:00:00;Vöcklabruck;417;136253;0;186;15;11,00893;0;4;3;156
03.08.2020 00:00:00;Wels-Land;418;73094;0;135;7;9,57671;0;1;1;120
03.08.2020 00:00:00;Salzburg(Stadt);501;154211;1;207;16;10,37539;0;1;8;178
03.08.2020 00:00:00;Hallein;502;60374;0;83;3;4,969027;0;1;0;79
03.08.2020 00:00:00;Salzburg-Umgebung;503;152281;1;257;15;9,850211;0;10;3;227
03.08.2020 00:00:00;Sankt Johann im Pongau;504;80573;0;464;9;11,17;0;16;1;432
03.08.2020 00:00:00;Tamsweg;505;20320;1;28;2;9,84252;0;0;3;25
03.08.2020 00:00:00;Zell am See;506;87462;0;371;0;0;0;9;1;362
03.08.2020 00:00:00;Graz(Stadt);601;288806;0;589;14;4,847545;0;43;2;532
03.08.2020 00:00:00;Deutschlandsberg;603;60821;0;54;0;0;0;2;0;52
03.08.2020 00:00:00;Graz-Umgebung;606;154260;0;264;1;0,6482562;0;34;3;225
03.08.2020 00:00:00;Leibnitz;610;82484;0;195;0;0;0;4;0;190
03.08.2020 00:00:00;Leoben;611;60060;0;50;9;14,98501;0;3;0;28
03.08.2020 00:00:00;Liezen;612;79901;0;109;0;0;0;1;0;104
03.08.2020 00:00:00;Murau;614;27659;0;10;1;3,61546;0;0;1;10
03.08.2020 00:00:00;Voitsberg;616;51161;1;108;2;3,909228;0;5;0;101
03.08.2020 00:00:00;Weiz;617;90343;0;209;4;4,42757;0;18;1;186
03.08.2020 00:00:00;Murtal;620;72004;1;62;6;8,33287;0;1;5;46
03.08.2020 00:00:00;Bruck-Mürzzuschlag;621;98984;0;69;5;5,051322;0;3;1;64
03.08.2020 00:00:00;Hartberg-Fürstenfeld;622;90622;0;320;0;0;0;39;0;281
03.08.2020 00:00:00;Südoststeiermark;623;85947;0;68;0;0;0;2;0;66
03.08.2020 00:00:00;Innsbruck-Stadt;701;132110;1;449;6;4,54167;0;6;2;436
03.08.2020 00:00:00;Imst;702;60056;0;301;4;6,66045;0;6;0;291
03.08.2020 00:00:00;Innsbruck-Land;703;179318;0;415;4;2,230674;0;13;4;398
03.08.2020 00:00:00;Kitzbühel;704;63881;0;382;6;9,392464;0;11;1;367
03.08.2020 00:00:00;Kufstein;705;109682;0;550;11;10,02899;0;35;4;501
03.08.2020 00:00:00;Landeck;706;44362;1;1015;8;18,03345;0;16;0;993
03.08.2020 00:00:00;Lienz;707;48753;0;156;0;0;0;6;0;150
03.08.2020 00:00:00;Reutte;708;32670;0;63;0;0;0;1;0;61
03.08.2020 00:00:00;Schwaz;709;83873;0;359;1;1,192279;0;14;0;344
03.08.2020 00:00:00;Bludenz;801;63714;0;276;6;9,417083;0;4;10;267
03.08.2020 00:00:00;Bregenz;802;134383;0;288;6;4,46485;0;10;0;272
03.08.2020 00:00:00;Dornbirn;803;89041;0;167;5;5,615391;0;4;2;159
03.08.2020 00:00:00;Feldkirch;804;107159;0;228;2;1,866385;0;1;1;223
03.08.2020 00:00:00;Wien;900;1897491;46;5214;399;21,02777;0;219;44;4404
04.08.2020 00:00:00;Eisenstadt(Stadt);101;14637;0;19;0;0;0;0;0;19
04.08.2020 00:00:00;Rust(Stadt);102;1940;0;1;1;51,54639;0;0;0;0
04.08.2020 00:00:00;Eisenstadt-Umgebung;103;42927;0;33;5;11,64768;0;1;0;27
04.08.2020 00:00:00;Güssing;104;25797;0;31;4;15,50568;0;0;0;27
04.08.2020 00:00:00;Jennersdorf;105;17066;0;10;0;0;0;0;0;10
04.08.2020 00:00:00;Mattersburg;106;39925;0;82;1;2,504696;0;1;0;74
04.08.2020 00:00:00;Neusiedl am See;107;59552;0;71;5;8,396024;0;4;2;57
04.08.2020 00:00:00;Oberpullendorf;108;37513;1;29;3;7,997228;0;1;0;25
04.08.2020 00:00:00;Oberwart;109;54076;0;146;1;1,849249;0;4;0;139
04.08.2020 00:00:00;Klagenfurt Stadt;201;100817;2;109;7;6,943274;0;3;0;99
04.08.2020 00:00:00;Villach Stadt;202;62243;0;27;3;4,819819;0;0;1;25
04.08.2020 00:00:00;Hermagor;203;18224;0;5;0;0;0;0;0;5
04.08.2020 00:00:00;Klagenfurt Land;204;59800;0;51;0;0;0;2;0;49
04.08.2020 00:00:00;Sankt Veit an der Glan;205;54555;0;54;0;0;0;0;0;54
04.08.2020 00:00:00;Spittal an der Drau;206;76091;0;48;0;0;0;1;0;46
04.08.2020 00:00:00;Villach Land;207;64668;0;52;1;1,54636;0;2;0;49
04.08.2020 00:00:00;Völkermarkt;208;41878;0;55;0;0;0;4;0;51
04.08.2020 00:00:00;Wolfsberg;209;52726;0;54;4;7,58639;0;1;0;49
04.08.2020 00:00:00;Feldkirchen;210;29937;0;18;2;6,680696;0;0;0;15
04.08.2020 00:00:00;Krems an der Donau(Stadt);301;24876;0;45;0;0;0;4;0;41
04.08.2020 00:00:00;Sankt Pölten(Stadt);302;55044;1;113;4;7,266914;0;4;0;99
04.08.2020 00:00:00;Waidhofen an der Ybbs(Stadt);303;11261;0;26;0;0;0;3;0;23
04.08.2020 00:00:00;Wiener Neustadt(Stadt);304;45277;0;90;1;2,208627;0;0;0;88
04.08.2020 00:00:00;Amstetten;305;116114;0;321;4;3,44489;0;16;2;299
04.08.2020 00:00:00;Baden;306;146203;3;238;17;11,62767;0;4;2;208
04.08.2020 00:00:00;Bruck an der Leitha;307;102010;1;150;13;12,74385;0;5;0;123
04.08.2020 00:00:00;Gänserndorf;308;103686;2;136;11;10,60895;0;4;2;118
04.08.2020 00:00:00;Gmünd;309;36773;1;17;1;2,719387;0;0;0;16
04.08.2020 00:00:00;Hollabrunn;310;50858;0;48;1;1,966259;0;0;0;47
04.08.2020 00:00:00;Horn;311;31090;0;98;1;3,216468;0;5;0;92
04.08.2020 00:00:00;Korneuburg;312;90889;0;206;7;7,701702;0;5;1;193
04.08.2020 00:00:00;Krems(Land);313;56596;0;184;11;19,436;0;8;3;168
04.08.2020 00:00:00;Lilienfeld;314;25812;0;53;0;0;0;5;0;48
04.08.2020 00:00:00;Melk;315;77962;2;196;6;7,696057;0;4;1;184
04.08.2020 00:00:00;Mistelbach;316;75483;0;150;4;5,299206;0;7;0;139
04.08.2020 00:00:00;Mödling;317;118998;1;238;11;9,243853;0;7;1;217
04.08.2020 00:00:00;Neunkirchen;318;86291;0;238;0;0;0;7;4;229
04.08.2020 00:00:00;Sankt Pölten(Land);319;131044;2;301;11;8,394127;0;11;2;275
04.08.2020 00:00:00;Scheibbs;320;41403;0;108;2;4,830568;0;1;0;103
04.08.2020 00:00:00;Tulln;321;103771;1;200;8;7,709283;0;6;1;186
04.08.2020 00:00:00;Waidhofen an der Thaya;322;25888;0;77;2;7,725587;0;2;0;73
04.08.2020 00:00:00;Wiener Neustadt(Land);323;77991;0;113;2;2,564399;0;6;4;105
04.08.2020 00:00:00;Zwettl;325;42222;1;77;2;4,736867;0;2;1;72
04.08.2020 00:00:00;Linz(Stadt);401;205726;5;733;63;30,62326;0;15;13;579
04.08.2020 00:00:00;Steyr(Stadt);402;38193;1;80;3;7,854843;0;2;1;75
04.08.2020 00:00:00;Wels(Stadt);403;61727;1;142;3;4,86011;0;0;1;137
04.08.2020 00:00:00;Braunau am Inn;404;104408;0;168;5;4,788905;0;3;3;155
04.08.2020 00:00:00;Eferding;405;33156;0;84;2;6,032091;0;6;1;70
04.08.2020 00:00:00;Freistadt;406;66621;0;142;0;0;0;6;1;133
04.08.2020 00:00:00;Gmunden;407;101631;4;152;23;22,63089;0;2;8;118
04.08.2020 00:00:00;Grieskirchen;408;64721;0;94;3;4,635281;0;1;0;90
04.08.2020 00:00:00;Kirchdorf an der Krems;409;56866;0;69;3;5,27556;0;1;0;63
04.08.2020 00:00:00;Linz-Land;410;150273;3;526;29;19,29821;0;9;10;467
04.08.2020 00:00:00;Perg;411;68459;2;366;12;17,52874;0;3;4;332
04.08.2020 00:00:00;Ried im Innkreis;412;61204;0;78;0;0;0;0;0;76
04.08.2020 00:00:00;Rohrbach;413;56524;0;181;9;15,92244;0;0;2;166
04.08.2020 00:00:00;Schärding;414;57307;0;67;1;1,744987;0;1;0;65
04.08.2020 00:00:00;Steyr-Land;415;60427;2;204;3;4,964668;0;7;1;194
04.08.2020 00:00:00;Urfahr-Umgebung;416;85505;0;341;6;7,017134;0;5;4;321
04.08.2020 00:00:00;Vöcklabruck;417;136253;0;186;14;10,275;0;4;5;161
04.08.2020 00:00:00;Wels-Land;418;73094;0;135;6;8,208608;0;1;1;121
04.08.2020 00:00:00;Salzburg(Stadt);501;154211;2;209;17;11,02386;0;1;7;185
04.08.2020 00:00:00;Hallein;502;60374;0;83;3;4,969027;0;1;0;79
04.08.2020 00:00:00;Salzburg-Umgebung;503;152281;6;263;21;13,7903;0;10;2;229
04.08.2020 00:00:00;Sankt Johann im Pongau;504;80573;0;464;9;11,17;0;16;0;432
04.08.2020 00:00:00;Tamsweg;505;20320;0;28;2;9,84252;0;0;0;25
04.08.2020 00:00:00;Zell am See;506;87462;0;371;0;0;0;9;0;362
04.08.2020 00:00:00;Graz(Stadt);601;288806;5;594;15;5,193798;0;43;1;533
04.08.2020 00:00:00;Deutschlandsberg;603;60821;0;54;0;0;0;2;0;52
04.08.2020 00:00:00;Graz-Umgebung;606;154260;0;264;1;0,6482562;0;34;0;225
04.08.2020 00:00:00;Leibnitz;610;82484;0;195;0;0;0;4;0;190
04.08.2020 00:00:00;Leoben;611;60060;0;50;7;11,65501;0;3;1;29
04.08.2020 00:00:00;Liezen;612;79901;0;109;0;0;0;1;0;104
04.08.2020 00:00:00;Murau;614;27659;0;10;1;3,61546;0;0;0;10
04.08.2020 00:00:00;Voitsberg;616;51161;0;108;2;3,909228;0;5;0;101
04.08.2020 00:00:00;Weiz;617;90343;1;210;5;5,534463;0;18;0;186
04.08.2020 00:00:00;Murtal;620;72004;1;63;6;8,33287;0;1;0;46
04.08.2020 00:00:00;Bruck-Mürzzuschlag;621;98984;0;69;3;3,030793;0;3;0;64
04.08.2020 00:00:00;Hartberg-Fürstenfeld;622;90622;0;320;0;0;0;39;0;281
04.08.2020 00:00:00;Südoststeiermark;623;85947;0;68;0;0;0;2;0;66
04.08.2020 00:00:00;Innsbruck-Stadt;701;132110;1;450;5;3,784725;0;6;1;437
04.08.2020 00:00:00;Imst;702;60056;1;302;5;8,325562;0;6;0;291
04.08.2020 00:00:00;Innsbruck-Land;703;179318;1;416;5;2,788342;0;13;0;398
04.08.2020 00:00:00;Kitzbühel;704;63881;0;382;6;9,392464;0;11;0;367
04.08.2020 00:00:00;Kufstein;705;109682;1;551;12;10,94072;0;35;1;502
04.08.2020 00:00:00;Landeck;706;44362;0;1015;7;15,77927;0;16;0;993
04.08.2020 00:00:00;Lienz;707;48753;0;156;0;0;0;6;0;150
04.08.2020 00:00:00;Reutte;708;32670;0;63;0;0;0;1;1;62
04.08.2020 00:00:00;Schwaz;709;83873;2;361;3;3,576836;0;14;0;344
04.08.2020 00:00:00;Bludenz;801;63714;0;276;3;4,708541;0;4;1;268
04.08.2020 00:00:00;Bregenz;802;134383;1;289;6;4,46485;0;10;0;272
04.08.2020 00:00:00;Dornbirn;803;89041;0;167;2;2,246156;0;4;0;159
04.08.2020 00:00:00;Feldkirch;804;107159;0;228;2;1,866385;0;1;0;223
04.08.2020 00:00:00;Wien;900;1897491;24;5238;389;20,50076;0;219;65;4469
05.08.2020 00:00:00;Eisenstadt(Stadt);101;14637;0;19;0;0;0;0;0;19
05.08.2020 00:00:00;Rust(Stadt);102;1940;0;1;0;0;0;0;0;0
05.08.2020 00:00:00;Eisenstadt-Umgebung;103;42927;0;33;3;6,988608;0;1;0;27
05.08.2020 00:00:00;Güssing;104;25797;0;31;4;15,50568;0;0;0;27
05.08.2020 00:00:00;Jennersdorf;105;17066;0;10;0;0;0;0;0;10
05.08.2020 00:00:00;Mattersburg;106;39925;0;82;1;2,504696;0;1;3;77
05.08.2020 00:00:00;Neusiedl am See;107;59552;0;71;4;6,716819;0;4;3;60
05.08.2020 00:00:00;Oberpullendorf;108;37513;0;29;3;7,997228;0;1;0;25
05.08.2020 00:00:00;Oberwart;109;54076;0;146;1;1,849249;0;4;0;139
05.08.2020 00:00:00;Klagenfurt Stadt;201;100817;1;110;8;7,93517;0;3;0;99
05.08.2020 00:00:00;Villach Stadt;202;62243;3;30;6;9,639638;0;0;0;25
05.08.2020 00:00:00;Hermagor;203;18224;0;5;0;0;0;0;0;5
05.08.2020 00:00:00;Klagenfurt Land;204;59800;2;53;2;3,344482;0;2;0;49
05.08.2020 00:00:00;Sankt Veit an der Glan;205;54555;0;54;0;0;0;0;0;54
05.08.2020 00:00:00;Spittal an der Drau;206;76091;1;49;1;1,314216;0;1;1;47
05.08.2020 00:00:00;Villach Land;207;64668;1;53;2;3,09272;0;2;0;49
05.08.2020 00:00:00;Völkermarkt;208;41878;0;55;0;0;0;4;0;51
05.08.2020 00:00:00;Wolfsberg;209;52726;0;54;4;7,58639;0;1;0;49
05.08.2020 00:00:00;Feldkirchen;210;29937;0;18;2;6,680696;0;0;0;15
05.08.2020 00:00:00;Krems an der Donau(Stadt);301;24876;1;46;1;4,019939;0;4;0;41
05.08.2020 00:00:00;Sankt Pölten(Stadt);302;55044;1;114;5;9,083642;0;4;0;99
05.08.2020 00:00:00;Waidhofen an der Ybbs(Stadt);303;11261;0;26;0;0;0;3;0;23
05.08.2020 00:00:00;Wiener Neustadt(Stadt);304;45277;0;90;1;2,208627;0;0;0;88
05.08.2020 00:00:00;Amstetten;305;116114;0;321;3;2,583668;0;16;1;300
05.08.2020 00:00:00;Baden;306;146203;1;239;17;11,62767;0;4;1;209
05.08.2020 00:00:00;Bruck an der Leitha;307;102010;0;150;12;11,76355;0;5;2;125
05.08.2020 00:00:00;Gänserndorf;308;103686;2;138;8;7,715603;0;4;5;123
05.08.2020 00:00:00;Gmünd;309;36773;0;17;1;2,719387;0;0;0;16
05.08.2020 00:00:00;Hollabrunn;310;50858;0;48;1;1,966259;0;0;0;47
05.08.2020 00:00:00;Horn;311;31090;0;98;1;3,216468;0;5;0;92
05.08.2020 00:00:00;Korneuburg;312;90889;1;207;7;7,701702;0;5;1;194
05.08.2020 00:00:00;Krems(Land);313;56596;0;184;8;14,13527;0;8;0;168
05.08.2020 00:00:00;Lilienfeld;314;25812;0;53;0;0;0;5;0;48
05.08.2020 00:00:00;Melk;315;77962;0;196;6;7,696057;0;4;0;184
05.08.2020 00:00:00;Mistelbach;316;75483;1;151;4;5,299206;0;7;0;139
05.08.2020 00:00:00;Mödling;317;118998;1;239;10;8,403502;0;7;1;218
05.08.2020 00:00:00;Neunkirchen;318;86291;0;238;0;0;0;7;0;229
05.08.2020 00:00:00;Sankt Pölten(Land);319;131044;1;302;10;7,631025;0;11;1;276
05.08.2020 00:00:00;Scheibbs;320;41403;0;108;2;4,830568;0;1;1;104
05.08.2020 00:00:00;Tulln;321;103771;2;202;8;7,709283;0;6;0;186
05.08.2020 00:00:00;Waidhofen an der Thaya;322;25888;0;77;2;7,725587;0;2;0;73
05.08.2020 00:00:00;Wiener Neustadt(Land);323;77991;1;114;3;3,846598;0;6;0;105
05.08.2020 00:00:00;Zwettl;325;42222;0;77;1;2,368433;0;2;0;72
05.08.2020 00:00:00;Linz(Stadt);401;205726;5;738;62;30,13717;0;15;42;621
05.08.2020 00:00:00;Steyr(Stadt);402;38193;0;80;2;5,236562;0;2;1;76
05.08.2020 00:00:00;Wels(Stadt);403;61727;3;145;6;9,72022;0;0;1;138
05.08.2020 00:00:00;Braunau am Inn;404;104408;1;169;6;5,746686;0;3;1;156
05.08.2020 00:00:00;Eferding;405;33156;1;85;3;9,048136;0;6;3;73
05.08.2020 00:00:00;Freistadt;406;66621;1;143;1;1,501028;0;6;2;135
05.08.2020 00:00:00;Gmunden;407;101631;0;152;19;18,69508;0;2;3;121
05.08.2020 00:00:00;Grieskirchen;408;64721;1;95;3;4,635281;0;1;0;90
05.08.2020 00:00:00;Kirchdorf an der Krems;409;56866;0;69;3;5,27556;0;1;0;63
05.08.2020 00:00:00;Linz-Land;410;150273;10;536;36;23,9564;0;9;3;470
05.08.2020 00:00:00;Perg;411;68459;1;367;11;16,06801;0;3;5;337
05.08.2020 00:00:00;Ried im Innkreis;412;61204;1;79;1;1,63388;0;0;0;76
05.08.2020 00:00:00;Rohrbach;413;56524;1;182;8;14,15328;0;0;5;171
05.08.2020 00:00:00;Schärding;414;57307;0;67;1;1,744987;0;1;0;65
05.08.2020 00:00:00;Steyr-Land;415;60427;0;204;3;4,964668;0;7;0;194
05.08.2020 00:00:00;Urfahr-Umgebung;416;85505;1;342;5;5,847611;0;5;2;323
05.08.2020 00:00:00;Vöcklabruck;417;136253;0;186;12;8,807145;0;4;0;161
05.08.2020 00:00:00;Wels-Land;418;73094;1;136;3;4,104304;0;1;2;123
05.08.2020 00:00:00;Salzburg(Stadt);501;154211;0;209;16;10,37539;0;1;1;186
05.08.2020 00:00:00;Hallein;502;60374;0;83;2;3,312684;0;1;0;79
05.08.2020 00:00:00;Salzburg-Umgebung;503;152281;1;264;20;13,13361;1;11;3;232
05.08.2020 00:00:00;Sankt Johann im Pongau;504;80573;0;464;9;11,17;0;16;6;438
05.08.2020 00:00:00;Tamsweg;505;20320;0;28;2;9,84252;0;0;0;25
05.08.2020 00:00:00;Zell am See;506;87462;0;371;0;0;0;9;0;362
05.08.2020 00:00:00;Graz(Stadt);601;288806;0;594;14;4,847545;0;43;4;537
05.08.2020 00:00:00;Deutschlandsberg;603;60821;0;54;0;0;0;2;0;52
05.08.2020 00:00:00;Graz-Umgebung;606;154260;0;264;1;0,6482562;0;34;0;225
05.08.2020 00:00:00;Leibnitz;610;82484;0;195;0;0;0;4;0;190
05.08.2020 00:00:00;Leoben;611;60060;0;50;5;8,325008;0;3;3;32
05.08.2020 00:00:00;Liezen;612;79901;0;109;0;0;0;1;1;105
05.08.2020 00:00:00;Murau;614;27659;0;10;1;3,61546;0;0;0;10
05.08.2020 00:00:00;Voitsberg;616;51161;1;109;2;3,909228;0;5;0;101
05.08.2020 00:00:00;Weiz;617;90343;0;210;5;5,534463;0;18;1;187
05.08.2020 00:00:00;Murtal;620;72004;0;63;5;6,944059;0;1;3;49
05.08.2020 00:00:00;Bruck-Mürzzuschlag;621;98984;2;71;3;3,030793;0;3;0;64
05.08.2020 00:00:00;Hartberg-Fürstenfeld;622;90622;0;320;0;0;0;39;0;281
05.08.2020 00:00:00;Südoststeiermark;623;85947;0;68;0;0;0;2;0;66
05.08.2020 00:00:00;Innsbruck-Stadt;701;132110;1;451;5;3,784725;0;6;0;437
05.08.2020 00:00:00;Imst;702;60056;1;303;6;9,990675;0;6;0;291
05.08.2020 00:00:00;Innsbruck-Land;703;179318;0;416;4;2,230674;0;13;2;400
05.08.2020 00:00:00;Kitzbühel;704;63881;0;382;0;0;0;11;0;367
05.08.2020 00:00:00;Kufstein;705;109682;0;551;6;5,47036;0;35;0;502
05.08.2020 00:00:00;Landeck;706;44362;0;1015;7;15,77927;0;16;0;993
05.08.2020 00:00:00;Lienz;707;48753;1;157;1;2,051156;0;6;0;150
05.08.2020 00:00:00;Reutte;708;32670;1;64;1;3,060912;0;1;0;62
05.08.2020 00:00:00;Schwaz;709;83873;0;361;3;3,576836;0;14;0;344
05.08.2020 00:00:00;Bludenz;801;63714;0;276;2;3,139028;0;4;0;268
05.08.2020 00:00:00;Bregenz;802;134383;1;290;7;5,208992;0;10;0;272
05.08.2020 00:00:00;Dornbirn;803;89041;1;168;3;3,369234;0;4;0;159
05.08.2020 00:00:00;Feldkirch;804;107159;2;230;4;3,732771;0;1;1;224
05.08.2020 00:00:00;Wien;900;1897491;97;5335;409;21,55478;0;219;40;4509
06.08.2020 00:00:00;Eisenstadt(Stadt);101;14637;0;19;0;0;0;0;0;19
06.08.2020 00:00:00;Rust(Stadt);102;1940;0;1;0;0;0;0;0;0
06.08.2020 00:00:00;Eisenstadt-Umgebung;103;42927;0;33;3;6,988608;0;1;0;27
06.08.2020 00:00:00;Güssing;104;25797;0;31;0;0;0;0;0;27
06.08.2020 00:00:00;Jennersdorf;105;17066;0;10;0;0;0;0;0;10
06.08.2020 00:00:00;Mattersburg;106;39925;0;82;1;2,504696;0;1;0;77
06.08.2020 00:00:00;Neusiedl am See;107;59552;0;71;3;5,037614;0;4;1;61
06.08.2020 00:00:00;Oberpullendorf;108;37513;0;29;3;7,997228;0;1;0;25
06.08.2020 00:00:00;Oberwart;109;54076;0;146;0;0;0;4;0;139
06.08.2020 00:00:00;Klagenfurt Stadt;201;100817;2;112;9;8,927066;0;3;0;99
06.08.2020 00:00:00;Villach Stadt;202;62243;0;30;6;9,639638;0;0;0;25
06.08.2020 00:00:00;Hermagor;203;18224;0;5;0;0;0;0;0;5
06.08.2020 00:00:00;Klagenfurt Land;204;59800;0;53;2;3,344482;0;2;0;49
06.08.2020 00:00:00;Sankt Veit an der Glan;205;54555;0;54;0;0;0;0;0;54
06.08.2020 00:00:00;Spittal an der Drau;206;76091;0;49;1;1,314216;0;1;0;47
06.08.2020 00:00:00;Villach Land;207;64668;0;53;2;3,09272;0;2;0;49
06.08.2020 00:00:00;Völkermarkt;208;41878;0;55;0;0;0;4;0;51
06.08.2020 00:00:00;Wolfsberg;209;52726;0;54;4;7,58639;0;1;0;49
06.08.2020 00:00:00;Feldkirchen;210;29937;2;20;4;13,36139;0;0;1;16
06.08.2020 00:00:00;Krems an der Donau(Stadt);301;24876;0;46;1;4,019939;0;4;0;41
06.08.2020 00:00:00;Sankt Pölten(Stadt);302;55044;0;114;5;9,083642;0;4;1;100
06.08.2020 00:00:00;Waidhofen an der Ybbs(Stadt);303;11261;0;26;0;0;0;3;0;23
06.08.2020 00:00:00;Wiener Neustadt(Stadt);304;45277;0;90;1;2,208627;0;0;0;88
06.08.2020 00:00:00;Amstetten;305;116114;0;321;3;2,583668;0;16;0;300
06.08.2020 00:00:00;Baden;306;146203;1;240;15;10,25971;0;4;1;210
06.08.2020 00:00:00;Bruck an der Leitha;307;102010;2;152;12;11,76355;0;5;1;126
06.08.2020 00:00:00;Gänserndorf;308;103686;1;139;9;8,680054;0;4;1;124
06.08.2020 00:00:00;Gmünd;309;36773;0;17;1;2,719387;0;0;0;16
06.08.2020 00:00:00;Hollabrunn;310;50858;0;48;1;1,966259;0;0;0;47
06.08.2020 00:00:00;Horn;311;31090;0;98;0;0;0;5;0;92
06.08.2020 00:00:00;Korneuburg;312;90889;0;207;6;6,601459;0;5;1;195
06.08.2020 00:00:00;Krems(Land);313;56596;2;186;6;10,60146;0;8;1;169
06.08.2020 00:00:00;Lilienfeld;314;25812;0;53;0;0;0;5;0;48
06.08.2020 00:00:00;Melk;315;77962;1;197;6;7,696057;0;4;1;185
06.08.2020 00:00:00;Mistelbach;316;75483;2;153;6;7,94881;0;7;0;139
06.08.2020 00:00:00;Mödling;317;118998;2;241;12;10,0842;0;7;2;220
06.08.2020 00:00:00;Neunkirchen;318;86291;0;238;0;0;0;7;1;230
06.08.2020 00:00:00;Sankt Pölten(Land);319;131044;0;302;10;7,631025;0;11;1;277
06.08.2020 00:00:00;Scheibbs;320;41403;0;108;0;0;0;1;0;104
06.08.2020 00:00:00;Tulln;321;103771;2;204;10;9,636603;0;6;0;186
06.08.2020 00:00:00;Waidhofen an der Thaya;322;25888;0;77;2;7,725587;0;2;0;73
06.08.2020 00:00:00;Wiener Neustadt(Land);323;77991;1;115;4;5,128797;0;6;0;105
06.08.2020 00:00:00;Zwettl;325;42222;0;77;1;2,368433;0;2;0;72
06.08.2020 00:00:00;Linz(Stadt);401;205726;6;744;53;25,76242;1;16;6;627
06.08.2020 00:00:00;Steyr(Stadt);402;38193;0;80;2;5,236562;0;2;1;77
06.08.2020 00:00:00;Wels(Stadt);403;61727;4;149;10;16,20037;0;0;0;138
06.08.2020 00:00:00;Braunau am Inn;404;104408;0;169;6;5,746686;0;3;1;157
06.08.2020 00:00:00;Eferding;405;33156;1;86;3;9,048136;0;6;1;74
06.08.2020 00:00:00;Freistadt;406;66621;0;143;1;1,501028;0;6;0;135
06.08.2020 00:00:00;Gmunden;407;101631;1;153;18;17,71113;0;2;6;127
06.08.2020 00:00:00;Grieskirchen;408;64721;0;95;3;4,635281;0;1;1;91
06.08.2020 00:00:00;Kirchdorf an der Krems;409;56866;0;69;1;1,75852;0;1;0;63
06.08.2020 00:00:00;Linz-Land;410;150273;3;539;38;25,28731;0;9;5;475
06.08.2020 00:00:00;Perg;411;68459;1;368;9;13,14655;0;3;3;340
06.08.2020 00:00:00;Ried im Innkreis;412;61204;0;79;1;1,63388;0;0;0;76
06.08.2020 00:00:00;Rohrbach;413;56524;2;184;8;14,15328;0;0;0;171
06.08.2020 00:00:00;Schärding;414;57307;0;67;1;1,744987;0;1;0;65
06.08.2020 00:00:00;Steyr-Land;415;60427;1;205;4;6,619557;0;7;0;194
06.08.2020 00:00:00;Urfahr-Umgebung;416;85505;0;342;4;4,678089;0;5;1;324
06.08.2020 00:00:00;Vöcklabruck;417;136253;0;186;9;6,605359;0;4;6;167
06.08.2020 00:00:00;Wels-Land;418;73094;1;137;3;4,104304;0;1;2;125
06.08.2020 00:00:00;Salzburg(Stadt);501;154211;3;212;16;10,37539;0;1;2;188
06.08.2020 00:00:00;Hallein;502;60374;0;83;2;3,312684;0;1;0;79
06.08.2020 00:00:00;Salzburg-Umgebung;503;152281;6;270;19;12,47693;0;11;0;232
06.08.2020 00:00:00;Sankt Johann im Pongau;504;80573;0;464;8;9,928885;0;16;1;439
06.08.2020 00:00:00;Tamsweg;505;20320;1;29;2;9,84252;0;0;1;26
06.08.2020 00:00:00;Zell am See;506;87462;1;372;1;1,143354;0;9;0;362
06.08.2020 00:00:00;Graz(Stadt);601;288806;2;596;15;5,193798;0;43;0;537
06.08.2020 00:00:00;Deutschlandsberg;603;60821;0;54;0;0;0;2;0;52
06.08.2020 00:00:00;Graz-Umgebung;606;154260;0;264;0;0;0;34;1;226
06.08.2020 00:00:00;Leibnitz;610;82484;0;195;0;0;0;4;0;190
06.08.2020 00:00:00;Leoben;611;60060;0;50;1;1,665002;0;3;2;34
06.08.2020 00:00:00;Liezen;612;79901;5;114;5;6,257744;0;1;0;105
06.08.2020 00:00:00;Murau;614;27659;0;10;0;0;0;0;0;10
06.08.2020 00:00:00;Voitsberg;616;51161;0;109;2;3,909228;0;5;0;101
06.08.2020 00:00:00;Weiz;617;90343;0;210;4;4,42757;0;18;1;188
06.08.2020 00:00:00;Murtal;620;72004;1;64;4;5,555247;0;1;3;52
06.08.2020 00:00:00;Bruck-Mürzzuschlag;621;98984;0;71;3;3,030793;0;3;1;65
06.08.2020 00:00:00;Hartberg-Fürstenfeld;622;90622;0;320;0;0;0;39;0;281
06.08.2020 00:00:00;Südoststeiermark;623;85947;0;68;0;0;0;2;0;66
06.08.2020 00:00:00;Innsbruck-Stadt;701;132110;0;451;5;3,784725;0;6;0;437
06.08.2020 00:00:00;Imst;702;60056;0;303;6;9,990675;0;6;0;291
06.08.2020 00:00:00;Innsbruck-Land;703;179318;0;416;1;0,5576685;0;13;0;400
06.08.2020 00:00:00;Kitzbühel;704;63881;0;382;0;0;0;11;1;368
06.08.2020 00:00:00;Kufstein;705;109682;0;551;4;3,646907;0;35;0;502
06.08.2020 00:00:00;Landeck;706;44362;1;1016;8;18,03345;0;16;0;993
06.08.2020 00:00:00;Lienz;707;48753;0;157;1;2,051156;0;6;0;150
06.08.2020 00:00:00;Reutte;708;32670;0;64;1;3,060912;0;1;0;62
06.08.2020 00:00:00;Schwaz;709;83873;0;361;3;3,576836;0;14;0;344
06.08.2020 00:00:00;Bludenz;801;63714;1;277;3;4,708541;0;4;0;268
06.08.2020 00:00:00;Bregenz;802;134383;0;290;5;3,720709;0;10;1;273
06.08.2020 00:00:00;Dornbirn;803;89041;1;169;2;2,246156;0;4;1;160
06.08.2020 00:00:00;Feldkirch;804;107159;1;231;3;2,799578;0;1;0;224
06.08.2020 00:00:00;Wien;900;1897491;60;5395;451;23,76823;0;219;64;4573
07.08.2020 00:00:00;Eisenstadt(Stadt);101;14637;1;20;1;6,832001;0;0;0;19
07.08.2020 00:00:00;Rust(Stadt);102;1940;0;1;0;0;0;0;0;0
07.08.2020 00:00:00;Eisenstadt-Umgebung;103;42927;0;33;0;0;0;1;0;27
07.08.2020 00:00:00;Güssing;104;25797;0;31;0;0;0;0;0;27
07.08.2020 00:00:00;Jennersdorf;105;17066;0;10;0;0;0;0;0;10
07.08.2020 00:00:00;Mattersburg;106;39925;0;82;1;2,504696;0;1;1;78
07.08.2020 00:00:00;Neusiedl am See;107;59552;0;71;3;5,037614;0;4;0;61
07.08.2020 00:00:00;Oberpullendorf;108;37513;0;29;1;2,665743;0;1;0;25
07.08.2020 00:00:00;Oberwart;109;54076;1;147;1;1,849249;0;4;0;139
07.08.2020 00:00:00;Klagenfurt Stadt;201;100817;0;112;9;8,927066;0;3;0;99
07.08.2020 00:00:00;Villach Stadt;202;62243;3;33;8;12,85285;0;0;0;25
07.08.2020 00:00:00;Hermagor;203;18224;0;5;0;0;0;0;0;5
07.08.2020 00:00:00;Klagenfurt Land;204;59800;0;53;2;3,344482;0;2;0;49
07.08.2020 00:00:00;Sankt Veit an der Glan;205;54555;0;54;0;0;0;0;0;54
07.08.2020 00:00:00;Spittal an der Drau;206;76091;0;49;1;1,314216;0;1;0;47
07.08.2020 00:00:00;Villach Land;207;64668;1;54;3;4,63908;0;2;0;49
07.08.2020 00:00:00;Völkermarkt;208;41878;0;55;0;0;0;4;0;51
07.08.2020 00:00:00;Wolfsberg;209;52726;0;54;3;5,689793;0;1;0;49
07.08.2020 00:00:00;Feldkirchen;210;29937;1;21;5;16,70174;0;0;0;16
07.08.2020 00:00:00;Krems an der Donau(Stadt);301;24876;0;46;1;4,019939;0;4;0;41
07.08.2020 00:00:00;Sankt Pölten(Stadt);302;55044;1;115;6;10,90037;0;4;3;103
07.08.2020 00:00:00;Waidhofen an der Ybbs(Stadt);303;11261;0;26;0;0;0;3;0;23
07.08.2020 00:00:00;Wiener Neustadt(Stadt);304;45277;1;91;2;4,417254;0;0;0;88
07.08.2020 00:00:00;Amstetten;305;116114;0;321;1;0,8612226;0;16;4;304
07.08.2020 00:00:00;Baden;306;146203;0;240;11;7,523786;0;4;8;218
07.08.2020 00:00:00;Bruck an der Leitha;307;102010;0;152;11;10,78326;0;5;1;127
07.08.2020 00:00:00;Gänserndorf;308;103686;0;139;8;7,715603;1;5;1;125
07.08.2020 00:00:00;Gmünd;309;36773;0;17;1;2,719387;0;0;0;16
07.08.2020 00:00:00;Hollabrunn;310;50858;0;48;1;1,966259;0;0;0;47
07.08.2020 00:00:00;Horn;311;31090;0;98;0;0;0;5;0;92
07.08.2020 00:00:00;Korneuburg;312;90889;1;208;4;4,400973;0;5;3;198
07.08.2020 00:00:00;Krems(Land);313;56596;0;186;6;10,60146;0;8;0;169
07.08.2020 00:00:00;Lilienfeld;314;25812;0;53;0;0;0;5;0;48
07.08.2020 00:00:00;Melk;315;77962;0;197;4;5,130705;0;4;0;185
07.08.2020 00:00:00;Mistelbach;316;75483;0;153;5;6,624008;0;7;0;139
07.08.2020 00:00:00;Mödling;317;118998;3;244;15;12,60525;0;7;0;220
07.08.2020 00:00:00;Neunkirchen;318;86291;0;238;0;0;0;7;0;230
07.08.2020 00:00:00;Sankt Pölten(Land);319;131044;0;302;7;5,341717;0;11;0;277
07.08.2020 00:00:00;Scheibbs;320;41403;0;108;0;0;0;1;0;104
07.08.2020 00:00:00;Tulln;321;103771;1;205;9;8,672943;0;6;0;186
07.08.2020 00:00:00;Waidhofen an der Thaya;322;25888;0;77;1;3,862794;0;2;0;73
07.08.2020 00:00:00;Wiener Neustadt(Land);323;77991;2;117;6;7,693195;0;6;0;105
07.08.2020 00:00:00;Zwettl;325;42222;0;77;1;2,368433;0;2;1;73
07.08.2020 00:00:00;Linz(Stadt);401;205726;4;748;47;22,84592;0;16;16;643
07.08.2020 00:00:00;Steyr(Stadt);402;38193;1;81;2;5,236562;0;2;0;77
07.08.2020 00:00:00;Wels(Stadt);403;61727;3;152;11;17,8204;0;0;1;139
07.08.2020 00:00:00;Braunau am Inn;404;104408;1;170;7;6,704467;0;3;0;157
07.08.2020 00:00:00;Eferding;405;33156;2;88;5;15,08023;0;6;0;74
07.08.2020 00:00:00;Freistadt;406;66621;0;143;1;1,501028;0;6;0;135
07.08.2020 00:00:00;Gmunden;407;101631;1;154;14;13,77532;0;2;4;131
07.08.2020 00:00:00;Grieskirchen;408;64721;0;95;2;3,090187;0;1;0;91
07.08.2020 00:00:00;Kirchdorf an der Krems;409;56866;1;70;1;1,75852;0;1;1;64
07.08.2020 00:00:00;Linz-Land;410;150273;6;545;28;18,63276;0;9;3;478
07.08.2020 00:00:00;Perg;411;68459;0;368;8;11,68583;0;3;10;350
07.08.2020 00:00:00;Ried im Innkreis;412;61204;0;79;1;1,63388;0;0;0;76
07.08.2020 00:00:00;Rohrbach;413;56524;0;184;5;8,8458;0;0;5;176
07.08.2020 00:00:00;Schärding;414;57307;0;67;1;1,744987;0;1;0;65
07.08.2020 00:00:00;Steyr-Land;415;60427;0;205;4;6,619557;0;7;0;194
07.08.2020 00:00:00;Urfahr-Umgebung;416;85505;0;342;2;2,339045;0;5;1;325
07.08.2020 00:00:00;Vöcklabruck;417;136253;2;188;7;5,137502;0;4;2;169
07.08.2020 00:00:00;Wels-Land;418;73094;0;137;2;2,736203;0;1;5;130
07.08.2020 00:00:00;Salzburg(Stadt);501;154211;0;212;12;7,781546;0;1;4;192
07.08.2020 00:00:00;Hallein;502;60374;0;83;0;0;0;1;1;80
07.08.2020 00:00:00;Salzburg-Umgebung;503;152281;2;272;17;11,16357;0;11;7;239
07.08.2020 00:00:00;Sankt Johann im Pongau;504;80573;1;465;1;1,241111;0;16;1;440
07.08.2020 00:00:00;Tamsweg;505;20320;0;29;2;9,84252;0;0;0;26
07.08.2020 00:00:00;Zell am See;506;87462;0;372;1;1,143354;0;9;0;362
07.08.2020 00:00:00;Graz(Stadt);601;288806;2;598;16;5,540051;0;43;3;540
07.08.2020 00:00:00;Deutschlandsberg;603;60821;0;54;0;0;0;2;0;52
07.08.2020 00:00:00;Graz-Umgebung;606;154260;0;264;0;0;0;34;1;227
07.08.2020 00:00:00;Leibnitz;610;82484;0;195;0;0;0;4;0;190
07.08.2020 00:00:00;Leoben;611;60060;0;50;0;0;0;3;9;43
07.08.2020 00:00:00;Liezen;612;79901;0;114;5;6,257744;0;1;0;105
07.08.2020 00:00:00;Murau;614;27659;1;11;1;3,61546;0;0;0;10
07.08.2020 00:00:00;Voitsberg;616;51161;0;109;2;3,909228;0;5;0;101
07.08.2020 00:00:00;Weiz;617;90343;0;210;3;3,320678;0;18;0;188
07.08.2020 00:00:00;Murtal;620;72004;1;65;4;5,555247;0;1;0;52
07.08.2020 00:00:00;Bruck-Mürzzuschlag;621;98984;0;71;2;2,020529;0;3;0;65
07.08.2020 00:00:00;Hartberg-Fürstenfeld;622;90622;0;320;0;0;0;39;0;281
07.08.2020 00:00:00;Südoststeiermark;623;85947;0;68;0;0;0;2;0;66
07.08.2020 00:00:00;Innsbruck-Stadt;701;132110;1;452;5;3,784725;0;6;1;438
07.08.2020 00:00:00;Imst;702;60056;0;303;3;4,995337;0;6;1;292
07.08.2020 00:00:00;Innsbruck-Land;703;179318;2;418;3;1,673005;0;13;0;400
07.08.2020 00:00:00;Kitzbühel;704;63881;0;382;0;0;0;11;2;370
07.08.2020 00:00:00;Kufstein;705;109682;0;551;2;1,823453;0;35;2;504
07.08.2020 00:00:00;Landeck;706;44362;0;1016;8;18,03345;0;16;0;993
07.08.2020 00:00:00;Lienz;707;48753;0;157;1;2,051156;0;6;0;150
07.08.2020 00:00:00;Reutte;708;32670;0;64;1;3,060912;0;1;0;62
07.08.2020 00:00:00;Schwaz;709;83873;0;361;3;3,576836;0;14;0;344
07.08.2020 00:00:00;Bludenz;801;63714;0;277;3;4,708541;0;4;0;268
07.08.2020 00:00:00;Bregenz;802;134383;3;293;8;5,953134;0;10;3;276
07.08.2020 00:00:00;Dornbirn;803;89041;0;169;2;2,246156;0;4;2;162
07.08.2020 00:00:00;Feldkirch;804;107159;0;231;3;2,799578;0;1;2;226
07.08.2020 00:00:00;Wien;900;1897491;42;5437;407;21,44938;0;219;31;4604
08.08.2020 00:00:00;Eisenstadt(Stadt);101;14637;0;20;1;6,832001;0;0;0;19
08.08.2020 00:00:00;Rust(Stadt);102;1940;0;1;0;0;0;0;1;1
08.08.2020 00:00:00;Eisenstadt-Umgebung;103;42927;1;34;1;2,329536;0;1;0;27
08.08.2020 00:00:00;Güssing;104;25797;0;31;0;0;0;0;5;32
08.08.2020 00:00:00;Jennersdorf;105;17066;0;10;0;0;0;0;0;10
08.08.2020 00:00:00;Mattersburg;106;39925;0;82;1;2,504696;0;1;0;78
08.08.2020 00:00:00;Neusiedl am See;107;59552;1;72;3;5,037614;0;4;0;61
08.08.2020 00:00:00;Oberpullendorf;108;37513;0;29;1;2,665743;0;1;0;25
08.08.2020 00:00:00;Oberwart;109;54076;0;147;1;1,849249;0;4;0;139
08.08.2020 00:00:00;Klagenfurt Stadt;201;100817;0;112;8;7,93517;0;3;0;99
08.08.2020 00:00:00;Villach Stadt;202;62243;0;33;8;12,85285;0;0;0;25
08.08.2020 00:00:00;Hermagor;203;18224;0;5;0;0;0;0;0;5
08.08.2020 00:00:00;Klagenfurt Land;204;59800;0;53;2;3,344482;0;2;0;49
08.08.2020 00:00:00;Sankt Veit an der Glan;205;54555;0;54;0;0;0;0;0;54
08.08.2020 00:00:00;Spittal an der Drau;206;76091;0;49;1;1,314216;0;1;0;47
08.08.2020 00:00:00;Villach Land;207;64668;0;54;3;4,63908;0;2;0;49
08.08.2020 00:00:00;Völkermarkt;208;41878;0;55;0;0;0;4;0;51
08.08.2020 00:00:00;Wolfsberg;209;52726;4;58;7;13,27618;0;1;1;50
08.08.2020 00:00:00;Feldkirchen;210;29937;0;21;4;13,36139;0;0;0;16
08.08.2020 00:00:00;Krems an der Donau(Stadt);301;24876;0;46;1;4,019939;0;4;0;41
08.08.2020 00:00:00;Sankt Pölten(Stadt);302;55044;0;115;6;10,90037;0;4;0;103
08.08.2020 00:00:00;Waidhofen an der Ybbs(Stadt);303;11261;0;26;0;0;0;3;0;23
08.08.2020 00:00:00;Wiener Neustadt(Stadt);304;45277;0;91;1;2,208627;0;0;0;88
08.08.2020 00:00:00;Amstetten;305;116114;0;321;0;0;0;16;1;305
08.08.2020 00:00:00;Baden;306;146203;3;243;13;8,891747;0;4;0;218
08.08.2020 00:00:00;Bruck an der Leitha;307;102010;1;153;8;7,842369;0;5;1;128
08.08.2020 00:00:00;Gänserndorf;308;103686;0;139;6;5,786702;0;5;1;126
08.08.2020 00:00:00;Gmünd;309;36773;0;17;1;2,719387;0;0;0;16
08.08.2020 00:00:00;Hollabrunn;310;50858;1;49;1;1,966259;0;0;0;47
08.08.2020 00:00:00;Horn;311;31090;0;98;0;0;0;5;0;92
08.08.2020 00:00:00;Korneuburg;312;90889;0;208;4;4,400973;0;5;1;199
08.08.2020 00:00:00;Krems(Land);313;56596;0;186;5;8,834547;0;8;1;170
08.08.2020 00:00:00;Lilienfeld;314;25812;0;53;0;0;0;5;0;48
08.08.2020 00:00:00;Melk;315;77962;0;197;3;3,848028;0;4;2;187
08.08.2020 00:00:00;Mistelbach;316;75483;0;153;5;6,624008;0;7;0;139
08.08.2020 00:00:00;Mödling;317;118998;0;244;11;9,243853;0;7;1;221
08.08.2020 00:00:00;Neunkirchen;318;86291;1;239;1;1,158869;0;7;1;231
08.08.2020 00:00:00;Sankt Pölten(Land);319;131044;0;302;6;4,578615;0;11;0;277
08.08.2020 00:00:00;Scheibbs;320;41403;0;108;0;0;0;1;3;107
08.08.2020 00:00:00;Tulln;321;103771;0;205;7;6,745623;0;6;2;188
08.08.2020 00:00:00;Waidhofen an der Thaya;322;25888;0;77;1;3,862794;0;2;0;73
08.08.2020 00:00:00;Wiener Neustadt(Land);323;77991;0;117;5;6,410996;0;6;1;106
08.08.2020 00:00:00;Zwettl;325;42222;1;78;2;4,736867;0;2;0;73
08.08.2020 00:00:00;Linz(Stadt);401;205726;1;749;42;20,4155;1;17;12;655
08.08.2020 00:00:00;Steyr(Stadt);402;38193;0;81;2;5,236562;0;2;0;77
08.08.2020 00:00:00;Wels(Stadt);403;61727;0;152;11;17,8204;0;0;0;139
08.08.2020 00:00:00;Braunau am Inn;404;104408;0;170;6;5,746686;0;3;1;158
08.08.2020 00:00:00;Eferding;405;33156;2;90;6;18,09627;0;6;0;74
08.08.2020 00:00:00;Freistadt;406;66621;0;143;1;1,501028;0;6;0;135
08.08.2020 00:00:00;Gmunden;407;101631;0;154;9;8,855566;0;2;0;131
08.08.2020 00:00:00;Grieskirchen;408;64721;1;96;3;4,635281;0;1;0;91
08.08.2020 00:00:00;Kirchdorf an der Krems;409;56866;0;70;1;1,75852;0;1;1;65
08.08.2020 00:00:00;Linz-Land;410;150273;2;547;29;19,29821;0;9;1;479
08.08.2020 00:00:00;Perg;411;68459;0;368;8;11,68583;0;3;4;354
08.08.2020 00:00:00;Ried im Innkreis;412;61204;0;79;1;1,63388;0;0;0;76
08.08.2020 00:00:00;Rohrbach;413;56524;1;185;4;7,07664;0;0;0;176
08.08.2020 00:00:00;Schärding;414;57307;0;67;1;1,744987;0;1;0;65
08.08.2020 00:00:00;Steyr-Land;415;60427;0;205;4;6,619557;0;7;0;194
08.08.2020 00:00:00;Urfahr-Umgebung;416;85505;0;342;2;2,339045;0;5;1;326
08.08.2020 00:00:00;Vöcklabruck;417;136253;0;188;4;2,935715;0;4;0;169
08.08.2020 00:00:00;Wels-Land;418;73094;0;137;2;2,736203;0;1;0;130
08.08.2020 00:00:00;Salzburg(Stadt);501;154211;2;214;14;9,07847;0;1;2;194
08.08.2020 00:00:00;Hallein;502;60374;0;83;0;0;0;1;0;80
08.08.2020 00:00:00;Salzburg-Umgebung;503;152281;14;286;31;20,3571;0;11;1;240
08.08.2020 00:00:00;Sankt Johann im Pongau;504;80573;0;465;1;1,241111;0;16;2;442
08.08.2020 00:00:00;Tamsweg;505;20320;0;29;2;9,84252;0;0;0;26
08.08.2020 00:00:00;Zell am See;506;87462;4;376;5;5,716768;0;9;0;362
08.08.2020 00:00:00;Graz(Stadt);601;288806;1;599;14;4,847545;0;43;1;541
08.08.2020 00:00:00;Deutschlandsberg;603;60821;0;54;0;0;0;2;0;52
08.08.2020 00:00:00;Graz-Umgebung;606;154260;0;264;0;0;0;34;0;227
08.08.2020 00:00:00;Leibnitz;610;82484;1;196;1;1,212356;0;4;0;190
08.08.2020 00:00:00;Leoben;611;60060;0;50;0;0;0;3;0;43
08.08.2020 00:00:00;Liezen;612;79901;1;115;6;7,509293;0;1;3;108
08.08.2020 00:00:00;Murau;614;27659;0;11;1;3,61546;0;0;0;10
08.08.2020 00:00:00;Voitsberg;616;51161;0;109;2;3,909228;0;5;0;101
08.08.2020 00:00:00;Weiz;617;90343;0;210;3;3,320678;0;18;0;188
08.08.2020 00:00:00;Murtal;620;72004;1;66;5;6,944059;0;1;0;52
08.08.2020 00:00:00;Bruck-Mürzzuschlag;621;98984;0;71;2;2,020529;0;3;1;66
08.08.2020 00:00:00;Hartberg-Fürstenfeld;622;90622;0;320;0;0;0;39;0;281
08.08.2020 00:00:00;Südoststeiermark;623;85947;0;68;0;0;0;2;0;66
08.08.2020 00:00:00;Innsbruck-Stadt;701;132110;0;452;5;3,784725;0;6;0;438
08.08.2020 00:00:00;Imst;702;60056;1;304;4;6,66045;0;6;0;292
08.08.2020 00:00:00;Innsbruck-Land;703;179318;0;418;3;1,673005;0;13;0;400
08.08.2020 00:00:00;Kitzbühel;704;63881;0;382;0;0;0;11;0;370
08.08.2020 00:00:00;Kufstein;705;109682;0;551;2;1,823453;0;35;4;508
08.08.2020 00:00:00;Landeck;706;44362;0;1016;7;15,77927;0;16;1;994
08.08.2020 00:00:00;Lienz;707;48753;0;157;1;2,051156;0;6;0;150
08.08.2020 00:00:00;Reutte;708;32670;0;64;1;3,060912;0;1;0;62
08.08.2020 00:00:00;Schwaz;709;83873;0;361;2;2,384558;0;14;0;344
08.08.2020 00:00:00;Bludenz;801;63714;0;277;2;3,139028;0;4;1;269
08.08.2020 00:00:00;Bregenz;802;134383;0;293;6;4,46485;0;10;0;276
08.08.2020 00:00:00;Dornbirn;803;89041;0;169;2;2,246156;0;4;0;162
08.08.2020 00:00:00;Feldkirch;804;107159;0;231;3;2,799578;0;1;1;227
08.08.2020 00:00:00;Wien;900;1897491;60;5497;396;20,86967;0;219;32;4636
09.08.2020 00:00:00;Eisenstadt(Stadt);101;14637;0;20;1;6,832001;0;0;0;19
09.08.2020 00:00:00;Rust(Stadt);102;1940;0;1;0;0;0;0;0;1
09.08.2020 00:00:00;Eisenstadt-Umgebung;103;42927;0;34;1;2,329536;0;1;0;27
09.08.2020 00:00:00;Güssing;104;25797;0;31;0;0;0;0;0;32
09.08.2020 00:00:00;Jennersdorf;105;17066;0;10;0;0;0;0;0;10
09.08.2020 00:00:00;Mattersburg;106;39925;0;82;1;2,504696;0;1;0;78
09.08.2020 00:00:00;Neusiedl am See;107;59552;0;72;2;3,358409;0;4;1;62
09.08.2020 00:00:00;Oberpullendorf;108;37513;0;29;1;2,665743;0;1;0;25
09.08.2020 00:00:00;Oberwart;109;54076;0;147;1;1,849249;0;4;1;140
09.08.2020 00:00:00;Klagenfurt Stadt;201;100817;0;112;7;6,943274;0;3;0;99
09.08.2020 00:00:00;Villach Stadt;202;62243;0;33;7;11,24624;0;0;1;26
09.08.2020 00:00:00;Hermagor;203;18224;0;5;0;0;0;0;0;5
09.08.2020 00:00:00;Klagenfurt Land;204;59800;0;53;2;3,344482;0;2;0;49
09.08.2020 00:00:00;Sankt Veit an der Glan;205;54555;0;54;0;0;0;0;0;54
09.08.2020 00:00:00;Spittal an der Drau;206;76091;0;49;1;1,314216;0;1;0;47
09.08.2020 00:00:00;Villach Land;207;64668;0;54;3;4,63908;0;2;0;49
09.08.2020 00:00:00;Völkermarkt;208;41878;0;55;0;0;0;4;0;51
09.08.2020 00:00:00;Wolfsberg;209;52726;5;63;10;18,96597;0;1;0;50
09.08.2020 00:00:00;Feldkirchen;210;29937;0;21;4;13,36139;0;0;0;16
09.08.2020 00:00:00;Krems an der Donau(Stadt);301;24876;0;46;1;4,019939;0;4;0;41
09.08.2020 00:00:00;Sankt Pölten(Stadt);302;55044;2;117;7;12,7171;0;4;0;103
09.08.2020 00:00:00;Waidhofen an der Ybbs(Stadt);303;11261;0;26;0;0;0;3;0;23
09.08.2020 00:00:00;Wiener Neustadt(Stadt);304;45277;0;91;1;2,208627;0;0;0;88
09.08.2020 00:00:00;Amstetten;305;116114;1;322;1;0,8612226;0;16;0;305
09.08.2020 00:00:00;Baden;306;146203;0;243;9;6,155825;0;4;2;220
09.08.2020 00:00:00;Bruck an der Leitha;307;102010;0;153;6;5,881776;0;5;2;130
09.08.2020 00:00:00;Gänserndorf;308;103686;0;139;6;5,786702;0;5;0;126
09.08.2020 00:00:00;Gmünd;309;36773;0;17;1;2,719387;0;0;0;16
09.08.2020 00:00:00;Hollabrunn;310;50858;0;49;1;1,966259;0;0;1;48
09.08.2020 00:00:00;Horn;311;31090;0;98;0;0;0;5;0;92
09.08.2020 00:00:00;Korneuburg;312;90889;0;208;4;4,400973;0;5;0;199
09.08.2020 00:00:00;Krems(Land);313;56596;0;186;5;8,834547;0;8;1;171
09.08.2020 00:00:00;Lilienfeld;314;25812;0;53;0;0;0;5;0;48
09.08.2020 00:00:00;Melk;315;77962;0;197;3;3,848028;0;4;1;188
09.08.2020 00:00:00;Mistelbach;316;75483;1;154;6;7,94881;0;7;0;139
09.08.2020 00:00:00;Mödling;317;118998;0;244;10;8,403502;0;7;1;222
09.08.2020 00:00:00;Neunkirchen;318;86291;1;240;2;2,317739;0;7;0;231
09.08.2020 00:00:00;Sankt Pölten(Land);319;131044;1;303;7;5,341717;0;11;2;279
09.08.2020 00:00:00;Scheibbs;320;41403;0;108;0;0;0;1;0;107
09.08.2020 00:00:00;Tulln;321;103771;0;205;7;6,745623;0;6;1;189
09.08.2020 00:00:00;Waidhofen an der Thaya;322;25888;0;77;1;3,862794;0;2;0;73
09.08.2020 00:00:00;Wiener Neustadt(Land);323;77991;0;117;5;6,410996;0;6;0;106
09.08.2020 00:00:00;Zwettl;325;42222;1;79;3;7,1053;0;2;0;73
09.08.2020 00:00:00;Linz(Stadt);401;205726;2;751;37;17,98509;0;17;9;664
09.08.2020 00:00:00;Steyr(Stadt);402;38193;0;81;2;5,236562;0;2;0;77
09.08.2020 00:00:00;Wels(Stadt);403;61727;1;153;12;19,44044;0;0;0;139
09.08.2020 00:00:00;Braunau am Inn;404;104408;1;171;6;5,746686;0;3;0;158
09.08.2020 00:00:00;Eferding;405;33156;0;90;6;18,09627;0;6;1;75
09.08.2020 00:00:00;Freistadt;406;66621;0;143;1;1,501028;0;6;0;135
09.08.2020 00:00:00;Gmunden;407;101631;0;154;9;8,855566;0;2;0;131
09.08.2020 00:00:00;Grieskirchen;408;64721;1;97;4;6,180374;0;1;1;92
09.08.2020 00:00:00;Kirchdorf an der Krems;409;56866;0;70;1;1,75852;0;1;0;65
09.08.2020 00:00:00;Linz-Land;410;150273;3;550;29;19,29821;0;9;2;481
09.08.2020 00:00:00;Perg;411;68459;1;369;9;13,14655;0;3;1;355
09.08.2020 00:00:00;Ried im Innkreis;412;61204;0;79;1;1,63388;0;0;0;76
09.08.2020 00:00:00;Rohrbach;413;56524;0;185;4;7,07664;0;0;1;177
09.08.2020 00:00:00;Schärding;414;57307;0;67;1;1,744987;0;1;0;65
09.08.2020 00:00:00;Steyr-Land;415;60427;0;205;3;4,964668;0;7;1;195
09.08.2020 00:00:00;Urfahr-Umgebung;416;85505;0;342;1;1,169522;0;5;0;326
09.08.2020 00:00:00;Vöcklabruck;417;136253;2;190;6;4,403573;0;4;0;169
09.08.2020 00:00:00;Wels-Land;418;73094;0;137;2;2,736203;0;1;0;130
09.08.2020 00:00:00;Salzburg(Stadt);501;154211;0;214;11;7,133084;0;1;0;194
09.08.2020 00:00:00;Hallein;502;60374;2;85;2;3,312684;0;1;0;80
09.08.2020 00:00:00;Salzburg-Umgebung;503;152281;0;286;31;20,3571;0;11;0;240
09.08.2020 00:00:00;Sankt Johann im Pongau;504;80573;0;465;1;1,241111;0;16;2;444
09.08.2020 00:00:00;Tamsweg;505;20320;0;29;2;9,84252;0;0;0;26
09.08.2020 00:00:00;Zell am See;506;87462;0;376;5;5,716768;0;9;0;362
09.08.2020 00:00:00;Graz(Stadt);601;288806;1;600;12;4,155038;0;43;2;543
09.08.2020 00:00:00;Deutschlandsberg;603;60821;0;54;0;0;0;2;0;52
09.08.2020 00:00:00;Graz-Umgebung;606;154260;0;264;0;0;0;34;0;227
09.08.2020 00:00:00;Leibnitz;610;82484;0;196;1;1,212356;0;4;0;190
09.08.2020 00:00:00;Leoben;611;60060;0;50;0;0;0;3;0;43
09.08.2020 00:00:00;Liezen;612;79901;0;115;6;7,509293;0;1;0;108
09.08.2020 00:00:00;Murau;614;27659;0;11;1;3,61546;0;0;0;10
09.08.2020 00:00:00;Voitsberg;616;51161;0;109;2;3,909228;0;5;0;101
09.08.2020 00:00:00;Weiz;617;90343;0;210;2;2,213785;0;18;0;188
09.08.2020 00:00:00;Murtal;620;72004;0;66;5;6,944059;0;1;0;52
09.08.2020 00:00:00;Bruck-Mürzzuschlag;621;98984;1;72;3;3,030793;0;3;0;66
09.08.2020 00:00:00;Hartberg-Fürstenfeld;622;90622;0;320;0;0;0;39;0;281
09.08.2020 00:00:00;Südoststeiermark;623;85947;0;68;0;0;0;2;0;66
09.08.2020 00:00:00;Innsbruck-Stadt;701;132110;1;453;6;4,54167;0;6;0;438
09.08.2020 00:00:00;Imst;702;60056;0;304;4;6,66045;0;6;0;292
09.08.2020 00:00:00;Innsbruck-Land;703;179318;0;418;3;1,673005;0;13;1;401
09.08.2020 00:00:00;Kitzbühel;704;63881;1;383;1;1,565411;0;11;0;370
09.08.2020 00:00:00;Kufstein;705;109682;0;551;1;0,9117267;0;35;0;508
09.08.2020 00:00:00;Landeck;706;44362;0;1016;6;13,52509;0;16;0;994
09.08.2020 00:00:00;Lienz;707;48753;0;157;1;2,051156;0;6;0;150
09.08.2020 00:00:00;Reutte;708;32670;0;64;1;3,060912;0;1;0;62
09.08.2020 00:00:00;Schwaz;709;83873;1;362;3;3,576836;0;14;0;344
09.08.2020 00:00:00;Bludenz;801;63714;3;280;4;6,278055;0;4;1;270
09.08.2020 00:00:00;Bregenz;802;134383;0;293;6;4,46485;0;10;0;276
09.08.2020 00:00:00;Dornbirn;803;89041;1;170;3;3,369234;0;4;1;163
09.08.2020 00:00:00;Feldkirch;804;107159;4;235;7;6,532349;0;1;0;227
09.08.2020 00:00:00;Wien;900;1897491;33;5530;403;21,23857;0;219;33;4669
10.08.2020 00:00:00;Eisenstadt(Stadt);101;14637;0;20;1;6,832001;0;0;0;19
10.08.2020 00:00:00;Rust(Stadt);102;1940;0;1;0;0;0;0;0;1
10.08.2020 00:00:00;Eisenstadt-Umgebung;103;42927;0;34;1;2,329536;0;1;1;28
10.08.2020 00:00:00;Güssing;104;25797;1;32;1;3,87642;0;0;0;32
10.08.2020 00:00:00;Jennersdorf;105;17066;0;10;0;0;0;0;0;10
10.08.2020 00:00:00;Mattersburg;106;39925;0;82;0;0;0;1;1;79
10.08.2020 00:00:00;Neusiedl am See;107;59552;0;72;2;3,358409;0;4;0;62
10.08.2020 00:00:00;Oberpullendorf;108;37513;0;29;1;2,665743;0;1;0;25
10.08.2020 00:00:00;Oberwart;109;54076;1;148;2;3,698498;0;4;2;142
10.08.2020 00:00:00;Klagenfurt Stadt;201;100817;0;112;7;6,943274;0;3;0;99
10.08.2020 00:00:00;Villach Stadt;202;62243;0;33;7;11,24624;0;0;0;26
10.08.2020 00:00:00;Hermagor;203;18224;0;5;0;0;0;0;0;5
10.08.2020 00:00:00;Klagenfurt Land;204;59800;0;53;2;3,344482;0;2;0;49
10.08.2020 00:00:00;Sankt Veit an der Glan;205;54555;0;54;0;0;0;0;0;54
10.08.2020 00:00:00;Spittal an der Drau;206;76091;0;49;1;1,314216;0;1;0;47
10.08.2020 00:00:00;Villach Land;207;64668;2;56;4;6,18544;0;2;0;49
10.08.2020 00:00:00;Völkermarkt;208;41878;0;55;0;0;0;4;0;51
10.08.2020 00:00:00;Wolfsberg;209;52726;0;63;10;18,96597;0;1;0;50
10.08.2020 00:00:00;Feldkirchen;210;29937;0;21;3;10,02104;0;0;0;16
10.08.2020 00:00:00;Krems an der Donau(Stadt);301;24876;0;46;1;4,019939;0;4;0;41
10.08.2020 00:00:00;Sankt Pölten(Stadt);302;55044;1;118;6;10,90037;0;4;0;103
10.08.2020 00:00:00;Waidhofen an der Ybbs(Stadt);303;11261;0;26;0;0;0;3;0;23
10.08.2020 00:00:00;Wiener Neustadt(Stadt);304;45277;0;91;1;2,208627;0;0;0;88
10.08.2020 00:00:00;Amstetten;305;116114;1;323;2;1,722445;0;16;0;305
10.08.2020 00:00:00;Baden;306;146203;1;244;10;6,839805;0;4;5;225
10.08.2020 00:00:00;Bruck an der Leitha;307;102010;0;153;5;4,90148;0;5;1;131
10.08.2020 00:00:00;Gänserndorf;308;103686;0;139;6;5,786702;0;5;1;127
10.08.2020 00:00:00;Gmünd;309;36773;0;17;1;2,719387;0;0;0;16
10.08.2020 00:00:00;Hollabrunn;310;50858;1;50;2;3,932518;0;0;0;48
10.08.2020 00:00:00;Horn;311;31090;0;98;0;0;0;5;1;93
10.08.2020 00:00:00;Korneuburg;312;90889;0;208;4;4,400973;0;5;0;199
10.08.2020 00:00:00;Krems(Land);313;56596;0;186;5;8,834547;0;8;0;171
10.08.2020 00:00:00;Lilienfeld;314;25812;0;53;0;0;0;5;0;48
10.08.2020 00:00:00;Melk;315;77962;1;198;4;5,130705;0;4;1;189
10.08.2020 00:00:00;Mistelbach;316;75483;1;155;5;6,624008;0;7;1;140
10.08.2020 00:00:00;Mödling;317;118998;0;244;10;8,403502;0;7;0;222
10.08.2020 00:00:00;Neunkirchen;318;86291;0;240;2;2,317739;0;7;1;232
10.08.2020 00:00:00;Sankt Pölten(Land);319;131044;7;310;12;9,157229;0;11;2;281
10.08.2020 00:00:00;Scheibbs;320;41403;0;108;0;0;0;1;0;107
10.08.2020 00:00:00;Tulln;321;103771;0;205;7;6,745623;0;6;0;189
10.08.2020 00:00:00;Waidhofen an der Thaya;322;25888;0;77;1;3,862794;0;2;1;74
10.08.2020 00:00:00;Wiener Neustadt(Land);323;77991;0;117;5;6,410996;0;6;0;106
10.08.2020 00:00:00;Zwettl;325;42222;3;82;6;14,2106;0;2;0;73
10.08.2020 00:00:00;Linz(Stadt);401;205726;9;760;45;21,87375;0;17;15;679
10.08.2020 00:00:00;Steyr(Stadt);402;38193;3;84;5;13,0914;0;2;0;77
10.08.2020 00:00:00;Wels(Stadt);403;61727;3;156;15;24,30055;0;0;0;139
10.08.2020 00:00:00;Braunau am Inn;404;104408;1;172;7;6,704467;0;3;1;159
10.08.2020 00:00:00;Eferding;405;33156;0;90;6;18,09627;0;6;3;78
10.08.2020 00:00:00;Freistadt;406;66621;0;143;1;1,501028;0;6;0;135
10.08.2020 00:00:00;Gmunden;407;101631;2;156;9;8,855566;0;2;5;136
10.08.2020 00:00:00;Grieskirchen;408;64721;2;99;6;9,270561;0;1;0;92
10.08.2020 00:00:00;Kirchdorf an der Krems;409;56866;0;70;1;1,75852;0;1;1;66
10.08.2020 00:00:00;Linz-Land;410;150273;1;551;30;19,96367;0;9;7;488
10.08.2020 00:00:00;Perg;411;68459;0;369;8;11,68583;0;3;0;355
10.08.2020 00:00:00;Ried im Innkreis;412;61204;1;80;2;3,26776;0;0;1;77
10.08.2020 00:00:00;Rohrbach;413;56524;0;185;4;7,07664;0;0;3;180
10.08.2020 00:00:00;Schärding;414;57307;0;67;1;1,744987;0;1;0;65
10.08.2020 00:00:00;Steyr-Land;415;60427;4;209;7;11,58423;0;7;0;195
10.08.2020 00:00:00;Urfahr-Umgebung;416;85505;0;342;1;1,169522;0;5;0;326
10.08.2020 00:00:00;Vöcklabruck;417;136253;2;192;6;4,403573;0;4;2;171
10.08.2020 00:00:00;Wels-Land;418;73094;1;138;3;4,104304;0;1;0;130
10.08.2020 00:00:00;Salzburg(Stadt);501;154211;1;215;9;5,83616;0;1;4;198
10.08.2020 00:00:00;Hallein;502;60374;0;85;2;3,312684;0;1;2;82
10.08.2020 00:00:00;Salzburg-Umgebung;503;152281;4;290;34;22,32714;0;11;0;240
10.08.2020 00:00:00;Sankt Johann im Pongau;504;80573;0;465;1;1,241111;0;16;0;444
10.08.2020 00:00:00;Tamsweg;505;20320;0;29;2;9,84252;0;0;0;26
10.08.2020 00:00:00;Zell am See;506;87462;0;376;5;5,716768;0;9;0;362
10.08.2020 00:00:00;Graz(Stadt);601;288806;4;604;15;5,193798;0;43;0;543
10.08.2020 00:00:00;Deutschlandsberg;603;60821;0;54;0;0;0;2;0;52
10.08.2020 00:00:00;Graz-Umgebung;606;154260;1;265;1;0,6482562;0;34;2;229
10.08.2020 00:00:00;Leibnitz;610;82484;0;196;1;1,212356;0;4;0;190
10.08.2020 00:00:00;Leoben;611;60060;0;50;0;0;0;3;3;46
10.08.2020 00:00:00;Liezen;612;79901;0;115;6;7,509293;0;1;0;108
10.08.2020 00:00:00;Murau;614;27659;1;12;2;7,230919;0;0;0;10
10.08.2020 00:00:00;Voitsberg;616;51161;0;109;2;3,909228;0;5;2;103
10.08.2020 00:00:00;Weiz;617;90343;0;210;1;1,106893;0;18;0;188
10.08.2020 00:00:00;Murtal;620;72004;0;66;5;6,944059;0;1;3;55
10.08.2020 00:00:00;Bruck-Mürzzuschlag;621;98984;1;73;4;4,041057;0;3;0;66
10.08.2020 00:00:00;Hartberg-Fürstenfeld;622;90622;0;320;0;0;0;39;0;281
10.08.2020 00:00:00;Südoststeiermark;623;85947;0;68;0;0;0;2;0;66
10.08.2020 00:00:00;Innsbruck-Stadt;701;132110;8;461;13;9,840284;0;6;1;439
10.08.2020 00:00:00;Imst;702;60056;0;304;3;4,995337;0;6;0;292
10.08.2020 00:00:00;Innsbruck-Land;703;179318;3;421;6;3,346011;0;13;1;402
10.08.2020 00:00:00;Kitzbühel;704;63881;0;383;1;1,565411;0;11;0;370
10.08.2020 00:00:00;Kufstein;705;109682;1;552;2;1,823453;0;35;4;512
10.08.2020 00:00:00;Landeck;706;44362;0;1016;2;4,508363;0;16;1;995
10.08.2020 00:00:00;Lienz;707;48753;0;157;1;2,051156;0;6;0;150
10.08.2020 00:00:00;Reutte;708;32670;0;64;1;3,060912;0;1;0;62
10.08.2020 00:00:00;Schwaz;709;83873;1;363;4;4,769115;0;14;0;344
10.08.2020 00:00:00;Bludenz;801;63714;1;281;5;7,847569;0;4;0;270
10.08.2020 00:00:00;Bregenz;802;134383;1;294;6;4,46485;0;10;1;277
10.08.2020 00:00:00;Dornbirn;803;89041;1;171;4;4,492312;0;4;0;163
10.08.2020 00:00:00;Feldkirch;804;107159;0;235;7;6,532349;0;1;0;227
10.08.2020 00:00:00;Wien;900;1897491;81;5611;443;23,34662;0;219;61;4730
11.08.2020 00:00:00;Eisenstadt(Stadt);101;14637;0;20;1;6,832001;0;0;0;19
11.08.2020 00:00:00;Rust(Stadt);102;1940;0;1;0;0;0;0;0;1
11.08.2020 00:00:00;Eisenstadt-Umgebung;103;42927;0;34;1;2,329536;0;1;0;28
11.08.2020 00:00:00;Güssing;104;25797;0;32;1;3,87642;0;0;0;32
11.08.2020 00:00:00;Jennersdorf;105;17066;0;10;0;0;0;0;0;10
11.08.2020 00:00:00;Mattersburg;106;39925;0;82;0;0;0;1;0;79
11.08.2020 00:00:00;Neusiedl am See;107;59552;0;72;1;1,679205;0;4;0;62
11.08.2020 00:00:00;Oberpullendorf;108;37513;1;30;2;5,331485;0;1;3;28
11.08.2020 00:00:00;Oberwart;109;54076;0;148;2;3,698498;0;4;0;142
11.08.2020 00:00:00;Klagenfurt Stadt;201;100817;1;113;6;5,951377;0;3;0;99
11.08.2020 00:00:00;Villach Stadt;202;62243;0;33;6;9,639638;0;0;0;26
11.08.2020 00:00:00;Hermagor;203;18224;0;5;0;0;0;0;0;5
11.08.2020 00:00:00;Klagenfurt Land;204;59800;1;54;3;5,016722;0;2;0;49
11.08.2020 00:00:00;Sankt Veit an der Glan;205;54555;0;54;0;0;0;0;0;54
11.08.2020 00:00:00;Spittal an der Drau;206;76091;0;49;1;1,314216;0;1;0;47
11.08.2020 00:00:00;Villach Land;207;64668;1;57;5;7,731799;0;2;0;49
11.08.2020 00:00:00;Völkermarkt;208;41878;0;55;0;0;0;4;0;51
11.08.2020 00:00:00;Wolfsberg;209;52726;0;63;9;17,06938;0;1;3;53
11.08.2020 00:00:00;Feldkirchen;210;29937;0;21;3;10,02104;0;0;0;16
11.08.2020 00:00:00;Krems an der Donau(Stadt);301;24876;0;46;1;4,019939;0;4;0;41
11.08.2020 00:00:00;Sankt Pölten(Stadt);302;55044;2;120;8;14,53383;0;4;2;105
11.08.2020 00:00:00;Waidhofen an der Ybbs(Stadt);303;11261;0;26;0;0;0;3;0;23
11.08.2020 00:00:00;Wiener Neustadt(Stadt);304;45277;0;91;1;2,208627;0;0;0;88
11.08.2020 00:00:00;Amstetten;305;116114;1;324;3;2,583668;0;16;0;305
11.08.2020 00:00:00;Baden;306;146203;9;253;18;12,31165;0;4;4;229
11.08.2020 00:00:00;Bruck an der Leitha;307;102010;4;157;8;7,842369;0;5;8;139
11.08.2020 00:00:00;Gänserndorf;308;103686;1;140;6;5,786702;0;5;2;129
11.08.2020 00:00:00;Gmünd;309;36773;0;17;1;2,719387;0;0;0;16
11.08.2020 00:00:00;Hollabrunn;310;50858;0;50;2;3,932518;0;0;0;48
11.08.2020 00:00:00;Horn;311;31090;0;98;0;0;0;5;0;93
11.08.2020 00:00:00;Korneuburg;312;90889;0;208;2;2,200486;0;5;1;200
11.08.2020 00:00:00;Krems(Land);313;56596;0;186;2;3,533819;0;8;0;171
11.08.2020 00:00:00;Lilienfeld;314;25812;0;53;0;0;0;5;0;48
11.08.2020 00:00:00;Melk;315;77962;0;198;4;5,130705;0;4;0;189
11.08.2020 00:00:00;Mistelbach;316;75483;1;156;6;7,94881;0;7;0;140
11.08.2020 00:00:00;Mödling;317;118998;3;247;10;8,403502;0;7;1;223
11.08.2020 00:00:00;Neunkirchen;318;86291;1;241;3;3,476608;0;7;0;232
11.08.2020 00:00:00;Sankt Pölten(Land);319;131044;1;311;12;9,157229;0;11;2;283
11.08.2020 00:00:00;Scheibbs;320;41403;0;108;0;0;0;1;0;107
11.08.2020 00:00:00;Tulln;321;103771;3;208;9;8,672943;0;6;1;190
11.08.2020 00:00:00;Waidhofen an der Thaya;322;25888;0;77;0;0;0;2;0;74
11.08.2020 00:00:00;Wiener Neustadt(Land);323;77991;0;117;4;5,128797;0;6;0;106
11.08.2020 00:00:00;Zwettl;325;42222;0;82;6;14,2106;0;2;1;74
11.08.2020 00:00:00;Linz(Stadt);401;205726;10;770;42;20,4155;0;17;2;681
11.08.2020 00:00:00;Steyr(Stadt);402;38193;0;84;5;13,0914;0;2;0;77
11.08.2020 00:00:00;Wels(Stadt);403;61727;4;160;19;30,78069;0;0;0;139
11.08.2020 00:00:00;Braunau am Inn;404;104408;1;173;5;4,788905;0;3;0;159
11.08.2020 00:00:00;Eferding;405;33156;1;91;7;21,11232;0;6;0;78
11.08.2020 00:00:00;Freistadt;406;66621;0;143;1;1,501028;0;6;0;135
11.08.2020 00:00:00;Gmunden;407;101631;0;156;8;7,871614;0;2;2;138
11.08.2020 00:00:00;Grieskirchen;408;64721;0;99;5;7,725468;0;1;0;92
11.08.2020 00:00:00;Kirchdorf an der Krems;409;56866;4;74;5;8,7926;0;1;0;66
11.08.2020 00:00:00;Linz-Land;410;150273;4;555;32;21,29458;0;9;7;495
11.08.2020 00:00:00;Perg;411;68459;0;369;5;7,303642;0;3;2;357
11.08.2020 00:00:00;Ried im Innkreis;412;61204;0;80;2;3,26776;0;0;0;77
11.08.2020 00:00:00;Rohrbach;413;56524;0;185;4;7,07664;0;0;0;180
11.08.2020 00:00:00;Schärding;414;57307;0;67;0;0;0;1;0;65
11.08.2020 00:00:00;Steyr-Land;415;60427;1;210;8;13,23911;0;7;0;195
11.08.2020 00:00:00;Urfahr-Umgebung;416;85505;0;342;1;1,169522;0;5;2;328
11.08.2020 00:00:00;Vöcklabruck;417;136253;1;193;7;5,137502;0;4;4;175
11.08.2020 00:00:00;Wels-Land;418;73094;1;139;4;5,472405;0;1;1;131
11.08.2020 00:00:00;Salzburg(Stadt);501;154211;2;217;10;6,484622;0;1;2;200
11.08.2020 00:00:00;Hallein;502;60374;1;86;3;4,969027;0;1;0;82
11.08.2020 00:00:00;Salzburg-Umgebung;503;152281;6;296;39;25,61055;0;11;1;241
11.08.2020 00:00:00;Sankt Johann im Pongau;504;80573;0;465;1;1,241111;0;16;3;447
11.08.2020 00:00:00;Tamsweg;505;20320;0;29;1;4,92126;1;1;0;26
11.08.2020 00:00:00;Zell am See;506;87462;5;381;10;11,43354;0;9;0;362
11.08.2020 00:00:00;Graz(Stadt);601;288806;5;609;20;6,925064;0;43;1;544
11.08.2020 00:00:00;Deutschlandsberg;603;60821;0;54;0;0;0;2;0;52
11.08.2020 00:00:00;Graz-Umgebung;606;154260;1;266;2;1,296512;0;34;0;229
11.08.2020 00:00:00;Leibnitz;610;82484;0;196;1;1,212356;0;4;0;190
11.08.2020 00:00:00;Leoben;611;60060;0;50;0;0;0;3;0;46
11.08.2020 00:00:00;Liezen;612;79901;1;116;7;8,760841;0;1;0;108
11.08.2020 00:00:00;Murau;614;27659;0;12;2;7,230919;0;0;0;10
11.08.2020 00:00:00;Voitsberg;616;51161;0;109;1;1,954614;0;5;0;103
11.08.2020 00:00:00;Weiz;617;90343;0;210;1;1,106893;0;18;0;188
11.08.2020 00:00:00;Murtal;620;72004;1;67;5;6,944059;0;1;1;56
11.08.2020 00:00:00;Bruck-Mürzzuschlag;621;98984;4;77;8;8,082114;0;3;0;66
11.08.2020 00:00:00;Hartberg-Fürstenfeld;622;90622;0;320;0;0;0;39;0;281
11.08.2020 00:00:00;Südoststeiermark;623;85947;0;68;0;0;0;2;0;66
11.08.2020 00:00:00;Innsbruck-Stadt;701;132110;14;475;26;19,68057;0;6;0;439
11.08.2020 00:00:00;Imst;702;60056;0;304;3;4,995337;0;6;1;293
11.08.2020 00:00:00;Innsbruck-Land;703;179318;1;422;7;3,90368;0;13;0;402
11.08.2020 00:00:00;Kitzbühel;704;63881;0;383;1;1,565411;0;11;0;370
11.08.2020 00:00:00;Kufstein;705;109682;0;552;2;1,823453;0;35;0;512
11.08.2020 00:00:00;Landeck;706;44362;0;1016;1;2,254182;0;16;4;999
11.08.2020 00:00:00;Lienz;707;48753;0;157;1;2,051156;0;6;1;151
11.08.2020 00:00:00;Reutte;708;32670;0;64;1;3,060912;0;1;0;62
11.08.2020 00:00:00;Schwaz;709;83873;11;374;15;17,88418;0;14;0;344
11.08.2020 00:00:00;Bludenz;801;63714;0;281;5;7,847569;0;4;2;272
11.08.2020 00:00:00;Bregenz;802;134383;0;294;6;4,46485;0;10;1;278
11.08.2020 00:00:00;Dornbirn;803;89041;1;172;5;5,615391;0;4;0;163
11.08.2020 00:00:00;Feldkirch;804;107159;1;236;8;7,465542;0;1;0;227
11.08.2020 00:00:00;Wien;900;1897491;73;5684;470;24,76955;1;220;31;4761
12.08.2020 00:00:00;Eisenstadt(Stadt);101;14637;0;20;1;6,832001;0;0;0;19
12.08.2020 00:00:00;Rust(Stadt);102;1940;0;1;0;0;0;0;0;1
12.08.2020 00:00:00;Eisenstadt-Umgebung;103;42927;1;35;2;4,659072;0;1;2;30
12.08.2020 00:00:00;Güssing;104;25797;0;32;1;3,87642;0;0;0;32
12.08.2020 00:00:00;Jennersdorf;105;17066;0;10;0;0;0;0;0;10
12.08.2020 00:00:00;Mattersburg;106;39925;0;82;0;0;0;1;1;80
12.08.2020 00:00:00;Neusiedl am See;107;59552;2;74;3;5,037614;0;4;0;62
12.08.2020 00:00:00;Oberpullendorf;108;37513;0;30;1;2,665743;0;1;0;28
12.08.2020 00:00:00;Oberwart;109;54076;1;149;3;5,547748;0;4;0;142
12.08.2020 00:00:00;Klagenfurt Stadt;201;100817;4;117;8;7,93517;0;3;0;99
12.08.2020 00:00:00;Villach Stadt;202;62243;1;34;7;11,24624;0;0;1;27
12.08.2020 00:00:00;Hermagor;203;18224;0;5;0;0;0;0;0;5
12.08.2020 00:00:00;Klagenfurt Land;204;59800;0;54;3;5,016722;0;2;0;49
12.08.2020 00:00:00;Sankt Veit an der Glan;205;54555;0;54;0;0;0;0;0;54
12.08.2020 00:00:00;Spittal an der Drau;206;76091;0;49;1;1,314216;0;1;0;47
12.08.2020 00:00:00;Villach Land;207;64668;0;57;5;7,731799;0;2;1;50
12.08.2020 00:00:00;Völkermarkt;208;41878;1;56;1;2,387889;0;4;0;51
12.08.2020 00:00:00;Wolfsberg;209;52726;0;63;9;17,06938;0;1;0;53
12.08.2020 00:00:00;Feldkirchen;210;29937;0;21;3;10,02104;0;0;0;16
12.08.2020 00:00:00;Krems an der Donau(Stadt);301;24876;0;46;1;4,019939;0;4;0;41
12.08.2020 00:00:00;Sankt Pölten(Stadt);302;55044;0;120;7;12,7171;0;4;1;106
12.08.2020 00:00:00;Waidhofen an der Ybbs(Stadt);303;11261;0;26;0;0;0;3;0;23
12.08.2020 00:00:00;Wiener Neustadt(Stadt);304;45277;0;91;1;2,208627;0;0;0;88
12.08.2020 00:00:00;Amstetten;305;116114;0;324;3;2,583668;0;16;0;305
12.08.2020 00:00:00;Baden;306;146203;0;253;15;10,25971;0;4;1;230
12.08.2020 00:00:00;Bruck an der Leitha;307;102010;3;160;10;9,80296;0;5;3;142
12.08.2020 00:00:00;Gänserndorf;308;103686;2;142;6;5,786702;0;5;1;130
12.08.2020 00:00:00;Gmünd;309;36773;0;17;0;0;0;0;0;16
12.08.2020 00:00:00;Hollabrunn;310;50858;0;50;2;3,932518;0;0;0;48
12.08.2020 00:00:00;Horn;311;31090;0;98;0;0;0;5;0;93
12.08.2020 00:00:00;Korneuburg;312;90889;2;210;4;4,400973;0;5;1;201
12.08.2020 00:00:00;Krems(Land);313;56596;1;187;3;5,300728;0;8;0;171
12.08.2020 00:00:00;Lilienfeld;314;25812;0;53;0;0;0;5;0;48
12.08.2020 00:00:00;Melk;315;77962;0;198;2;2,565352;0;4;0;189
12.08.2020 00:00:00;Mistelbach;316;75483;0;156;6;7,94881;0;7;0;140
12.08.2020 00:00:00;Mödling;317;118998;0;247;9;7,563152;0;7;2;225
12.08.2020 00:00:00;Neunkirchen;318;86291;1;242;4;4,635478;0;7;0;232
12.08.2020 00:00:00;Sankt Pölten(Land);319;131044;2;313;12;9,157229;0;11;3;286
12.08.2020 00:00:00;Scheibbs;320;41403;0;108;0;0;0;1;0;107
12.08.2020 00:00:00;Tulln;321;103771;5;213;13;12,52759;0;6;0;190
12.08.2020 00:00:00;Waidhofen an der Thaya;322;25888;0;77;0;0;0;2;1;75
12.08.2020 00:00:00;Wiener Neustadt(Land);323;77991;0;117;4;5,128797;0;6;1;107
12.08.2020 00:00:00;Zwettl;325;42222;0;82;5;11,84217;0;2;0;74
12.08.2020 00:00:00;Linz(Stadt);401;205726;9;779;46;22,35984;0;17;6;687
12.08.2020 00:00:00;Steyr(Stadt);402;38193;0;84;4;10,47312;0;2;0;77
12.08.2020 00:00:00;Wels(Stadt);403;61727;3;163;21;34,02077;0;0;0;139
12.08.2020 00:00:00;Braunau am Inn;404;104408;0;173;5;4,788905;0;3;2;161
12.08.2020 00:00:00;Eferding;405;33156;1;92;8;24,12836;0;6;0;78
12.08.2020 00:00:00;Freistadt;406;66621;1;144;2;3,002056;0;6;0;135
12.08.2020 00:00:00;Gmunden;407;101631;2;158;6;5,90371;0;2;3;141
12.08.2020 00:00:00;Grieskirchen;408;64721;2;101;7;10,81565;0;1;0;92
12.08.2020 00:00:00;Kirchdorf an der Krems;409;56866;1;75;6;10,55112;0;1;0;66
12.08.2020 00:00:00;Linz-Land;410;150273;2;557;31;20,62912;0;9;9;504
12.08.2020 00:00:00;Perg;411;68459;0;369;3;4,382185;0;3;1;358
12.08.2020 00:00:00;Ried im Innkreis;412;61204;1;81;3;4,90164;0;0;0;77
12.08.2020 00:00:00;Rohrbach;413;56524;0;185;4;7,07664;0;0;1;181
12.08.2020 00:00:00;Schärding;414;57307;0;67;0;0;0;1;1;66
12.08.2020 00:00:00;Steyr-Land;415;60427;0;210;6;9,929337;0;7;0;195
12.08.2020 00:00:00;Urfahr-Umgebung;416;85505;1;343;2;2,339045;0;5;2;330
12.08.2020 00:00:00;Vöcklabruck;417;136253;4;197;11;8,073216;0;4;0;175
12.08.2020 00:00:00;Wels-Land;418;73094;2;141;6;8,208608;0;1;1;132
12.08.2020 00:00:00;Salzburg(Stadt);501;154211;4;221;12;7,781546;0;1;3;203
12.08.2020 00:00:00;Hallein;502;60374;2;88;5;8,281711;0;1;0;82
12.08.2020 00:00:00;Salzburg-Umgebung;503;152281;3;299;36;23,64051;0;11;12;253
12.08.2020 00:00:00;Sankt Johann im Pongau;504;80573;0;465;1;1,241111;0;16;1;448
12.08.2020 00:00:00;Tamsweg;505;20320;0;29;1;4,92126;0;1;1;27
12.08.2020 00:00:00;Zell am See;506;87462;4;385;14;16,00695;0;9;0;362
12.08.2020 00:00:00;Graz(Stadt);601;288806;11;620;26;9,002584;0;43;2;546
12.08.2020 00:00:00;Deutschlandsberg;603;60821;0;54;0;0;0;2;0;52
12.08.2020 00:00:00;Graz-Umgebung;606;154260;5;271;7;4,537793;0;34;0;229
12.08.2020 00:00:00;Leibnitz;610;82484;0;196;1;1,212356;0;4;0;190
12.08.2020 00:00:00;Leoben;611;60060;1;51;1;1,665002;0;3;0;46
12.08.2020 00:00:00;Liezen;612;79901;0;116;7;8,760841;0;1;2;110
12.08.2020 00:00:00;Murau;614;27659;0;12;2;7,230919;0;0;0;10
12.08.2020 00:00:00;Voitsberg;616;51161;0;109;1;1,954614;0;5;0;103
12.08.2020 00:00:00;Weiz;617;90343;0;210;0;0;0;18;2;190
12.08.2020 00:00:00;Murtal;620;72004;1;68;5;6,944059;0;1;0;56
12.08.2020 00:00:00;Bruck-Mürzzuschlag;621;98984;0;77;8;8,082114;1;4;1;67
12.08.2020 00:00:00;Hartberg-Fürstenfeld;622;90622;0;320;0;0;0;39;0;281
12.08.2020 00:00:00;Südoststeiermark;623;85947;0;68;0;0;0;2;0;66
12.08.2020 00:00:00;Innsbruck-Stadt;701;132110;13;488;38;28,76391;0;6;1;440
12.08.2020 00:00:00;Imst;702;60056;0;304;2;3,330225;0;6;1;294
12.08.2020 00:00:00;Innsbruck-Land;703;179318;2;424;8;4,461348;0;13;0;402
12.08.2020 00:00:00;Kitzbühel;704;63881;2;385;3;4,696232;0;11;0;370
12.08.2020 00:00:00;Kufstein;705;109682;1;553;2;1,823453;0;35;0;512
12.08.2020 00:00:00;Landeck;706;44362;0;1016;1;2,254182;0;16;0;999
12.08.2020 00:00:00;Lienz;707;48753;0;157;1;2,051156;0;6;0;151
12.08.2020 00:00:00;Reutte;708;32670;0;64;1;3,060912;0;1;0;62
12.08.2020 00:00:00;Schwaz;709;83873;2;376;15;17,88418;0;14;0;344
12.08.2020 00:00:00;Bludenz;801;63714;3;284;8;12,55611;0;4;0;272
12.08.2020 00:00:00;Bregenz;802;134383;1;295;6;4,46485;0;10;1;279
12.08.2020 00:00:00;Dornbirn;803;89041;2;174;7;7,861547;0;4;0;163
12.08.2020 00:00:00;Feldkirch;804;107159;2;238;10;9,331927;0;1;0;227
12.08.2020 00:00:00;Wien;900;1897491;77;5761;523;27,56271;0;220;65;4826
13.08.2020 00:00:00;Eisenstadt(Stadt);101;14637;0;20;1;6,832001;0;0;0;19
13.08.2020 00:00:00;Rust(Stadt);102;1940;0;1;0;0;0;0;0;1
13.08.2020 00:00:00;Eisenstadt-Umgebung;103;42927;0;35;2;4,659072;0;1;0;30
13.08.2020 00:00:00;Güssing;104;25797;0;32;1;3,87642;0;0;0;32
13.08.2020 00:00:00;Jennersdorf;105;17066;0;10;0;0;0;0;0;10
13.08.2020 00:00:00;Mattersburg;106;39925;0;82;0;0;0;1;1;81
13.08.2020 00:00:00;Neusiedl am See;107;59552;1;75;4;6,716819;0;4;2;64
13.08.2020 00:00:00;Oberpullendorf;108;37513;0;30;1;2,665743;0;1;0;28
13.08.2020 00:00:00;Oberwart;109;54076;1;150;4;7,396997;0;4;1;143
13.08.2020 00:00:00;Klagenfurt Stadt;201;100817;14;131;21;20,82982;0;3;0;99
13.08.2020 00:00:00;Villach Stadt;202;62243;2;36;6;9,639638;0;0;3;30
13.08.2020 00:00:00;Hermagor;203;18224;0;5;0;0;0;0;0;5
13.08.2020 00:00:00;Klagenfurt Land;204;59800;0;54;1;1,672241;0;2;0;49
13.08.2020 00:00:00;Sankt Veit an der Glan;205;54555;3;57;3;5,499038;0;0;0;54
13.08.2020 00:00:00;Spittal an der Drau;206;76091;3;52;3;3,942648;0;1;0;47
13.08.2020 00:00:00;Villach Land;207;64668;4;61;8;12,37088;0;2;0;50
13.08.2020 00:00:00;Völkermarkt;208;41878;1;57;2;4,775777;0;4;0;51
13.08.2020 00:00:00;Wolfsberg;209;52726;0;63;9;17,06938;0;1;0;53
13.08.2020 00:00:00;Feldkirchen;210;29937;1;22;4;13,36139;0;0;0;16
13.08.2020 00:00:00;Krems an der Donau(Stadt);301;24876;0;46;0;0;0;4;0;41
13.08.2020 00:00:00;Sankt Pölten(Stadt);302;55044;0;120;6;10,90037;0;4;1;107
13.08.2020 00:00:00;Waidhofen an der Ybbs(Stadt);303;11261;0;26;0;0;0;3;0;23
13.08.2020 00:00:00;Wiener Neustadt(Stadt);304;45277;1;92;2;4,417254;0;0;0;88
13.08.2020 00:00:00;Amstetten;305;116114;2;326;5;4,306113;0;16;0;305
13.08.2020 00:00:00;Baden;306;146203;2;255;16;10,94369;0;4;4;234
13.08.2020 00:00:00;Bruck an der Leitha;307;102010;3;163;13;12,74385;0;5;1;143
13.08.2020 00:00:00;Gänserndorf;308;103686;1;143;5;4,822252;0;5;0;130
13.08.2020 00:00:00;Gmünd;309;36773;0;17;0;0;0;0;0;16
13.08.2020 00:00:00;Hollabrunn;310;50858;0;50;2;3,932518;0;0;0;48
13.08.2020 00:00:00;Horn;311;31090;0;98;0;0;0;5;0;93
13.08.2020 00:00:00;Korneuburg;312;90889;0;210;3;3,30073;0;5;1;202
13.08.2020 00:00:00;Krems(Land);313;56596;0;187;3;5,300728;0;8;0;171
13.08.2020 00:00:00;Lilienfeld;314;25812;0;53;0;0;0;5;0;48
13.08.2020 00:00:00;Melk;315;77962;0;198;2;2,565352;0;4;2;191
13.08.2020 00:00:00;Mistelbach;316;75483;0;156;5;6,624008;0;7;0;140
13.08.2020 00:00:00;Mödling;317;118998;1;248;9;7,563152;0;7;1;226
13.08.2020 00:00:00;Neunkirchen;318;86291;0;242;4;4,635478;0;7;0;232
13.08.2020 00:00:00;Sankt Pölten(Land);319;131044;0;313;11;8,394127;0;11;1;287
13.08.2020 00:00:00;Scheibbs;320;41403;1;109;1;2,415284;0;1;0;107
13.08.2020 00:00:00;Tulln;321;103771;3;216;14;13,49125;0;6;1;191
13.08.2020 00:00:00;Waidhofen an der Thaya;322;25888;0;77;0;0;0;2;0;75
13.08.2020 00:00:00;Wiener Neustadt(Land);323;77991;1;118;4;5,128797;0;6;1;108
13.08.2020 00:00:00;Zwettl;325;42222;0;82;5;11,84217;0;2;1;75
13.08.2020 00:00:00;Linz(Stadt);401;205726;10;789;51;24,79025;0;17;2;689
13.08.2020 00:00:00;Steyr(Stadt);402;38193;1;85;5;13,0914;0;2;1;78
13.08.2020 00:00:00;Wels(Stadt);403;61727;3;166;21;34,02077;0;0;0;139
13.08.2020 00:00:00;Braunau am Inn;404;104408;3;176;7;6,704467;0;3;3;164
13.08.2020 00:00:00;Eferding;405;33156;0;92;7;21,11232;0;6;0;78
13.08.2020 00:00:00;Freistadt;406;66621;1;145;2;3,002056;0;6;0;135
13.08.2020 00:00:00;Gmunden;407;101631;0;158;6;5,90371;0;2;2;143
13.08.2020 00:00:00;Grieskirchen;408;64721;0;101;6;9,270561;0;1;1;93
13.08.2020 00:00:00;Kirchdorf an der Krems;409;56866;1;76;7;12,30964;0;1;0;66
13.08.2020 00:00:00;Linz-Land;410;150273;6;563;27;17,9673;0;9;3;507
13.08.2020 00:00:00;Perg;411;68459;5;374;7;10,2251;0;3;0;358
13.08.2020 00:00:00;Ried im Innkreis;412;61204;6;87;8;13,07104;0;0;0;77
13.08.2020 00:00:00;Rohrbach;413;56524;0;185;3;5,30748;0;0;1;182
13.08.2020 00:00:00;Schärding;414;57307;0;67;0;0;0;1;0;66
13.08.2020 00:00:00;Steyr-Land;415;60427;1;211;7;11,58423;0;7;0;195
13.08.2020 00:00:00;Urfahr-Umgebung;416;85505;1;344;2;2,339045;0;5;2;332
13.08.2020 00:00:00;Vöcklabruck;417;136253;1;198;12;8,807145;0;4;2;177
13.08.2020 00:00:00;Wels-Land;418;73094;3;144;8;10,94481;0;1;0;132
13.08.2020 00:00:00;Salzburg(Stadt);501;154211;4;225;16;10,37539;0;1;2;205
13.08.2020 00:00:00;Hallein;502;60374;1;89;6;9,938053;0;1;0;82
13.08.2020 00:00:00;Salzburg-Umgebung;503;152281;3;302;38;24,95387;0;11;4;257
13.08.2020 00:00:00;Sankt Johann im Pongau;504;80573;1;466;2;2,482221;0;16;0;448
13.08.2020 00:00:00;Tamsweg;505;20320;0;29;1;4,92126;0;1;0;27
13.08.2020 00:00:00;Zell am See;506;87462;0;385;14;16,00695;0;9;0;362
13.08.2020 00:00:00;Graz(Stadt);601;288806;6;626;32;11,0801;0;43;0;546
13.08.2020 00:00:00;Deutschlandsberg;603;60821;0;54;0;0;0;2;0;52
13.08.2020 00:00:00;Graz-Umgebung;606;154260;0;271;7;4,537793;0;34;0;229
13.08.2020 00:00:00;Leibnitz;610;82484;0;196;1;1,212356;0;4;0;190
13.08.2020 00:00:00;Leoben;611;60060;0;51;1;1,665002;0;3;0;46
13.08.2020 00:00:00;Liezen;612;79901;1;117;8;10,01239;0;1;0;110
13.08.2020 00:00:00;Murau;614;27659;0;12;2;7,230919;0;0;0;10
13.08.2020 00:00:00;Voitsberg;616;51161;1;110;1;1,954614;0;5;0;103
13.08.2020 00:00:00;Weiz;617;90343;0;210;0;0;0;18;0;190
13.08.2020 00:00:00;Murtal;620;72004;0;68;5;6,944059;0;1;1;57
13.08.2020 00:00:00;Bruck-Mürzzuschlag;621;98984;0;77;6;6,061586;0;4;0;67
13.08.2020 00:00:00;Hartberg-Fürstenfeld;622;90622;0;320;0;0;0;39;0;281
13.08.2020 00:00:00;Südoststeiermark;623;85947;0;68;0;0;0;2;0;66
13.08.2020 00:00:00;Innsbruck-Stadt;701;132110;40;528;77;58,28476;0;6;1;441
13.08.2020 00:00:00;Imst;702;60056;0;304;1;1,665113;0;6;0;294
13.08.2020 00:00:00;Innsbruck-Land;703;179318;5;429;13;7,249691;0;13;0;402
13.08.2020 00:00:00;Kitzbühel;704;63881;2;387;5;7,827054;0;11;1;371
13.08.2020 00:00:00;Kufstein;705;109682;2;555;4;3,646907;0;35;0;512
13.08.2020 00:00:00;Landeck;706;44362;2;1018;3;6,762545;0;16;1;1000
13.08.2020 00:00:00;Lienz;707;48753;0;157;0;0;0;6;0;151
13.08.2020 00:00:00;Reutte;708;32670;0;64;0;0;0;1;1;63
13.08.2020 00:00:00;Schwaz;709;83873;7;383;22;26,23013;0;14;0;344
13.08.2020 00:00:00;Bludenz;801;63714;3;287;11;17,26465;0;4;0;272
13.08.2020 00:00:00;Bregenz;802;134383;5;300;10;7,441417;0;10;0;279
13.08.2020 00:00:00;Dornbirn;803;89041;0;174;6;6,738469;0;4;0;163
13.08.2020 00:00:00;Feldkirch;804;107159;5;243;13;12,13151;1;2;0;227
13.08.2020 00:00:00;Wien;900;1897491;76;5837;502;26,45599;1;221;48;4874
14.08.2020 00:00:00;Eisenstadt(Stadt);101;14637;0;20;1;6,832001;0;0;0;19
14.08.2020 00:00:00;Rust(Stadt);102;1940;0;1;0;0;0;0;0;1
14.08.2020 00:00:00;Eisenstadt-Umgebung;103;42927;0;35;2;4,659072;0;1;1;31
14.08.2020 00:00:00;Güssing;104;25797;0;32;1;3,87642;0;0;0;32
14.08.2020 00:00:00;Jennersdorf;105;17066;0;10;0;0;0;0;0;10
14.08.2020 00:00:00;Mattersburg;106;39925;0;82;0;0;0;1;0;81
14.08.2020 00:00:00;Neusiedl am See;107;59552;0;75;4;6,716819;0;4;0;64
14.08.2020 00:00:00;Oberpullendorf;108;37513;0;30;1;2,665743;0;1;0;28
14.08.2020 00:00:00;Oberwart;109;54076;1;151;5;9,246246;0;4;1;144
14.08.2020 00:00:00;Klagenfurt Stadt;201;100817;11;142;30;29,75689;0;3;2;101
14.08.2020 00:00:00;Villach Stadt;202;62243;2;38;8;12,85285;0;0;0;30
14.08.2020 00:00:00;Hermagor;203;18224;0;5;0;0;0;0;0;5
14.08.2020 00:00:00;Klagenfurt Land;204;59800;2;56;3;5,016722;0;2;1;50
14.08.2020 00:00:00;Sankt Veit an der Glan;205;54555;2;59;5;9,165063;0;0;0;54
14.08.2020 00:00:00;Spittal an der Drau;206;76091;6;58;9;11,82794;0;1;0;47
14.08.2020 00:00:00;Villach Land;207;64668;5;66;13;20,10268;0;2;0;50
14.08.2020 00:00:00;Völkermarkt;208;41878;0;57;2;4,775777;0;4;0;51
14.08.2020 00:00:00;Wolfsberg;209;52726;0;63;9;17,06938;0;1;0;53
14.08.2020 00:00:00;Feldkirchen;210;29937;0;22;2;6,680696;0;0;0;16
14.08.2020 00:00:00;Krems an der Donau(Stadt);301;24876;0;46;0;0;0;4;0;41
14.08.2020 00:00:00;Sankt Pölten(Stadt);302;55044;1;121;7;12,7171;0;4;1;108
14.08.2020 00:00:00;Waidhofen an der Ybbs(Stadt);303;11261;0;26;0;0;0;3;0;23
14.08.2020 00:00:00;Wiener Neustadt(Stadt);304;45277;2;94;4;8,834508;0;0;0;88
14.08.2020 00:00:00;Amstetten;305;116114;1;327;6;5,167336;0;16;0;305
14.08.2020 00:00:00;Baden;306;146203;3;258;18;12,31165;0;4;0;234
14.08.2020 00:00:00;Bruck an der Leitha;307;102010;3;166;14;13,72414;0;5;0;143
14.08.2020 00:00:00;Gänserndorf;308;103686;6;149;10;9,644504;0;5;1;131
14.08.2020 00:00:00;Gmünd;309;36773;0;17;0;0;0;0;1;17
14.08.2020 00:00:00;Hollabrunn;310;50858;0;50;2;3,932518;0;0;0;48
14.08.2020 00:00:00;Horn;311;31090;0;98;0;0;0;5;0;93
14.08.2020 00:00:00;Korneuburg;312;90889;2;212;5;5,501216;0;5;0;202
14.08.2020 00:00:00;Krems(Land);313;56596;0;187;1;1,766909;0;8;0;171
14.08.2020 00:00:00;Lilienfeld;314;25812;0;53;0;0;0;5;0;48
14.08.2020 00:00:00;Melk;315;77962;0;198;1;1,282676;0;4;1;192
14.08.2020 00:00:00;Mistelbach;316;75483;3;159;6;7,94881;0;7;0;140
14.08.2020 00:00:00;Mödling;317;118998;4;252;11;9,243853;0;7;3;229
14.08.2020 00:00:00;Neunkirchen;318;86291;0;242;4;4,635478;0;7;0;232
14.08.2020 00:00:00;Sankt Pölten(Land);319;131044;6;319;17;12,97274;0;11;2;289
14.08.2020 00:00:00;Scheibbs;320;41403;0;109;1;2,415284;0;1;0;107
14.08.2020 00:00:00;Tulln;321;103771;2;218;14;13,49125;0;6;0;191
14.08.2020 00:00:00;Waidhofen an der Thaya;322;25888;0;77;0;0;0;2;0;75
14.08.2020 00:00:00;Wiener Neustadt(Land);323;77991;0;118;3;3,846598;0;6;1;109
14.08.2020 00:00:00;Zwettl;325;42222;0;82;5;11,84217;0;2;0;75
14.08.2020 00:00:00;Linz(Stadt);401;205726;6;795;51;24,79025;0;17;16;705
14.08.2020 00:00:00;Steyr(Stadt);402;38193;4;89;9;23,56453;0;2;0;78
14.08.2020 00:00:00;Wels(Stadt);403;61727;2;168;19;30,78069;0;0;2;141
14.08.2020 00:00:00;Braunau am Inn;404;104408;4;180;11;10,53559;0;3;0;164
14.08.2020 00:00:00;Eferding;405;33156;0;92;6;18,09627;0;6;1;79
14.08.2020 00:00:00;Freistadt;406;66621;0;145;2;3,002056;0;6;1;136
14.08.2020 00:00:00;Gmunden;407;101631;2;160;7;6,887662;0;2;5;148
14.08.2020 00:00:00;Grieskirchen;408;64721;2;103;8;12,36075;0;1;1;94
14.08.2020 00:00:00;Kirchdorf an der Krems;409;56866;0;76;7;12,30964;0;1;0;66
14.08.2020 00:00:00;Linz-Land;410;150273;8;571;32;21,29458;0;9;1;508
14.08.2020 00:00:00;Perg;411;68459;1;375;7;10,2251;0;3;2;360
14.08.2020 00:00:00;Ried im Innkreis;412;61204;1;88;9;14,70492;0;0;0;77
14.08.2020 00:00:00;Rohrbach;413;56524;2;187;3;5,30748;0;0;0;182
14.08.2020 00:00:00;Schärding;414;57307;0;67;0;0;0;1;0;66
14.08.2020 00:00:00;Steyr-Land;415;60427;2;213;8;13,23911;0;7;2;197
14.08.2020 00:00:00;Urfahr-Umgebung;416;85505;1;345;3;3,508567;0;5;0;332
14.08.2020 00:00:00;Vöcklabruck;417;136253;13;211;25;18,34822;0;4;1;178
14.08.2020 00:00:00;Wels-Land;418;73094;2;146;9;12,31291;0;1;0;132
14.08.2020 00:00:00;Salzburg(Stadt);501;154211;6;231;19;12,32078;0;1;3;208
14.08.2020 00:00:00;Hallein;502;60374;4;93;10;16,56342;0;1;0;82
14.08.2020 00:00:00;Salzburg-Umgebung;503;152281;6;308;38;24,95387;0;11;0;257
14.08.2020 00:00:00;Sankt Johann im Pongau;504;80573;3;469;5;6,205553;0;16;0;448
14.08.2020 00:00:00;Tamsweg;505;20320;0;29;0;0;0;1;0;27
14.08.2020 00:00:00;Zell am See;506;87462;2;387;15;17,1503;0;9;1;363
14.08.2020 00:00:00;Graz(Stadt);601;288806;7;633;37;12,81137;0;43;1;547
14.08.2020 00:00:00;Deutschlandsberg;603;60821;0;54;0;0;0;2;0;52
14.08.2020 00:00:00;Graz-Umgebung;606;154260;4;275;11;7,130818;0;34;0;229
14.08.2020 00:00:00;Leibnitz;610;82484;0;196;1;1,212356;0;4;0;190
14.08.2020 00:00:00;Leoben;611;60060;0;51;1;1,665002;0;3;0;46
14.08.2020 00:00:00;Liezen;612;79901;1;118;4;5,006195;0;1;0;110
14.08.2020 00:00:00;Murau;614;27659;0;12;2;7,230919;0;0;0;10
14.08.2020 00:00:00;Voitsberg;616;51161;0;110;1;1,954614;0;5;0;103
14.08.2020 00:00:00;Weiz;617;90343;0;210;0;0;0;18;1;191
14.08.2020 00:00:00;Murtal;620;72004;1;69;5;6,944059;0;1;3;60
14.08.2020 00:00:00;Bruck-Mürzzuschlag;621;98984;0;77;6;6,061586;0;4;1;68
14.08.2020 00:00:00;Hartberg-Fürstenfeld;622;90622;0;320;0;0;0;39;0;281
14.08.2020 00:00:00;Südoststeiermark;623;85947;0;68;0;0;0;2;0;66
14.08.2020 00:00:00;Innsbruck-Stadt;701;132110;18;546;95;71,90977;0;6;1;442
14.08.2020 00:00:00;Imst;702;60056;0;304;1;1,665113;0;6;0;294
14.08.2020 00:00:00;Innsbruck-Land;703;179318;6;435;19;10,5957;0;13;0;402
14.08.2020 00:00:00;Kitzbühel;704;63881;0;387;5;7,827054;0;11;1;372
14.08.2020 00:00:00;Kufstein;705;109682;1;556;5;4,558633;0;35;0;512
14.08.2020 00:00:00;Landeck;706;44362;2;1020;4;9,016726;0;16;0;1000
14.08.2020 00:00:00;Lienz;707;48753;1;158;1;2,051156;0;6;0;151
14.08.2020 00:00:00;Reutte;708;32670;0;64;0;0;0;1;0;63
14.08.2020 00:00:00;Schwaz;709;83873;9;392;31;36,96064;0;14;0;344
14.08.2020 00:00:00;Bludenz;801;63714;2;289;12;18,83417;0;4;0;272
14.08.2020 00:00:00;Bregenz;802;134383;2;302;12;8,929701;0;10;1;280
14.08.2020 00:00:00;Dornbirn;803;89041;0;174;5;5,615391;0;4;0;163
14.08.2020 00:00:00;Feldkirch;804;107159;2;245;14;13,0647;0;2;0;227
14.08.2020 00:00:00;Wien;900;1897491;158;5995;600;31,6207;1;222;48;4922
15.08.2020 00:00:00;Eisenstadt(Stadt);101;14637;0;20;0;0;0;0;0;19
15.08.2020 00:00:00;Rust(Stadt);102;1940;0;1;0;0;0;0;0;1
15.08.2020 00:00:00;Eisenstadt-Umgebung;103;42927;1;36;3;6,988608;0;1;0;31
15.08.2020 00:00:00;Güssing;104;25797;0;32;1;3,87642;0;0;0;32
15.08.2020 00:00:00;Jennersdorf;105;17066;0;10;0;0;0;0;0;10
15.08.2020 00:00:00;Mattersburg;106;39925;0;82;0;0;0;1;0;81
15.08.2020 00:00:00;Neusiedl am See;107;59552;0;75;4;6,716819;0;4;0;64
15.08.2020 00:00:00;Oberpullendorf;108;37513;0;30;1;2,665743;0;1;0;28
15.08.2020 00:00:00;Oberwart;109;54076;0;151;4;7,396997;0;4;0;144
15.08.2020 00:00:00;Klagenfurt Stadt;201;100817;5;147;35;34,71637;0;3;0;101
15.08.2020 00:00:00;Villach Stadt;202;62243;0;38;5;8,033031;0;0;3;33
15.08.2020 00:00:00;Hermagor;203;18224;0;5;0;0;0;0;0;5
15.08.2020 00:00:00;Klagenfurt Land;204;59800;2;58;5;8,361204;0;2;1;51
15.08.2020 00:00:00;Sankt Veit an der Glan;205;54555;0;59;5;9,165063;0;0;0;54
15.08.2020 00:00:00;Spittal an der Drau;206;76091;0;58;9;11,82794;0;1;0;47
15.08.2020 00:00:00;Villach Land;207;64668;0;66;12;18,55632;0;2;0;50
15.08.2020 00:00:00;Völkermarkt;208;41878;1;58;3;7,163666;0;4;0;51
15.08.2020 00:00:00;Wolfsberg;209;52726;0;63;9;17,06938;0;1;0;53
15.08.2020 00:00:00;Feldkirchen;210;29937;1;23;2;6,680696;0;0;0;16
15.08.2020 00:00:00;Krems an der Donau(Stadt);301;24876;0;46;0;0;0;4;1;42
15.08.2020 00:00:00;Sankt Pölten(Stadt);302;55044;1;122;7;12,7171;0;4;0;108
15.08.2020 00:00:00;Waidhofen an der Ybbs(Stadt);303;11261;0;26;0;0;0;3;0;23
15.08.2020 00:00:00;Wiener Neustadt(Stadt);304;45277;0;94;3;6,625881;0;0;1;89
15.08.2020 00:00:00;Amstetten;305;116114;1;328;7;6,028558;0;16;0;305
15.08.2020 00:00:00;Baden;306;146203;7;265;25;17,09951;0;4;1;235
15.08.2020 00:00:00;Bruck an der Leitha;307;102010;3;169;17;16,66503;0;5;2;145
15.08.2020 00:00:00;Gänserndorf;308;103686;2;151;12;11,5734;0;5;0;131
15.08.2020 00:00:00;Gmünd;309;36773;0;17;0;0;0;0;0;17
15.08.2020 00:00:00;Hollabrunn;310;50858;0;50;2;3,932518;0;0;0;48
15.08.2020 00:00:00;Horn;311;31090;0;98;0;0;0;5;0;93
15.08.2020 00:00:00;Korneuburg;312;90889;0;212;4;4,400973;0;5;0;202
15.08.2020 00:00:00;Krems(Land);313;56596;0;187;1;1,766909;0;8;1;172
15.08.2020 00:00:00;Lilienfeld;314;25812;0;53;0;0;0;5;0;48
15.08.2020 00:00:00;Melk;315;77962;0;198;1;1,282676;0;4;0;192
15.08.2020 00:00:00;Mistelbach;316;75483;1;160;7;9,273611;0;7;1;141
15.08.2020 00:00:00;Mödling;317;118998;4;256;12;10,0842;0;7;0;229
15.08.2020 00:00:00;Neunkirchen;318;86291;1;243;5;5,794347;0;7;0;232
15.08.2020 00:00:00;Sankt Pölten(Land);319;131044;2;321;19;14,49895;0;11;0;289
15.08.2020 00:00:00;Scheibbs;320;41403;0;109;1;2,415284;0;1;0;107
15.08.2020 00:00:00;Tulln;321;103771;4;222;17;16,38223;0;6;1;192
15.08.2020 00:00:00;Waidhofen an der Thaya;322;25888;0;77;0;0;0;2;0;75
15.08.2020 00:00:00;Wiener Neustadt(Land);323;77991;0;118;1;1,282199;0;6;2;111
15.08.2020 00:00:00;Zwettl;325;42222;0;82;5;11,84217;0;2;0;75
15.08.2020 00:00:00;Linz(Stadt);401;205726;5;800;52;25,27634;0;17;4;709
15.08.2020 00:00:00;Steyr(Stadt);402;38193;1;90;9;23,56453;0;2;0;78
15.08.2020 00:00:00;Wels(Stadt);403;61727;2;170;18;29,16066;0;0;1;142
15.08.2020 00:00:00;Braunau am Inn;404;104408;1;181;11;10,53559;0;3;0;164
15.08.2020 00:00:00;Eferding;405;33156;0;92;4;12,06418;0;6;0;79
15.08.2020 00:00:00;Freistadt;406;66621;2;147;4;6,004113;0;6;0;136
15.08.2020 00:00:00;Gmunden;407;101631;0;160;6;5,90371;0;2;1;149
15.08.2020 00:00:00;Grieskirchen;408;64721;0;103;8;12,36075;0;1;0;94
15.08.2020 00:00:00;Kirchdorf an der Krems;409;56866;2;78;8;14,06816;0;1;0;66
15.08.2020 00:00:00;Linz-Land;410;150273;6;577;32;21,29458;0;9;4;512
15.08.2020 00:00:00;Perg;411;68459;1;376;8;11,68583;0;3;2;362
15.08.2020 00:00:00;Ried im Innkreis;412;61204;0;88;9;14,70492;0;0;0;77
15.08.2020 00:00:00;Rohrbach;413;56524;0;187;3;5,30748;0;0;0;182
15.08.2020 00:00:00;Schärding;414;57307;0;67;0;0;0;1;0;66
15.08.2020 00:00:00;Steyr-Land;415;60427;5;218;13;21,51356;0;7;0;197
15.08.2020 00:00:00;Urfahr-Umgebung;416;85505;0;345;3;3,508567;0;5;3;335
15.08.2020 00:00:00;Vöcklabruck;417;136253;0;211;23;16,88036;0;4;0;178
15.08.2020 00:00:00;Wels-Land;418;73094;2;148;11;15,04912;0;1;0;132
15.08.2020 00:00:00;Salzburg(Stadt);501;154211;0;231;19;12,32078;0;1;1;209
15.08.2020 00:00:00;Hallein;502;60374;3;96;13;21,53245;0;1;0;82
15.08.2020 00:00:00;Salzburg-Umgebung;503;152281;4;312;40;26,26723;0;11;0;257
15.08.2020 00:00:00;Sankt Johann im Pongau;504;80573;0;469;4;4,964442;0;16;0;448
15.08.2020 00:00:00;Tamsweg;505;20320;0;29;0;0;0;1;0;27
15.08.2020 00:00:00;Zell am See;506;87462;0;387;15;17,1503;0;9;0;363
15.08.2020 00:00:00;Graz(Stadt);601;288806;5;638;40;13,85013;0;43;5;552
15.08.2020 00:00:00;Deutschlandsberg;603;60821;0;54;0;0;0;2;0;52
15.08.2020 00:00:00;Graz-Umgebung;606;154260;2;277;13;8,42733;0;34;0;229
15.08.2020 00:00:00;Leibnitz;610;82484;0;196;1;1,212356;0;4;0;190
15.08.2020 00:00:00;Leoben;611;60060;0;51;1;1,665002;0;3;0;46
15.08.2020 00:00:00;Liezen;612;79901;0;118;4;5,006195;0;1;1;111
15.08.2020 00:00:00;Murau;614;27659;0;12;1;3,61546;0;0;0;10
15.08.2020 00:00:00;Voitsberg;616;51161;1;111;2;3,909228;0;5;1;104
15.08.2020 00:00:00;Weiz;617;90343;0;210;0;0;0;18;0;191
15.08.2020 00:00:00;Murtal;620;72004;0;69;4;5,555247;0;1;0;60
15.08.2020 00:00:00;Bruck-Mürzzuschlag;621;98984;1;78;7;7,07185;0;4;0;68
15.08.2020 00:00:00;Hartberg-Fürstenfeld;622;90622;0;320;0;0;0;39;0;281
15.08.2020 00:00:00;Südoststeiermark;623;85947;0;68;0;0;0;2;0;66
15.08.2020 00:00:00;Innsbruck-Stadt;701;132110;3;549;97;73,42366;0;6;1;443
15.08.2020 00:00:00;Imst;702;60056;0;304;1;1,665113;0;6;2;296
15.08.2020 00:00:00;Innsbruck-Land;703;179318;3;438;20;11,15337;0;13;1;403
15.08.2020 00:00:00;Kitzbühel;704;63881;2;389;7;10,95788;0;11;1;373
15.08.2020 00:00:00;Kufstein;705;109682;6;562;11;10,02899;0;35;0;512
15.08.2020 00:00:00;Landeck;706;44362;0;1020;4;9,016726;0;16;0;1000
15.08.2020 00:00:00;Lienz;707;48753;0;158;1;2,051156;0;6;0;151
15.08.2020 00:00:00;Reutte;708;32670;0;64;0;0;0;1;0;63
15.08.2020 00:00:00;Schwaz;709;83873;0;392;31;36,96064;0;14;1;345
15.08.2020 00:00:00;Bludenz;801;63714;1;290;13;20,40368;0;4;0;272
15.08.2020 00:00:00;Bregenz;802;134383;0;302;9;6,697276;0;10;1;281
15.08.2020 00:00:00;Dornbirn;803;89041;0;174;5;5,615391;0;4;0;163
15.08.2020 00:00:00;Feldkirch;804;107159;0;245;14;13,0647;0;2;4;231
15.08.2020 00:00:00;Wien;900;1897491;64;6059;622;32,78013;0;222;32;4954
16.08.2020 00:00:00;Eisenstadt(Stadt);101;14637;0;20;0;0;0;0;0;19
16.08.2020 00:00:00;Rust(Stadt);102;1940;0;1;0;0;0;0;0;1
16.08.2020 00:00:00;Eisenstadt-Umgebung;103;42927;0;36;2;4,659072;0;1;0;31
16.08.2020 00:00:00;Güssing;104;25797;0;32;1;3,87642;0;0;0;32
16.08.2020 00:00:00;Jennersdorf;105;17066;0;10;0;0;0;0;0;10
16.08.2020 00:00:00;Mattersburg;106;39925;0;82;0;0;0;1;0;81
16.08.2020 00:00:00;Neusiedl am See;107;59552;1;76;4;6,716819;0;4;0;64
16.08.2020 00:00:00;Oberpullendorf;108;37513;0;30;1;2,665743;0;1;0;28
16.08.2020 00:00:00;Oberwart;109;54076;0;151;4;7,396997;0;4;0;144
16.08.2020 00:00:00;Klagenfurt Stadt;201;100817;5;152;40;39,67585;0;3;1;102
16.08.2020 00:00:00;Villach Stadt;202;62243;2;40;7;11,24624;0;0;0;33
16.08.2020 00:00:00;Hermagor;203;18224;0;5;0;0;0;0;0;5
16.08.2020 00:00:00;Klagenfurt Land;204;59800;1;59;6;10,03344;0;2;0;51
16.08.2020 00:00:00;Sankt Veit an der Glan;205;54555;0;59;5;9,165063;0;0;0;54
16.08.2020 00:00:00;Spittal an der Drau;206;76091;0;58;9;11,82794;0;1;0;47
16.08.2020 00:00:00;Villach Land;207;64668;1;67;13;20,10268;0;2;0;50
16.08.2020 00:00:00;Völkermarkt;208;41878;0;58;3;7,163666;0;4;0;51
16.08.2020 00:00:00;Wolfsberg;209;52726;0;63;5;9,482987;0;1;0;53
16.08.2020 00:00:00;Feldkirchen;210;29937;0;23;2;6,680696;0;0;0;16
16.08.2020 00:00:00;Krems an der Donau(Stadt);301;24876;0;46;0;0;0;4;0;42
16.08.2020 00:00:00;Sankt Pölten(Stadt);302;55044;0;122;7;12,7171;0;4;0;108
16.08.2020 00:00:00;Waidhofen an der Ybbs(Stadt);303;11261;0;26;0;0;0;3;0;23
16.08.2020 00:00:00;Wiener Neustadt(Stadt);304;45277;0;94;3;6,625881;0;0;0;89
16.08.2020 00:00:00;Amstetten;305;116114;1;329;8;6,889781;0;16;0;305
16.08.2020 00:00:00;Baden;306;146203;1;266;23;15,73155;0;4;0;235
16.08.2020 00:00:00;Bruck an der Leitha;307;102010;2;171;18;17,64533;0;5;0;145
16.08.2020 00:00:00;Gänserndorf;308;103686;1;152;13;12,53786;0;5;0;131
16.08.2020 00:00:00;Gmünd;309;36773;0;17;0;0;0;0;0;17
16.08.2020 00:00:00;Hollabrunn;310;50858;0;50;1;1,966259;0;0;0;48
16.08.2020 00:00:00;Horn;311;31090;0;98;0;0;0;5;0;93
16.08.2020 00:00:00;Korneuburg;312;90889;3;215;7;7,701702;0;5;1;203
16.08.2020 00:00:00;Krems(Land);313;56596;0;187;1;1,766909;0;8;3;175
16.08.2020 00:00:00;Lilienfeld;314;25812;0;53;0;0;0;5;0;48
16.08.2020 00:00:00;Melk;315;77962;0;198;1;1,282676;0;4;0;192
16.08.2020 00:00:00;Mistelbach;316;75483;0;160;7;9,273611;0;7;0;141
16.08.2020 00:00:00;Mödling;317;118998;1;257;13;10,92455;0;7;1;230
16.08.2020 00:00:00;Neunkirchen;318;86291;0;243;4;4,635478;0;7;1;233
16.08.2020 00:00:00;Sankt Pölten(Land);319;131044;2;323;21;16,02515;0;11;1;290
16.08.2020 00:00:00;Scheibbs;320;41403;0;109;1;2,415284;0;1;0;107
16.08.2020 00:00:00;Tulln;321;103771;2;224;19;18,30955;0;6;1;193
16.08.2020 00:00:00;Waidhofen an der Thaya;322;25888;0;77;0;0;0;2;0;75
16.08.2020 00:00:00;Wiener Neustadt(Land);323;77991;0;118;1;1,282199;0;6;0;111
16.08.2020 00:00:00;Zwettl;325;42222;1;83;5;11,84217;0;2;0;75
16.08.2020 00:00:00;Linz(Stadt);401;205726;13;813;64;31,10934;0;17;1;710
16.08.2020 00:00:00;Steyr(Stadt);402;38193;1;91;10;26,18281;0;2;1;79
16.08.2020 00:00:00;Wels(Stadt);403;61727;0;170;18;29,16066;0;0;0;142
16.08.2020 00:00:00;Braunau am Inn;404;104408;3;184;14;13,40893;0;3;0;164
16.08.2020 00:00:00;Eferding;405;33156;0;92;2;6,032091;0;6;0;79
16.08.2020 00:00:00;Freistadt;406;66621;0;147;4;6,004113;0;6;0;136
16.08.2020 00:00:00;Gmunden;407;101631;1;161;7;6,887662;0;2;0;149
16.08.2020 00:00:00;Grieskirchen;408;64721;0;103;7;10,81565;0;1;0;94
16.08.2020 00:00:00;Kirchdorf an der Krems;409;56866;1;79;9;15,82668;0;1;0;66
16.08.2020 00:00:00;Linz-Land;410;150273;1;578;31;20,62912;0;9;2;514
16.08.2020 00:00:00;Perg;411;68459;0;376;8;11,68583;0;3;0;362
16.08.2020 00:00:00;Ried im Innkreis;412;61204;0;88;9;14,70492;0;0;0;77
16.08.2020 00:00:00;Rohrbach;413;56524;0;187;2;3,53832;0;0;0;182
16.08.2020 00:00:00;Schärding;414;57307;0;67;0;0;0;1;0;66
16.08.2020 00:00:00;Steyr-Land;415;60427;0;218;13;21,51356;0;7;0;197
16.08.2020 00:00:00;Urfahr-Umgebung;416;85505;2;347;5;5,847611;0;5;0;335
16.08.2020 00:00:00;Vöcklabruck;417;136253;8;219;31;22,75179;0;4;0;178
16.08.2020 00:00:00;Wels-Land;418;73094;0;148;11;15,04912;0;1;0;132
16.08.2020 00:00:00;Salzburg(Stadt);501;154211;2;233;19;12,32078;0;1;2;211
16.08.2020 00:00:00;Hallein;502;60374;0;96;13;21,53245;0;1;3;85
16.08.2020 00:00:00;Salzburg-Umgebung;503;152281;1;313;27;17,73038;0;11;11;268
16.08.2020 00:00:00;Sankt Johann im Pongau;504;80573;0;469;4;4,964442;0;16;0;448
16.08.2020 00:00:00;Tamsweg;505;20320;0;29;0;0;0;1;1;28
16.08.2020 00:00:00;Zell am See;506;87462;1;388;12;13,72024;0;9;3;366
16.08.2020 00:00:00;Graz(Stadt);601;288806;7;645;46;15,92765;0;43;3;555
16.08.2020 00:00:00;Deutschlandsberg;603;60821;0;54;0;0;0;2;0;52
16.08.2020 00:00:00;Graz-Umgebung;606;154260;1;278;14;9,075586;0;34;0;229
16.08.2020 00:00:00;Leibnitz;610;82484;0;196;0;0;0;4;0;190
16.08.2020 00:00:00;Leoben;611;60060;0;51;1;1,665002;0;3;0;46
16.08.2020 00:00:00;Liezen;612;79901;0;118;3;3,754646;0;1;0;111
16.08.2020 00:00:00;Murau;614;27659;0;12;1;3,61546;0;0;0;10
16.08.2020 00:00:00;Voitsberg;616;51161;0;111;2;3,909228;0;5;0;104
16.08.2020 00:00:00;Weiz;617;90343;1;211;1;1,106893;0;18;0;191
16.08.2020 00:00:00;Murtal;620;72004;1;70;4;5,555247;0;1;0;60
16.08.2020 00:00:00;Bruck-Mürzzuschlag;621;98984;1;79;8;8,082114;0;4;0;68
16.08.2020 00:00:00;Hartberg-Fürstenfeld;622;90622;0;320;0;0;0;39;0;281
16.08.2020 00:00:00;Südoststeiermark;623;85947;0;68;0;0;0;2;0;66
16.08.2020 00:00:00;Innsbruck-Stadt;701;132110;12;561;109;82,507;0;6;5;448
16.08.2020 00:00:00;Imst;702;60056;0;304;0;0;0;6;0;296
16.08.2020 00:00:00;Innsbruck-Land;703;179318;1;439;21;11,71104;0;13;0;403
16.08.2020 00:00:00;Kitzbühel;704;63881;0;389;7;10,95788;0;11;0;373
16.08.2020 00:00:00;Kufstein;705;109682;0;562;11;10,02899;0;35;0;512
16.08.2020 00:00:00;Landeck;706;44362;0;1020;4;9,016726;0;16;0;1000
16.08.2020 00:00:00;Lienz;707;48753;3;161;4;8,204623;0;6;0;151
16.08.2020 00:00:00;Reutte;708;32670;0;64;0;0;0;1;0;63
16.08.2020 00:00:00;Schwaz;709;83873;3;395;34;40,53748;0;14;0;345
16.08.2020 00:00:00;Bludenz;801;63714;3;293;16;25,11222;0;4;1;273
16.08.2020 00:00:00;Bregenz;802;134383;2;304;11;8,185559;0;10;2;283
16.08.2020 00:00:00;Dornbirn;803;89041;0;174;5;5,615391;0;4;1;164
16.08.2020 00:00:00;Feldkirch;804;107159;1;246;15;13,99789;0;2;0;231
16.08.2020 00:00:00;Wien;900;1897491;73;6132;635;33,46524;0;222;31;4985
17.08.2020 00:00:00;Eisenstadt(Stadt);101;14637;0;20;0;0;0;0;1;20
17.08.2020 00:00:00;Rust(Stadt);102;1940;0;1;0;0;0;0;0;1
17.08.2020 00:00:00;Eisenstadt-Umgebung;103;42927;1;37;3;6,988608;0;1;0;31
17.08.2020 00:00:00;Güssing;104;25797;1;33;2;7,75284;0;0;0;32
17.08.2020 00:00:00;Jennersdorf;105;17066;0;10;0;0;0;0;0;10
17.08.2020 00:00:00;Mattersburg;106;39925;0;82;0;0;0;1;0;81
17.08.2020 00:00:00;Neusiedl am See;107;59552;0;76;4;6,716819;0;4;0;64
17.08.2020 00:00:00;Oberpullendorf;108;37513;0;30;1;2,665743;0;1;0;28
17.08.2020 00:00:00;Oberwart;109;54076;1;152;5;9,246246;0;4;0;144
17.08.2020 00:00:00;Klagenfurt Stadt;201;100817;1;153;41;40,66774;0;3;1;103
17.08.2020 00:00:00;Villach Stadt;202;62243;1;41;8;12,85285;0;0;0;33
17.08.2020 00:00:00;Hermagor;203;18224;0;5;0;0;0;0;0;5
17.08.2020 00:00:00;Klagenfurt Land;204;59800;0;59;6;10,03344;0;2;1;52
17.08.2020 00:00:00;Sankt Veit an der Glan;205;54555;0;59;5;9,165063;0;0;0;54
17.08.2020 00:00:00;Spittal an der Drau;206;76091;0;58;9;11,82794;0;1;1;48
17.08.2020 00:00:00;Villach Land;207;64668;0;67;13;20,10268;0;2;0;50
17.08.2020 00:00:00;Völkermarkt;208;41878;0;58;3;7,163666;0;4;0;51
17.08.2020 00:00:00;Wolfsberg;209;52726;0;63;0;0;0;1;1;54
17.08.2020 00:00:00;Feldkirchen;210;29937;0;23;2;6,680696;0;0;3;19
17.08.2020 00:00:00;Krems an der Donau(Stadt);301;24876;0;46;0;0;0;4;0;42
17.08.2020 00:00:00;Sankt Pölten(Stadt);302;55044;0;122;5;9,083642;0;4;1;109
17.08.2020 00:00:00;Waidhofen an der Ybbs(Stadt);303;11261;0;26;0;0;0;3;0;23
17.08.2020 00:00:00;Wiener Neustadt(Stadt);304;45277;0;94;3;6,625881;0;0;1;90
17.08.2020 00:00:00;Amstetten;305;116114;2;331;9;7,751003;0;16;0;305
17.08.2020 00:00:00;Baden;306;146203;5;271;28;19,15145;0;4;0;235
17.08.2020 00:00:00;Bruck an der Leitha;307;102010;4;175;22;21,56651;0;5;2;147
17.08.2020 00:00:00;Gänserndorf;308;103686;3;155;16;15,43121;0;5;0;131
17.08.2020 00:00:00;Gmünd;309;36773;0;17;0;0;0;0;0;17
17.08.2020 00:00:00;Hollabrunn;310;50858;1;51;2;3,932518;0;0;0;48
17.08.2020 00:00:00;Horn;311;31090;0;98;0;0;0;5;0;93
17.08.2020 00:00:00;Korneuburg;312;90889;2;217;9;9,902188;0;5;0;203
17.08.2020 00:00:00;Krems(Land);313;56596;1;188;2;3,533819;0;8;0;175
17.08.2020 00:00:00;Lilienfeld;314;25812;0;53;0;0;0;5;0;48
17.08.2020 00:00:00;Melk;315;77962;0;198;1;1,282676;0;4;0;192
17.08.2020 00:00:00;Mistelbach;316;75483;2;162;8;10,59841;0;7;0;141
17.08.2020 00:00:00;Mödling;317;118998;1;258;14;11,7649;0;7;1;231
17.08.2020 00:00:00;Neunkirchen;318;86291;0;243;3;3,476608;0;7;0;233
17.08.2020 00:00:00;Sankt Pölten(Land);319;131044;3;326;23;17,55136;0;11;1;291
17.08.2020 00:00:00;Scheibbs;320;41403;0;109;1;2,415284;0;1;0;107
17.08.2020 00:00:00;Tulln;321;103771;1;225;20;19,27321;0;6;2;195
17.08.2020 00:00:00;Waidhofen an der Thaya;322;25888;0;77;0;0;0;2;0;75
17.08.2020 00:00:00;Wiener Neustadt(Land);323;77991;0;118;1;1,282199;0;6;0;111
17.08.2020 00:00:00;Zwettl;325;42222;0;83;4;9,473734;0;2;0;75
17.08.2020 00:00:00;Linz(Stadt);401;205726;1;814;63;30,62326;0;17;6;716
17.08.2020 00:00:00;Steyr(Stadt);402;38193;2;93;12;31,41937;0;2;0;79
17.08.2020 00:00:00;Wels(Stadt);403;61727;10;180;27;43,74099;0;0;6;148
17.08.2020 00:00:00;Braunau am Inn;404;104408;7;191;20;19,15562;0;3;2;166
17.08.2020 00:00:00;Eferding;405;33156;1;93;3;9,048136;0;6;1;80
17.08.2020 00:00:00;Freistadt;406;66621;0;147;4;6,004113;0;6;0;136
17.08.2020 00:00:00;Gmunden;407;101631;3;164;10;9,839518;0;2;3;152
17.08.2020 00:00:00;Grieskirchen;408;64721;1;104;7;10,81565;0;1;0;94
17.08.2020 00:00:00;Kirchdorf an der Krems;409;56866;1;80;10;17,5852;0;1;1;67
17.08.2020 00:00:00;Linz-Land;410;150273;2;580;30;19,96367;0;9;10;524
17.08.2020 00:00:00;Perg;411;68459;0;376;7;10,2251;0;3;0;362
17.08.2020 00:00:00;Ried im Innkreis;412;61204;0;88;9;14,70492;0;0;1;78
17.08.2020 00:00:00;Rohrbach;413;56524;0;187;2;3,53832;0;0;2;184
17.08.2020 00:00:00;Schärding;414;57307;0;67;0;0;0;1;0;66
17.08.2020 00:00:00;Steyr-Land;415;60427;1;219;14;23,16845;0;7;1;198
17.08.2020 00:00:00;Urfahr-Umgebung;416;85505;0;347;5;5,847611;0;5;0;335
17.08.2020 00:00:00;Vöcklabruck;417;136253;0;219;29;21,28394;0;4;2;180
17.08.2020 00:00:00;Wels-Land;418;73094;1;149;12;16,41722;0;1;0;132
17.08.2020 00:00:00;Salzburg(Stadt);501;154211;0;233;19;12,32078;0;1;0;211
17.08.2020 00:00:00;Hallein;502;60374;0;96;11;18,21976;0;1;0;85
17.08.2020 00:00:00;Salzburg-Umgebung;503;152281;0;313;27;17,73038;0;11;7;275
17.08.2020 00:00:00;Sankt Johann im Pongau;504;80573;1;470;5;6,205553;0;16;0;448
17.08.2020 00:00:00;Tamsweg;505;20320;0;29;0;0;0;1;0;28
17.08.2020 00:00:00;Zell am See;506;87462;0;388;12;13,72024;0;9;1;367
17.08.2020 00:00:00;Graz(Stadt);601;288806;10;655;55;19,04393;0;43;2;557
17.08.2020 00:00:00;Deutschlandsberg;603;60821;0;54;0;0;0;2;0;52
17.08.2020 00:00:00;Graz-Umgebung;606;154260;2;280;16;10,3721;0;34;1;230
17.08.2020 00:00:00;Leibnitz;610;82484;0;196;0;0;0;4;0;190
17.08.2020 00:00:00;Leoben;611;60060;0;51;1;1,665002;0;3;1;47
17.08.2020 00:00:00;Liezen;612;79901;0;118;3;3,754646;0;1;0;111
17.08.2020 00:00:00;Murau;614;27659;0;12;1;3,61546;0;0;2;12
17.08.2020 00:00:00;Voitsberg;616;51161;0;111;2;3,909228;0;5;0;104
17.08.2020 00:00:00;Weiz;617;90343;2;213;3;3,320678;0;18;0;191
17.08.2020 00:00:00;Murtal;620;72004;0;70;4;5,555247;0;1;0;60
17.08.2020 00:00:00;Bruck-Mürzzuschlag;621;98984;1;80;8;8,082114;0;4;0;68
17.08.2020 00:00:00;Hartberg-Fürstenfeld;622;90622;1;321;1;1,103485;0;39;0;281
17.08.2020 00:00:00;Südoststeiermark;623;85947;0;68;0;0;0;2;0;66
17.08.2020 00:00:00;Innsbruck-Stadt;701;132110;16;577;124;93,86118;0;6;0;448
17.08.2020 00:00:00;Imst;702;60056;0;304;0;0;0;6;0;296
17.08.2020 00:00:00;Innsbruck-Land;703;179318;6;445;27;15,05705;0;13;2;405
17.08.2020 00:00:00;Kitzbühel;704;63881;0;389;6;9,392464;0;11;0;373
17.08.2020 00:00:00;Kufstein;705;109682;1;563;12;10,94072;0;35;0;512
17.08.2020 00:00:00;Landeck;706;44362;1;1021;5;11,27091;0;16;0;1000
17.08.2020 00:00:00;Lienz;707;48753;1;162;5;10,25578;0;6;0;151
17.08.2020 00:00:00;Reutte;708;32670;0;64;0;0;0;1;0;63
17.08.2020 00:00:00;Schwaz;709;83873;9;404;42;50,07571;0;14;1;346
17.08.2020 00:00:00;Bludenz;801;63714;3;296;16;25,11222;0;4;1;274
17.08.2020 00:00:00;Bregenz;802;134383;2;306;13;9,673842;0;10;0;283
17.08.2020 00:00:00;Dornbirn;803;89041;0;174;4;4,492312;0;4;0;164
17.08.2020 00:00:00;Feldkirch;804;107159;0;246;11;10,26512;0;2;1;232
17.08.2020 00:00:00;Wien;900;1897491;140;6272;742;39,10427;0;222;41;5026
18.08.2020 00:00:00;Eisenstadt(Stadt);101;14637;0;20;0;0;0;0;0;20
18.08.2020 00:00:00;Rust(Stadt);102;1940;0;1;0;0;0;0;0;1
18.08.2020 00:00:00;Eisenstadt-Umgebung;103;42927;0;37;3;6,988608;0;1;1;32
18.08.2020 00:00:00;Güssing;104;25797;2;35;3;11,62926;0;0;1;33
18.08.2020 00:00:00;Jennersdorf;105;17066;0;10;0;0;0;0;0;10
18.08.2020 00:00:00;Mattersburg;106;39925;0;82;0;0;0;1;0;81
18.08.2020 00:00:00;Neusiedl am See;107;59552;0;76;4;6,716819;0;4;0;64
18.08.2020 00:00:00;Oberpullendorf;108;37513;0;30;1;2,665743;0;1;0;28
18.08.2020 00:00:00;Oberwart;109;54076;1;153;5;9,246246;0;4;0;144
18.08.2020 00:00:00;Klagenfurt Stadt;201;100817;1;154;42;41,65964;0;3;2;105
18.08.2020 00:00:00;Villach Stadt;202;62243;2;43;10;16,06606;0;0;0;33
18.08.2020 00:00:00;Hermagor;203;18224;0;5;0;0;0;0;0;5
18.08.2020 00:00:00;Klagenfurt Land;204;59800;1;60;7;11,70569;0;2;0;52
18.08.2020 00:00:00;Sankt Veit an der Glan;205;54555;0;59;5;9,165063;0;0;0;54
18.08.2020 00:00:00;Spittal an der Drau;206;76091;0;58;9;11,82794;0;1;1;49
18.08.2020 00:00:00;Villach Land;207;64668;2;69;13;20,10268;0;2;0;50
18.08.2020 00:00:00;Völkermarkt;208;41878;0;58;3;7,163666;0;4;0;51
18.08.2020 00:00:00;Wolfsberg;209;52726;0;63;0;0;0;1;0;54
18.08.2020 00:00:00;Feldkirchen;210;29937;0;23;2;6,680696;0;0;0;19
18.08.2020 00:00:00;Krems an der Donau(Stadt);301;24876;0;46;0;0;0;4;0;42
18.08.2020 00:00:00;Sankt Pölten(Stadt);302;55044;2;124;6;10,90037;0;4;2;111
18.08.2020 00:00:00;Waidhofen an der Ybbs(Stadt);303;11261;0;26;0;0;0;3;0;23
18.08.2020 00:00:00;Wiener Neustadt(Stadt);304;45277;1;95;4;8,834508;0;0;1;91
18.08.2020 00:00:00;Amstetten;305;116114;2;333;10;8,612226;0;16;0;305
18.08.2020 00:00:00;Baden;306;146203;3;274;30;20,51941;0;4;0;235
18.08.2020 00:00:00;Bruck an der Leitha;307;102010;1;176;23;22,54681;0;5;2;149
18.08.2020 00:00:00;Gänserndorf;308;103686;0;155;16;15,43121;0;5;0;131
18.08.2020 00:00:00;Gmünd;309;36773;0;17;0;0;0;0;0;17
18.08.2020 00:00:00;Hollabrunn;310;50858;0;51;1;1,966259;0;0;0;48
18.08.2020 00:00:00;Horn;311;31090;0;98;0;0;0;5;0;93
18.08.2020 00:00:00;Korneuburg;312;90889;2;219;11;12,10267;0;5;0;203
18.08.2020 00:00:00;Krems(Land);313;56596;0;188;2;3,533819;0;8;2;177
18.08.2020 00:00:00;Lilienfeld;314;25812;2;55;2;7,748334;0;5;0;48
18.08.2020 00:00:00;Melk;315;77962;0;198;0;0;0;4;0;192
18.08.2020 00:00:00;Mistelbach;316;75483;0;162;7;9,273611;0;7;0;141
18.08.2020 00:00:00;Mödling;317;118998;2;260;16;13,4456;0;7;2;233
18.08.2020 00:00:00;Neunkirchen;318;86291;0;243;3;3,476608;0;7;0;233
18.08.2020 00:00:00;Sankt Pölten(Land);319;131044;5;331;21;16,02515;0;11;1;292
18.08.2020 00:00:00;Scheibbs;320;41403;1;110;2;4,830568;0;1;0;107
18.08.2020 00:00:00;Tulln;321;103771;0;225;20;19,27321;0;6;4;199
18.08.2020 00:00:00;Waidhofen an der Thaya;322;25888;0;77;0;0;0;2;0;75
18.08.2020 00:00:00;Wiener Neustadt(Land);323;77991;1;119;2;2,564399;0;6;0;111
18.08.2020 00:00:00;Zwettl;325;42222;0;83;1;2,368433;0;2;2;77
18.08.2020 00:00:00;Linz(Stadt);401;205726;11;825;65;31,59542;0;17;10;726
18.08.2020 00:00:00;Steyr(Stadt);402;38193;6;99;15;39,27421;0;2;1;80
18.08.2020 00:00:00;Wels(Stadt);403;61727;5;185;29;46,98106;0;0;5;153
18.08.2020 00:00:00;Braunau am Inn;404;104408;3;194;22;21,07118;0;3;0;166
18.08.2020 00:00:00;Eferding;405;33156;1;94;4;12,06418;0;6;1;81
18.08.2020 00:00:00;Freistadt;406;66621;0;147;4;6,004113;0;6;1;137
18.08.2020 00:00:00;Gmunden;407;101631;2;166;10;9,839518;0;2;0;152
18.08.2020 00:00:00;Grieskirchen;408;64721;0;104;5;7,725468;0;1;0;94
18.08.2020 00:00:00;Kirchdorf an der Krems;409;56866;3;83;13;22,86076;0;1;2;69
18.08.2020 00:00:00;Linz-Land;410;150273;13;593;42;27,94913;0;9;3;527
18.08.2020 00:00:00;Perg;411;68459;1;377;8;11,68583;0;3;2;364
18.08.2020 00:00:00;Ried im Innkreis;412;61204;4;92;12;19,60656;0;0;0;78
18.08.2020 00:00:00;Rohrbach;413;56524;0;187;2;3,53832;0;0;1;185
18.08.2020 00:00:00;Schärding;414;57307;0;67;0;0;0;1;0;66
18.08.2020 00:00:00;Steyr-Land;415;60427;2;221;12;19,85867;0;7;0;198
18.08.2020 00:00:00;Urfahr-Umgebung;416;85505;0;347;5;5,847611;0;5;0;335
18.08.2020 00:00:00;Vöcklabruck;417;136253;3;222;30;22,01786;0;4;1;181
18.08.2020 00:00:00;Wels-Land;418;73094;2;151;13;17,78532;0;1;1;133
18.08.2020 00:00:00;Salzburg(Stadt);501;154211;6;239;24;15,56309;0;1;4;215
18.08.2020 00:00:00;Hallein;502;60374;2;98;13;21,53245;0;1;3;88
18.08.2020 00:00:00;Salzburg-Umgebung;503;152281;17;330;40;26,26723;0;11;5;280
18.08.2020 00:00:00;Sankt Johann im Pongau;504;80573;3;473;8;9,928885;0;16;0;448
18.08.2020 00:00:00;Tamsweg;505;20320;0;29;0;0;0;1;0;28
18.08.2020 00:00:00;Zell am See;506;87462;2;390;14;16,00695;0;9;0;367
18.08.2020 00:00:00;Graz(Stadt);601;288806;14;669;65;22,50646;0;43;3;560
18.08.2020 00:00:00;Deutschlandsberg;603;60821;0;54;0;0;0;2;0;52
18.08.2020 00:00:00;Graz-Umgebung;606;154260;2;282;17;11,02036;0;34;0;230
18.08.2020 00:00:00;Leibnitz;610;82484;0;196;0;0;0;4;0;190
18.08.2020 00:00:00;Leoben;611;60060;0;51;1;1,665002;0;3;0;47
18.08.2020 00:00:00;Liezen;612;79901;0;118;3;3,754646;0;1;0;111
18.08.2020 00:00:00;Murau;614;27659;0;12;0;0;0;0;0;12
18.08.2020 00:00:00;Voitsberg;616;51161;1;112;3;5,863842;0;5;0;104
18.08.2020 00:00:00;Weiz;617;90343;1;214;4;4,42757;0;18;0;191
18.08.2020 00:00:00;Murtal;620;72004;4;74;8;11,11049;0;1;0;60
18.08.2020 00:00:00;Bruck-Mürzzuschlag;621;98984;5;85;12;12,12317;0;4;3;71
18.08.2020 00:00:00;Hartberg-Fürstenfeld;622;90622;0;321;1;1,103485;0;39;0;281
18.08.2020 00:00:00;Südoststeiermark;623;85947;1;69;1;1,163508;0;2;0;66
18.08.2020 00:00:00;Innsbruck-Stadt;701;132110;7;584;123;93,10423;0;6;2;450
18.08.2020 00:00:00;Imst;702;60056;0;304;0;0;0;6;0;296
18.08.2020 00:00:00;Innsbruck-Land;703;179318;6;451;30;16,73005;0;13;1;406
18.08.2020 00:00:00;Kitzbühel;704;63881;0;389;6;9,392464;0;11;0;373
18.08.2020 00:00:00;Kufstein;705;109682;2;565;13;11,85245;0;35;0;512
18.08.2020 00:00:00;Landeck;706;44362;0;1021;5;11,27091;0;16;0;1000
18.08.2020 00:00:00;Lienz;707;48753;0;162;5;10,25578;0;6;0;151
18.08.2020 00:00:00;Reutte;708;32670;2;66;2;6,121824;0;1;0;63
18.08.2020 00:00:00;Schwaz;709;83873;1;405;42;50,07571;0;14;5;351
18.08.2020 00:00:00;Bludenz;801;63714;1;297;16;25,11222;0;4;4;278
18.08.2020 00:00:00;Bregenz;802;134383;0;306;12;8,929701;0;10;2;285
18.08.2020 00:00:00;Dornbirn;803;89041;0;174;3;3,369234;0;4;0;164
18.08.2020 00:00:00;Feldkirch;804;107159;1;247;12;11,19831;0;2;1;233
18.08.2020 00:00:00;Wien;900;1897491;79;6351;740;38,99887;0;222;68;5094
19.08.2020 00:00:00;Eisenstadt(Stadt);101;14637;0;20;0;0;0;0;0;20
19.08.2020 00:00:00;Rust(Stadt);102;1940;0;1;0;0;0;0;0;1
19.08.2020 00:00:00;Eisenstadt-Umgebung;103;42927;1;38;4;9,318145;0;1;0;32
19.08.2020 00:00:00;Güssing;104;25797;0;35;3;11,62926;0;0;0;33
19.08.2020 00:00:00;Jennersdorf;105;17066;0;10;0;0;0;0;0;10
19.08.2020 00:00:00;Mattersburg;106;39925;1;83;1;2,504696;0;1;0;81
19.08.2020 00:00:00;Neusiedl am See;107;59552;2;78;6;10,07523;0;4;0;64
19.08.2020 00:00:00;Oberpullendorf;108;37513;2;32;2;5,331485;0;1;0;28
19.08.2020 00:00:00;Oberwart;109;54076;0;153;5;9,246246;0;4;0;144
19.08.2020 00:00:00;Klagenfurt Stadt;201;100817;0;154;41;40,66774;0;3;3;108
19.08.2020 00:00:00;Villach Stadt;202;62243;1;44;11;17,67267;0;0;0;33
19.08.2020 00:00:00;Hermagor;203;18224;0;5;0;0;0;0;0;5
19.08.2020 00:00:00;Klagenfurt Land;204;59800;0;60;6;10,03344;0;2;0;52
19.08.2020 00:00:00;Sankt Veit an der Glan;205;54555;0;59;5;9,165063;0;0;0;54
19.08.2020 00:00:00;Spittal an der Drau;206;76091;0;58;9;11,82794;0;1;0;49
19.08.2020 00:00:00;Villach Land;207;64668;4;73;16;24,74176;0;2;1;51
19.08.2020 00:00:00;Völkermarkt;208;41878;0;58;3;7,163666;0;4;0;51
19.08.2020 00:00:00;Wolfsberg;209;52726;0;63;0;0;0;1;0;54
19.08.2020 00:00:00;Feldkirchen;210;29937;0;23;2;6,680696;0;0;2;21
19.08.2020 00:00:00;Krems an der Donau(Stadt);301;24876;0;46;0;0;0;4;0;42
19.08.2020 00:00:00;Sankt Pölten(Stadt);302;55044;0;124;4;7,266914;0;4;2;113
19.08.2020 00:00:00;Waidhofen an der Ybbs(Stadt);303;11261;0;26;0;0;0;3;0;23
19.08.2020 00:00:00;Wiener Neustadt(Stadt);304;45277;1;96;5;11,04313;0;0;0;91
19.08.2020 00:00:00;Amstetten;305;116114;1;334;10;8,612226;0;16;0;305
19.08.2020 00:00:00;Baden;306;146203;2;276;23;15,73155;0;4;3;238
19.08.2020 00:00:00;Bruck an der Leitha;307;102010;1;177;20;19,60592;0;5;0;149
19.08.2020 00:00:00;Gänserndorf;308;103686;4;159;19;18,32456;0;5;1;132
19.08.2020 00:00:00;Gmünd;309;36773;0;17;0;0;0;0;0;17
19.08.2020 00:00:00;Hollabrunn;310;50858;0;51;1;1,966259;0;0;0;48
19.08.2020 00:00:00;Horn;311;31090;0;98;0;0;0;5;0;93
19.08.2020 00:00:00;Korneuburg;312;90889;1;220;12;13,20292;0;5;0;203
19.08.2020 00:00:00;Krems(Land);313;56596;1;189;3;5,300728;0;8;0;177
19.08.2020 00:00:00;Lilienfeld;314;25812;0;55;2;7,748334;0;5;0;48
19.08.2020 00:00:00;Melk;315;77962;0;198;0;0;0;4;1;193
19.08.2020 00:00:00;Mistelbach;316;75483;1;163;7;9,273611;0;7;3;144
19.08.2020 00:00:00;Mödling;317;118998;1;261;14;11,7649;0;7;2;235
19.08.2020 00:00:00;Neunkirchen;318;86291;0;243;2;2,317739;0;7;0;233
19.08.2020 00:00:00;Sankt Pölten(Land);319;131044;0;331;20;15,26205;0;11;2;294
19.08.2020 00:00:00;Scheibbs;320;41403;0;110;2;4,830568;0;1;0;107
19.08.2020 00:00:00;Tulln;321;103771;0;225;17;16,38223;0;6;0;199
19.08.2020 00:00:00;Waidhofen an der Thaya;322;25888;0;77;0;0;0;2;0;75
19.08.2020 00:00:00;Wiener Neustadt(Land);323;77991;1;120;3;3,846598;0;6;0;111
19.08.2020 00:00:00;Zwettl;325;42222;1;84;2;4,736867;0;2;2;79
19.08.2020 00:00:00;Linz(Stadt);401;205726;19;844;74;35,97017;0;17;4;730
19.08.2020 00:00:00;Steyr(Stadt);402;38193;4;103;19;49,74734;0;2;0;80
19.08.2020 00:00:00;Wels(Stadt);403;61727;11;196;36;58,32132;0;0;0;153
19.08.2020 00:00:00;Braunau am Inn;404;104408;3;197;24;22,98674;0;3;0;166
19.08.2020 00:00:00;Eferding;405;33156;2;96;5;15,08023;0;6;0;81
19.08.2020 00:00:00;Freistadt;406;66621;1;148;5;7,505141;0;6;0;137
19.08.2020 00:00:00;Gmunden;407;101631;3;169;13;12,79137;0;2;0;152
19.08.2020 00:00:00;Grieskirchen;408;64721;1;105;6;9,270561;0;1;0;94
19.08.2020 00:00:00;Kirchdorf an der Krems;409;56866;2;85;11;19,34372;0;1;4;73
19.08.2020 00:00:00;Linz-Land;410;150273;10;603;48;31,94187;0;9;4;531
19.08.2020 00:00:00;Perg;411;68459;3;380;11;16,06801;0;3;2;366
19.08.2020 00:00:00;Ried im Innkreis;412;61204;0;92;12;19,60656;0;0;0;78
19.08.2020 00:00:00;Rohrbach;413;56524;1;188;3;5,30748;0;0;0;185
19.08.2020 00:00:00;Schärding;414;57307;0;67;0;0;0;1;0;66
19.08.2020 00:00:00;Steyr-Land;415;60427;3;224;14;23,16845;0;7;0;198
19.08.2020 00:00:00;Urfahr-Umgebung;416;85505;6;353;11;12,86475;0;5;1;336
19.08.2020 00:00:00;Vöcklabruck;417;136253;4;226;33;24,21965;0;4;0;181
19.08.2020 00:00:00;Wels-Land;418;73094;4;155;16;21,88962;0;1;0;133
19.08.2020 00:00:00;Salzburg(Stadt);501;154211;11;250;33;21,39925;0;1;2;217
19.08.2020 00:00:00;Hallein;502;60374;1;99;13;21,53245;0;1;0;88
19.08.2020 00:00:00;Salzburg-Umgebung;503;152281;2;332;36;23,64051;0;11;3;283
19.08.2020 00:00:00;Sankt Johann im Pongau;504;80573;1;474;9;11,17;0;16;0;448
19.08.2020 00:00:00;Tamsweg;505;20320;0;29;0;0;0;1;0;28
19.08.2020 00:00:00;Zell am See;506;87462;1;391;10;11,43354;0;9;1;368
19.08.2020 00:00:00;Graz(Stadt);601;288806;8;677;68;23,54522;0;43;5;565
19.08.2020 00:00:00;Deutschlandsberg;603;60821;0;54;0;0;0;2;0;52
19.08.2020 00:00:00;Graz-Umgebung;606;154260;3;285;19;12,31687;0;34;1;231
19.08.2020 00:00:00;Leibnitz;610;82484;0;196;0;0;0;4;1;191
19.08.2020 00:00:00;Leoben;611;60060;0;51;1;1,665002;0;3;0;47
19.08.2020 00:00:00;Liezen;612;79901;0;118;2;2,503098;0;1;0;111
19.08.2020 00:00:00;Murau;614;27659;0;12;0;0;0;0;0;12
19.08.2020 00:00:00;Voitsberg;616;51161;0;112;3;5,863842;0;5;0;104
19.08.2020 00:00:00;Weiz;617;90343;1;215;5;5,534463;0;18;0;191
19.08.2020 00:00:00;Murtal;620;72004;0;74;7;9,721683;0;1;1;61
19.08.2020 00:00:00;Bruck-Mürzzuschlag;621;98984;0;85;8;8,082114;0;4;0;71
19.08.2020 00:00:00;Hartberg-Fürstenfeld;622;90622;3;324;4;4,413939;0;39;0;281
19.08.2020 00:00:00;Südoststeiermark;623;85947;0;69;1;1,163508;0;2;0;66
19.08.2020 00:00:00;Innsbruck-Stadt;701;132110;5;589;114;86,29173;0;6;4;454
19.08.2020 00:00:00;Imst;702;60056;0;304;0;0;0;6;0;296
19.08.2020 00:00:00;Innsbruck-Land;703;179318;3;454;32;17,84539;0;13;2;408
19.08.2020 00:00:00;Kitzbühel;704;63881;0;389;6;9,392464;0;11;2;375
19.08.2020 00:00:00;Kufstein;705;109682;5;570;18;16,41108;0;35;5;517
19.08.2020 00:00:00;Landeck;706;44362;0;1021;5;11,27091;0;16;0;1000
19.08.2020 00:00:00;Lienz;707;48753;1;163;6;12,30694;0;6;0;151
19.08.2020 00:00:00;Reutte;708;32670;4;70;6;18,36547;0;1;0;63
19.08.2020 00:00:00;Schwaz;709;83873;3;408;34;40,53748;0;14;9;360
19.08.2020 00:00:00;Bludenz;801;63714;6;303;22;34,5293;0;4;0;278
19.08.2020 00:00:00;Bregenz;802;134383;3;309;15;11,16213;0;10;0;285
19.08.2020 00:00:00;Dornbirn;803;89041;4;178;6;6,738469;0;4;4;168
19.08.2020 00:00:00;Feldkirch;804;107159;2;249;13;12,13151;0;2;1;234
19.08.2020 00:00:00;Wien;900;1897491;180;6531;847;44,63789;1;223;54;5148
20.08.2020 00:00:00;Eisenstadt(Stadt);101;14637;0;20;0;0;0;0;0;20
20.08.2020 00:00:00;Rust(Stadt);102;1940;0;1;0;0;0;0;0;1
20.08.2020 00:00:00;Eisenstadt-Umgebung;103;42927;2;40;5;11,64768;0;1;0;32
20.08.2020 00:00:00;Güssing;104;25797;0;35;3;11,62926;0;0;0;33
20.08.2020 00:00:00;Jennersdorf;105;17066;1;11;1;5,859604;0;0;0;10
20.08.2020 00:00:00;Mattersburg;106;39925;0;83;1;2,504696;0;1;0;81
20.08.2020 00:00:00;Neusiedl am See;107;59552;0;78;4;6,716819;0;4;0;64
20.08.2020 00:00:00;Oberpullendorf;108;37513;0;32;2;5,331485;0;1;1;29
20.08.2020 00:00:00;Oberwart;109;54076;1;154;5;9,246246;0;4;0;144
20.08.2020 00:00:00;Klagenfurt Stadt;201;100817;2;156;39;38,68395;0;3;0;108
20.08.2020 00:00:00;Villach Stadt;202;62243;2;46;12;19,27928;0;0;1;34
20.08.2020 00:00:00;Hermagor;203;18224;0;5;0;0;0;0;0;5
20.08.2020 00:00:00;Klagenfurt Land;204;59800;2;62;8;13,37793;0;2;1;53
20.08.2020 00:00:00;Sankt Veit an der Glan;205;54555;0;59;5;9,165063;0;0;0;54
20.08.2020 00:00:00;Spittal an der Drau;206;76091;1;59;10;13,14216;0;1;0;49
20.08.2020 00:00:00;Villach Land;207;64668;1;74;17;26,28812;0;2;0;51
20.08.2020 00:00:00;Völkermarkt;208;41878;0;58;2;4,775777;0;4;0;51
20.08.2020 00:00:00;Wolfsberg;209;52726;0;63;0;0;0;1;0;54
20.08.2020 00:00:00;Feldkirchen;210;29937;0;23;2;6,680696;0;0;0;21
20.08.2020 00:00:00;Krems an der Donau(Stadt);301;24876;1;47;1;4,019939;0;4;0;42
20.08.2020 00:00:00;Sankt Pölten(Stadt);302;55044;0;124;4;7,266914;0;4;1;114
20.08.2020 00:00:00;Waidhofen an der Ybbs(Stadt);303;11261;0;26;0;0;0;3;0;23
20.08.2020 00:00:00;Wiener Neustadt(Stadt);304;45277;0;96;5;11,04313;0;0;0;91
20.08.2020 00:00:00;Amstetten;305;116114;0;334;10;8,612226;0;16;2;307
20.08.2020 00:00:00;Baden;306;146203;4;280;27;18,46747;0;4;3;241
20.08.2020 00:00:00;Bruck an der Leitha;307;102010;4;181;21;20,58622;0;5;2;151
20.08.2020 00:00:00;Gänserndorf;308;103686;2;161;19;18,32456;0;5;0;132
20.08.2020 00:00:00;Gmünd;309;36773;0;17;0;0;0;0;0;17
20.08.2020 00:00:00;Hollabrunn;310;50858;0;51;1;1,966259;0;0;0;48
20.08.2020 00:00:00;Horn;311;31090;0;98;0;0;0;5;0;93
20.08.2020 00:00:00;Korneuburg;312;90889;3;223;13;14,30316;0;5;1;204
20.08.2020 00:00:00;Krems(Land);313;56596;1;190;3;5,300728;0;8;0;177
20.08.2020 00:00:00;Lilienfeld;314;25812;1;56;3;11,6225;0;5;0;48
20.08.2020 00:00:00;Melk;315;77962;1;199;1;1,282676;0;4;0;193
20.08.2020 00:00:00;Mistelbach;316;75483;0;163;7;9,273611;0;7;0;144
20.08.2020 00:00:00;Mödling;317;118998;7;268;21;17,64736;0;7;2;237
20.08.2020 00:00:00;Neunkirchen;318;86291;1;244;2;2,317739;0;7;0;233
20.08.2020 00:00:00;Sankt Pölten(Land);319;131044;5;336;23;17,55136;0;11;1;295
20.08.2020 00:00:00;Scheibbs;320;41403;0;110;2;4,830568;0;1;0;107
20.08.2020 00:00:00;Tulln;321;103771;3;228;15;14,45491;0;6;3;202
20.08.2020 00:00:00;Waidhofen an der Thaya;322;25888;0;77;0;0;0;2;0;75
20.08.2020 00:00:00;Wiener Neustadt(Land);323;77991;0;120;3;3,846598;0;6;0;111
20.08.2020 00:00:00;Zwettl;325;42222;0;84;2;4,736867;0;2;0;79
20.08.2020 00:00:00;Linz(Stadt);401;205726;15;859;80;38,88667;0;17;7;737
20.08.2020 00:00:00;Steyr(Stadt);402;38193;3;106;22;57,60218;0;2;3;83
20.08.2020 00:00:00;Wels(Stadt);403;61727;9;205;42;68,04153;0;0;0;153
20.08.2020 00:00:00;Braunau am Inn;404;104408;2;199;26;24,90231;0;3;0;166
20.08.2020 00:00:00;Eferding;405;33156;3;99;7;21,11232;0;6;2;83
20.08.2020 00:00:00;Freistadt;406;66621;1;149;5;7,505141;0;6;0;137
20.08.2020 00:00:00;Gmunden;407;101631;1;170;12;11,80742;0;2;0;152
20.08.2020 00:00:00;Grieskirchen;408;64721;0;105;4;6,180374;0;1;1;95
20.08.2020 00:00:00;Kirchdorf an der Krems;409;56866;3;88;13;22,86076;0;1;1;74
20.08.2020 00:00:00;Linz-Land;410;150273;6;609;52;34,60369;0;9;3;534
20.08.2020 00:00:00;Perg;411;68459;2;382;13;18,98947;0;3;0;366
20.08.2020 00:00:00;Ried im Innkreis;412;61204;5;97;16;26,14208;0;0;1;79
20.08.2020 00:00:00;Rohrbach;413;56524;0;188;3;5,30748;0;0;0;185
20.08.2020 00:00:00;Schärding;414;57307;0;67;0;0;0;1;0;66
20.08.2020 00:00:00;Steyr-Land;415;60427;0;224;14;23,16845;0;7;1;199
20.08.2020 00:00:00;Urfahr-Umgebung;416;85505;2;355;12;14,03427;0;5;2;338
20.08.2020 00:00:00;Vöcklabruck;417;136253;1;227;30;22,01786;0;4;2;183
20.08.2020 00:00:00;Wels-Land;418;73094;7;162;21;28,73013;0;1;2;135
20.08.2020 00:00:00;Salzburg(Stadt);501;154211;0;250;29;18,8054;0;1;0;217
20.08.2020 00:00:00;Hallein;502;60374;0;99;11;18,21976;0;1;3;91
20.08.2020 00:00:00;Salzburg-Umgebung;503;152281;0;332;33;21,67046;0;11;3;286
20.08.2020 00:00:00;Sankt Johann im Pongau;504;80573;0;474;9;11,17;0;16;0;448
20.08.2020 00:00:00;Tamsweg;505;20320;0;29;0;0;0;1;0;28
20.08.2020 00:00:00;Zell am See;506;87462;0;391;6;6,860122;0;9;5;373
20.08.2020 00:00:00;Graz(Stadt);601;288806;6;683;63;21,81395;0;43;1;566
20.08.2020 00:00:00;Deutschlandsberg;603;60821;0;54;0;0;0;2;0;52
20.08.2020 00:00:00;Graz-Umgebung;606;154260;3;288;17;11,02036;0;34;2;233
20.08.2020 00:00:00;Leibnitz;610;82484;0;196;0;0;0;4;0;191
20.08.2020 00:00:00;Leoben;611;60060;0;51;0;0;0;3;0;47
20.08.2020 00:00:00;Liezen;612;79901;0;118;2;2,503098;0;1;0;111
20.08.2020 00:00:00;Murau;614;27659;0;12;0;0;0;0;0;12
20.08.2020 00:00:00;Voitsberg;616;51161;0;112;3;5,863842;0;5;0;104
20.08.2020 00:00:00;Weiz;617;90343;1;216;6;6,641356;0;18;0;191
20.08.2020 00:00:00;Murtal;620;72004;3;77;9;12,49931;0;1;1;62
20.08.2020 00:00:00;Bruck-Mürzzuschlag;621;98984;2;87;10;10,10264;0;4;1;72
20.08.2020 00:00:00;Hartberg-Fürstenfeld;622;90622;0;324;4;4,413939;0;39;0;281
20.08.2020 00:00:00;Südoststeiermark;623;85947;1;70;2;2,327015;0;2;0;66
20.08.2020 00:00:00;Innsbruck-Stadt;701;132110;10;599;111;84,02089;0;6;9;463
20.08.2020 00:00:00;Imst;702;60056;0;304;0;0;0;6;0;296
20.08.2020 00:00:00;Innsbruck-Land;703;179318;3;457;33;18,40306;0;13;0;408
20.08.2020 00:00:00;Kitzbühel;704;63881;2;391;6;9,392464;0;11;0;375
20.08.2020 00:00:00;Kufstein;705;109682;8;578;25;22,79317;0;35;0;517
20.08.2020 00:00:00;Landeck;706;44362;0;1021;5;11,27091;0;16;0;1000
20.08.2020 00:00:00;Lienz;707;48753;0;163;6;12,30694;0;6;1;152
20.08.2020 00:00:00;Reutte;708;32670;1;71;7;21,42639;0;1;0;63
20.08.2020 00:00:00;Schwaz;709;83873;6;414;38;45,30659;0;14;1;361
20.08.2020 00:00:00;Bludenz;801;63714;2;305;21;32,95979;0;4;1;279
20.08.2020 00:00:00;Bregenz;802;134383;0;309;14;10,41798;0;10;1;286
20.08.2020 00:00:00;Dornbirn;803;89041;2;180;6;6,738469;0;4;0;168
20.08.2020 00:00:00;Feldkirch;804;107159;1;250;12;11,19831;0;2;2;236
20.08.2020 00:00:00;Wien;900;1897491;173;6704;943;49,6972;0;223;70;5218
21.08.2020 00:00:00;Eisenstadt(Stadt);101;14637;1;21;1;6,832001;0;0;0;20
21.08.2020 00:00:00;Rust(Stadt);102;1940;0;1;0;0;0;0;0;1
21.08.2020 00:00:00;Eisenstadt-Umgebung;103;42927;0;40;5;11,64768;0;1;0;32
21.08.2020 00:00:00;Güssing;104;25797;0;35;3;11,62926;0;0;0;33
21.08.2020 00:00:00;Jennersdorf;105;17066;0;11;1;5,859604;0;0;0;10
21.08.2020 00:00:00;Mattersburg;106;39925;1;84;2;5,009393;0;1;0;81
21.08.2020 00:00:00;Neusiedl am See;107;59552;0;78;3;5,037614;0;4;1;65
21.08.2020 00:00:00;Oberpullendorf;108;37513;0;32;2;5,331485;0;1;0;29
21.08.2020 00:00:00;Oberwart;109;54076;1;155;5;9,246246;0;4;0;144
21.08.2020 00:00:00;Klagenfurt Stadt;201;100817;0;156;25;24,79741;0;3;4;112
21.08.2020 00:00:00;Villach Stadt;202;62243;3;49;13;20,88588;0;0;2;36
21.08.2020 00:00:00;Hermagor;203;18224;0;5;0;0;0;0;0;5
21.08.2020 00:00:00;Klagenfurt Land;204;59800;0;62;8;13,37793;0;2;0;53
21.08.2020 00:00:00;Sankt Veit an der Glan;205;54555;0;59;2;3,666025;0;0;0;54
21.08.2020 00:00:00;Spittal an der Drau;206;76091;1;60;8;10,51373;0;1;0;49
21.08.2020 00:00:00;Villach Land;207;64668;0;74;13;20,10268;0;2;0;51
21.08.2020 00:00:00;Völkermarkt;208;41878;0;58;1;2,387889;0;4;1;52
21.08.2020 00:00:00;Wolfsberg;209;52726;0;63;0;0;0;1;0;54
21.08.2020 00:00:00;Feldkirchen;210;29937;0;23;1;3,340348;0;0;0;21
21.08.2020 00:00:00;Krems an der Donau(Stadt);301;24876;0;47;1;4,019939;0;4;0;42
21.08.2020 00:00:00;Sankt Pölten(Stadt);302;55044;0;124;4;7,266914;0;4;1;115
21.08.2020 00:00:00;Waidhofen an der Ybbs(Stadt);303;11261;0;26;0;0;0;3;0;23
21.08.2020 00:00:00;Wiener Neustadt(Stadt);304;45277;3;99;7;15,46039;0;0;0;91
21.08.2020 00:00:00;Amstetten;305;116114;1;335;9;7,751003;0;16;0;307
21.08.2020 00:00:00;Baden;306;146203;5;285;30;20,51941;0;4;8;249
21.08.2020 00:00:00;Bruck an der Leitha;307;102010;2;183;20;19,60592;0;5;4;155
21.08.2020 00:00:00;Gänserndorf;308;103686;4;165;22;21,21791;0;5;2;134
21.08.2020 00:00:00;Gmünd;309;36773;0;17;0;0;0;0;0;17
21.08.2020 00:00:00;Hollabrunn;310;50858;1;52;2;3,932518;0;0;0;48
21.08.2020 00:00:00;Horn;311;31090;1;99;1;3,216468;0;5;0;93
21.08.2020 00:00:00;Korneuburg;312;90889;2;225;15;16,50365;0;5;2;206
21.08.2020 00:00:00;Krems(Land);313;56596;0;190;3;5,300728;0;8;0;177
21.08.2020 00:00:00;Lilienfeld;314;25812;0;56;3;11,6225;0;5;0;48
21.08.2020 00:00:00;Melk;315;77962;0;199;1;1,282676;0;4;0;193
21.08.2020 00:00:00;Mistelbach;316;75483;1;164;8;10,59841;0;7;3;147
21.08.2020 00:00:00;Mödling;317;118998;2;270;22;18,48771;0;7;2;239
21.08.2020 00:00:00;Neunkirchen;318;86291;1;245;3;3,476608;0;7;0;233
21.08.2020 00:00:00;Sankt Pölten(Land);319;131044;1;337;24;18,31446;0;11;2;297
21.08.2020 00:00:00;Scheibbs;320;41403;0;110;1;2,415284;0;1;0;107
21.08.2020 00:00:00;Tulln;321;103771;2;230;14;13,49125;0;6;6;208
21.08.2020 00:00:00;Waidhofen an der Thaya;322;25888;1;78;1;3,862794;0;2;0;75
21.08.2020 00:00:00;Wiener Neustadt(Land);323;77991;2;122;4;5,128797;0;6;0;111
21.08.2020 00:00:00;Zwettl;325;42222;1;85;3;7,1053;0;2;0;79
21.08.2020 00:00:00;Linz(Stadt);401;205726;8;867;78;37,91451;0;17;12;749
21.08.2020 00:00:00;Steyr(Stadt);402;38193;1;107;22;57,60218;0;2;0;83
21.08.2020 00:00:00;Wels(Stadt);403;61727;3;208;42;68,04153;0;0;9;162
21.08.2020 00:00:00;Braunau am Inn;404;104408;3;202;26;24,90231;0;3;1;167
21.08.2020 00:00:00;Eferding;405;33156;0;99;7;21,11232;0;6;0;83
21.08.2020 00:00:00;Freistadt;406;66621;0;149;4;6,004113;0;6;1;138
21.08.2020 00:00:00;Gmunden;407;101631;2;172;14;13,77532;0;2;3;155
21.08.2020 00:00:00;Grieskirchen;408;64721;0;105;4;6,180374;0;1;2;97
21.08.2020 00:00:00;Kirchdorf an der Krems;409;56866;0;88;12;21,10224;0;1;2;76
21.08.2020 00:00:00;Linz-Land;410;150273;9;618;55;36,60006;0;9;5;539
21.08.2020 00:00:00;Perg;411;68459;1;383;9;13,14655;0;3;0;366
21.08.2020 00:00:00;Ried im Innkreis;412;61204;0;97;10;16,3388;0;0;3;82
21.08.2020 00:00:00;Rohrbach;413;56524;2;190;5;8,8458;0;0;0;185
21.08.2020 00:00:00;Schärding;414;57307;0;67;0;0;0;1;0;66
21.08.2020 00:00:00;Steyr-Land;415;60427;1;225;14;23,16845;0;7;1;200
21.08.2020 00:00:00;Urfahr-Umgebung;416;85505;0;355;11;12,86475;0;5;0;338
21.08.2020 00:00:00;Vöcklabruck;417;136253;0;227;29;21,28394;0;4;4;187
21.08.2020 00:00:00;Wels-Land;418;73094;7;169;25;34,20253;0;1;2;137
21.08.2020 00:00:00;Salzburg(Stadt);501;154211;8;258;33;21,39925;0;1;1;218
21.08.2020 00:00:00;Hallein;502;60374;3;102;13;21,53245;0;1;1;92
21.08.2020 00:00:00;Salzburg-Umgebung;503;152281;5;337;35;22,98383;0;11;5;291
21.08.2020 00:00:00;Sankt Johann im Pongau;504;80573;3;477;11;13,65222;0;16;0;448
21.08.2020 00:00:00;Tamsweg;505;20320;0;29;0;0;0;1;0;28
21.08.2020 00:00:00;Zell am See;506;87462;1;392;7;8,003476;0;9;1;374
21.08.2020 00:00:00;Graz(Stadt);601;288806;10;693;67;23,19896;0;43;1;567
21.08.2020 00:00:00;Deutschlandsberg;603;60821;0;54;0;0;0;2;0;52
21.08.2020 00:00:00;Graz-Umgebung;606;154260;0;288;17;11,02036;1;35;5;238
21.08.2020 00:00:00;Leibnitz;610;82484;0;196;0;0;0;4;0;191
21.08.2020 00:00:00;Leoben;611;60060;1;52;1;1,665002;0;3;0;47
21.08.2020 00:00:00;Liezen;612;79901;1;119;2;2,503098;0;1;0;111
21.08.2020 00:00:00;Murau;614;27659;0;12;0;0;0;0;0;12
21.08.2020 00:00:00;Voitsberg;616;51161;0;112;2;3,909228;0;5;0;104
21.08.2020 00:00:00;Weiz;617;90343;3;219;9;9,962033;0;18;0;191
21.08.2020 00:00:00;Murtal;620;72004;0;77;9;12,49931;0;1;2;64
21.08.2020 00:00:00;Bruck-Mürzzuschlag;621;98984;1;88;11;11,11291;0;4;1;73
21.08.2020 00:00:00;Hartberg-Fürstenfeld;622;90622;1;325;5;5,517424;0;39;0;281
21.08.2020 00:00:00;Südoststeiermark;623;85947;0;70;2;2,327015;0;2;0;66
21.08.2020 00:00:00;Innsbruck-Stadt;701;132110;21;620;92;69,63894;0;6;15;478
21.08.2020 00:00:00;Imst;702;60056;1;305;1;1,665113;0;6;0;296
21.08.2020 00:00:00;Innsbruck-Land;703;179318;5;462;33;18,40306;0;13;0;408
21.08.2020 00:00:00;Kitzbühel;704;63881;0;391;4;6,261643;0;11;1;376
21.08.2020 00:00:00;Kufstein;705;109682;10;588;33;30,08698;0;35;2;519
21.08.2020 00:00:00;Landeck;706;44362;0;1021;3;6,762545;0;16;0;1000
21.08.2020 00:00:00;Lienz;707;48753;0;163;6;12,30694;0;6;0;152
21.08.2020 00:00:00;Reutte;708;32670;1;72;8;24,4873;0;1;0;63
21.08.2020 00:00:00;Schwaz;709;83873;3;417;34;40,53748;0;14;5;366
21.08.2020 00:00:00;Bludenz;801;63714;0;305;18;28,25125;0;4;2;281
21.08.2020 00:00:00;Bregenz;802;134383;0;309;9;6,697276;0;10;1;287
21.08.2020 00:00:00;Dornbirn;803;89041;1;181;7;7,861547;0;4;1;169
21.08.2020 00:00:00;Feldkirch;804;107159;0;250;7;6,532349;0;2;0;236
21.08.2020 00:00:00;Wien;900;1897491;144;6848;1011;53,28088;0;223;83;5301
22.08.2020 00:00:00;Eisenstadt(Stadt);101;14637;1;22;2;13,664;0;0;0;20
22.08.2020 00:00:00;Rust(Stadt);102;1940;0;1;0;0;0;0;0;1
22.08.2020 00:00:00;Eisenstadt-Umgebung;103;42927;1;41;6;13,97722;0;1;0;32
22.08.2020 00:00:00;Güssing;104;25797;1;36;4;15,50568;0;0;0;33
22.08.2020 00:00:00;Jennersdorf;105;17066;0;11;1;5,859604;0;0;0;10
22.08.2020 00:00:00;Mattersburg;106;39925;0;84;2;5,009393;0;1;0;81
22.08.2020 00:00:00;Neusiedl am See;107;59552;1;79;4;6,716819;0;4;3;68
22.08.2020 00:00:00;Oberpullendorf;108;37513;0;32;2;5,331485;0;1;0;29
22.08.2020 00:00:00;Oberwart;109;54076;2;157;6;11,0955;0;4;0;144
22.08.2020 00:00:00;Klagenfurt Stadt;201;100817;1;157;15;14,87844;0;3;6;118
22.08.2020 00:00:00;Villach Stadt;202;62243;1;50;12;19,27928;0;0;0;36
22.08.2020 00:00:00;Hermagor;203;18224;0;5;0;0;0;0;0;5
22.08.2020 00:00:00;Klagenfurt Land;204;59800;1;63;7;11,70569;0;2;0;53
22.08.2020 00:00:00;Sankt Veit an der Glan;205;54555;0;59;0;0;0;0;0;54
22.08.2020 00:00:00;Spittal an der Drau;206;76091;1;61;3;3,942648;0;1;0;49
22.08.2020 00:00:00;Villach Land;207;64668;0;74;8;12,37088;0;2;2;53
22.08.2020 00:00:00;Völkermarkt;208;41878;0;58;1;2,387889;0;4;0;52
22.08.2020 00:00:00;Wolfsberg;209;52726;3;66;3;5,689793;0;1;0;54
22.08.2020 00:00:00;Feldkirchen;210;29937;0;23;1;3,340348;0;0;0;21
22.08.2020 00:00:00;Krems an der Donau(Stadt);301;24876;0;47;1;4,019939;0;4;0;42
22.08.2020 00:00:00;Sankt Pölten(Stadt);302;55044;0;124;3;5,450185;0;4;0;115
22.08.2020 00:00:00;Waidhofen an der Ybbs(Stadt);303;11261;0;26;0;0;0;3;0;23
22.08.2020 00:00:00;Wiener Neustadt(Stadt);304;45277;0;99;5;11,04313;0;0;0;91
22.08.2020 00:00:00;Amstetten;305;116114;0;335;8;6,889781;0;16;1;308
22.08.2020 00:00:00;Baden;306;146203;6;291;33;22,57136;0;4;2;251
22.08.2020 00:00:00;Bruck an der Leitha;307;102010;1;184;18;17,64533;0;5;0;155
22.08.2020 00:00:00;Gänserndorf;308;103686;2;167;18;17,36011;0;5;3;137
22.08.2020 00:00:00;Gmünd;309;36773;0;17;0;0;0;0;0;17
22.08.2020 00:00:00;Hollabrunn;310;50858;0;52;2;3,932518;0;0;0;48
22.08.2020 00:00:00;Horn;311;31090;0;99;1;3,216468;0;5;0;93
22.08.2020 00:00:00;Korneuburg;312;90889;2;227;15;16,50365;0;5;1;207
22.08.2020 00:00:00;Krems(Land);313;56596;0;190;3;5,300728;0;8;1;178
22.08.2020 00:00:00;Lilienfeld;314;25812;0;56;3;11,6225;0;5;0;48
22.08.2020 00:00:00;Melk;315;77962;0;199;1;1,282676;0;4;0;193
22.08.2020 00:00:00;Mistelbach;316;75483;1;165;6;7,94881;0;7;1;148
22.08.2020 00:00:00;Mödling;317;118998;1;271;19;15,96665;0;7;0;239
22.08.2020 00:00:00;Neunkirchen;318;86291;0;245;3;3,476608;0;7;2;235
22.08.2020 00:00:00;Sankt Pölten(Land);319;131044;3;340;21;16,02515;0;11;1;298
22.08.2020 00:00:00;Scheibbs;320;41403;0;110;1;2,415284;0;1;0;107
22.08.2020 00:00:00;Tulln;321;103771;1;231;13;12,52759;0;6;3;211
22.08.2020 00:00:00;Waidhofen an der Thaya;322;25888;0;78;1;3,862794;0;2;0;75
22.08.2020 00:00:00;Wiener Neustadt(Land);323;77991;0;122;4;5,128797;0;6;1;112
22.08.2020 00:00:00;Zwettl;325;42222;0;85;3;7,1053;0;2;0;79
22.08.2020 00:00:00;Linz(Stadt);401;205726;8;875;80;38,88667;0;17;10;759
22.08.2020 00:00:00;Steyr(Stadt);402;38193;1;108;19;49,74734;0;2;0;83
22.08.2020 00:00:00;Wels(Stadt);403;61727;5;213;45;72,90165;0;0;0;162
22.08.2020 00:00:00;Braunau am Inn;404;104408;0;202;22;21,07118;0;3;0;167
22.08.2020 00:00:00;Eferding;405;33156;0;99;7;21,11232;0;6;0;83
22.08.2020 00:00:00;Freistadt;406;66621;0;149;4;6,004113;0;6;0;138
22.08.2020 00:00:00;Gmunden;407;101631;0;172;12;11,80742;0;2;0;155
22.08.2020 00:00:00;Grieskirchen;408;64721;0;105;2;3,090187;0;1;0;97
22.08.2020 00:00:00;Kirchdorf an der Krems;409;56866;2;90;14;24,61928;0;1;2;78
22.08.2020 00:00:00;Linz-Land;410;150273;7;625;54;35,9346;0;9;0;539
22.08.2020 00:00:00;Perg;411;68459;0;383;8;11,68583;0;3;3;369
22.08.2020 00:00:00;Ried im Innkreis;412;61204;0;97;9;14,70492;0;0;0;82
22.08.2020 00:00:00;Rohrbach;413;56524;0;190;3;5,30748;0;0;0;185
22.08.2020 00:00:00;Schärding;414;57307;0;67;0;0;0;1;0;66
22.08.2020 00:00:00;Steyr-Land;415;60427;1;226;13;21,51356;0;7;2;202
22.08.2020 00:00:00;Urfahr-Umgebung;416;85505;1;356;11;12,86475;0;5;0;338
22.08.2020 00:00:00;Vöcklabruck;417;136253;0;227;16;11,74286;0;4;2;189
22.08.2020 00:00:00;Wels-Land;418;73094;1;170;24;32,83443;0;1;2;139
22.08.2020 00:00:00;Salzburg(Stadt);501;154211;13;271;40;25,93849;0;1;3;221
22.08.2020 00:00:00;Hallein;502;60374;0;102;9;14,90708;0;1;0;92
22.08.2020 00:00:00;Salzburg-Umgebung;503;152281;2;339;31;20,3571;0;11;2;293
22.08.2020 00:00:00;Sankt Johann im Pongau;504;80573;1;478;9;11,17;0;16;0;448
22.08.2020 00:00:00;Tamsweg;505;20320;0;29;0;0;0;1;0;28
22.08.2020 00:00:00;Zell am See;506;87462;0;392;5;5,716768;0;9;2;376
22.08.2020 00:00:00;Graz(Stadt);601;288806;7;700;67;23,19896;0;43;10;577
22.08.2020 00:00:00;Deutschlandsberg;603;60821;0;54;0;0;0;2;0;52
22.08.2020 00:00:00;Graz-Umgebung;606;154260;5;293;18;11,66861;0;35;0;238
22.08.2020 00:00:00;Leibnitz;610;82484;0;196;0;0;0;4;0;191
22.08.2020 00:00:00;Leoben;611;60060;1;53;2;3,330003;0;3;0;47
22.08.2020 00:00:00;Liezen;612;79901;0;119;1;1,251549;0;1;0;111
22.08.2020 00:00:00;Murau;614;27659;0;12;0;0;0;0;0;12
22.08.2020 00:00:00;Voitsberg;616;51161;0;112;2;3,909228;0;5;0;104
22.08.2020 00:00:00;Weiz;617;90343;1;220;10;11,06893;0;18;0;191
22.08.2020 00:00:00;Murtal;620;72004;1;78;9;12,49931;0;1;0;64
22.08.2020 00:00:00;Bruck-Mürzzuschlag;621;98984;2;90;13;13,13344;0;4;0;73
22.08.2020 00:00:00;Hartberg-Fürstenfeld;622;90622;4;329;9;9,931363;0;39;0;281
22.08.2020 00:00:00;Südoststeiermark;623;85947;0;70;2;2,327015;0;2;0;66
22.08.2020 00:00:00;Innsbruck-Stadt;701;132110;4;624;78;59,04171;0;6;15;493
22.08.2020 00:00:00;Imst;702;60056;1;306;2;3,330225;0;6;0;296
22.08.2020 00:00:00;Innsbruck-Land;703;179318;4;466;31;17,28772;0;13;4;412
22.08.2020 00:00:00;Kitzbühel;704;63881;0;391;4;6,261643;0;11;0;376
22.08.2020 00:00:00;Kufstein;705;109682;14;602;46;41,93943;0;35;2;521
22.08.2020 00:00:00;Landeck;706;44362;0;1021;1;2,254182;0;16;2;1002
22.08.2020 00:00:00;Lienz;707;48753;0;163;5;10,25578;0;6;0;152
22.08.2020 00:00:00;Reutte;708;32670;0;72;8;24,4873;0;1;0;63
22.08.2020 00:00:00;Schwaz;709;83873;2;419;27;32,19153;0;14;2;368
22.08.2020 00:00:00;Bludenz;801;63714;3;308;19;29,82076;0;4;2;283
22.08.2020 00:00:00;Bregenz;802;134383;0;309;7;5,208992;0;10;0;287
22.08.2020 00:00:00;Dornbirn;803;89041;0;181;7;7,861547;0;4;2;171
22.08.2020 00:00:00;Feldkirch;804;107159;1;251;6;5,599156;0;2;2;238
22.08.2020 00:00:00;Wien;900;1897491;102;6950;955;50,32962;0;223;56;5357
23.08.2020 00:00:00;Eisenstadt(Stadt);101;14637;0;22;2;13,664;0;0;0;20
23.08.2020 00:00:00;Rust(Stadt);102;1940;0;1;0;0;0;0;0;1
23.08.2020 00:00:00;Eisenstadt-Umgebung;103;42927;0;41;5;11,64768;0;1;0;32
23.08.2020 00:00:00;Güssing;104;25797;0;36;4;15,50568;0;0;0;33
23.08.2020 00:00:00;Jennersdorf;105;17066;0;11;1;5,859604;0;0;0;10
23.08.2020 00:00:00;Mattersburg;106;39925;0;84;2;5,009393;0;1;0;81
23.08.2020 00:00:00;Neusiedl am See;107;59552;0;79;4;6,716819;0;4;1;69
23.08.2020 00:00:00;Oberpullendorf;108;37513;1;33;3;7,997228;0;1;0;29
23.08.2020 00:00:00;Oberwart;109;54076;1;158;7;12,94474;0;4;1;145
23.08.2020 00:00:00;Klagenfurt Stadt;201;100817;0;157;10;9,918962;0;3;5;123
23.08.2020 00:00:00;Villach Stadt;202;62243;0;50;12;19,27928;0;0;2;38
23.08.2020 00:00:00;Hermagor;203;18224;0;5;0;0;0;0;0;5
23.08.2020 00:00:00;Klagenfurt Land;204;59800;2;65;7;11,70569;0;2;1;54
23.08.2020 00:00:00;Sankt Veit an der Glan;205;54555;0;59;0;0;0;0;5;59
23.08.2020 00:00:00;Spittal an der Drau;206;76091;1;62;4;5,256864;0;1;0;49
23.08.2020 00:00:00;Villach Land;207;64668;2;76;10;15,4636;0;2;1;54
23.08.2020 00:00:00;Völkermarkt;208;41878;0;58;0;0;0;4;0;52
23.08.2020 00:00:00;Wolfsberg;209;52726;0;66;3;5,689793;0;1;0;54
23.08.2020 00:00:00;Feldkirchen;210;29937;0;23;0;0;0;0;0;21
23.08.2020 00:00:00;Krems an der Donau(Stadt);301;24876;0;47;1;4,019939;0;4;0;42
23.08.2020 00:00:00;Sankt Pölten(Stadt);302;55044;0;124;2;3,633457;0;4;0;115
23.08.2020 00:00:00;Waidhofen an der Ybbs(Stadt);303;11261;0;26;0;0;0;3;0;23
23.08.2020 00:00:00;Wiener Neustadt(Stadt);304;45277;3;102;8;17,66902;0;0;0;91
23.08.2020 00:00:00;Amstetten;305;116114;0;335;7;6,028558;0;16;2;310
23.08.2020 00:00:00;Baden;306;146203;5;296;31;21,2034;0;4;1;252
23.08.2020 00:00:00;Bruck an der Leitha;307;102010;6;190;21;20,58622;0;5;5;160
23.08.2020 00:00:00;Gänserndorf;308;103686;2;169;18;17,36011;0;5;1;138
23.08.2020 00:00:00;Gmünd;309;36773;0;17;0;0;0;0;0;17
23.08.2020 00:00:00;Hollabrunn;310;50858;0;52;2;3,932518;0;0;0;48
23.08.2020 00:00:00;Horn;311;31090;0;99;1;3,216468;0;5;0;93
23.08.2020 00:00:00;Korneuburg;312;90889;2;229;17;18,70413;0;5;0;207
23.08.2020 00:00:00;Krems(Land);313;56596;0;190;3;5,300728;0;8;0;178
23.08.2020 00:00:00;Lilienfeld;314;25812;0;56;3;11,6225;0;5;0;48
23.08.2020 00:00:00;Melk;315;77962;1;200;2;2,565352;0;4;0;193
23.08.2020 00:00:00;Mistelbach;316;75483;1;166;6;7,94881;0;7;1;149
23.08.2020 00:00:00;Mödling;317;118998;4;275;19;15,96665;0;7;1;240
23.08.2020 00:00:00;Neunkirchen;318;86291;1;246;3;3,476608;0;7;0;235
23.08.2020 00:00:00;Sankt Pölten(Land);319;131044;2;342;21;16,02515;0;11;9;307
23.08.2020 00:00:00;Scheibbs;320;41403;0;110;1;2,415284;0;1;1;108
23.08.2020 00:00:00;Tulln;321;103771;0;231;9;8,672943;0;6;0;211
23.08.2020 00:00:00;Waidhofen an der Thaya;322;25888;0;78;1;3,862794;0;2;0;75
23.08.2020 00:00:00;Wiener Neustadt(Land);323;77991;4;126;8;10,25759;0;6;0;112
23.08.2020 00:00:00;Zwettl;325;42222;0;85;3;7,1053;0;2;0;79
23.08.2020 00:00:00;Linz(Stadt);401;205726;1;876;76;36,94234;0;17;8;767
23.08.2020 00:00:00;Steyr(Stadt);402;38193;0;108;18;47,12906;0;2;1;84
23.08.2020 00:00:00;Wels(Stadt);403;61727;2;215;45;72,90165;0;0;0;162
23.08.2020 00:00:00;Braunau am Inn;404;104408;2;204;23;22,02896;0;3;0;167
23.08.2020 00:00:00;Eferding;405;33156;0;99;7;21,11232;0;6;0;83
23.08.2020 00:00:00;Freistadt;406;66621;0;149;2;3,002056;0;6;0;138
23.08.2020 00:00:00;Gmunden;407;101631;4;176;16;15,74323;0;2;0;155
23.08.2020 00:00:00;Grieskirchen;408;64721;2;107;4;6,180374;0;1;0;97
23.08.2020 00:00:00;Kirchdorf an der Krems;409;56866;4;94;16;28,13632;0;1;0;78
23.08.2020 00:00:00;Linz-Land;410;150273;0;625;48;31,94187;0;9;1;540
23.08.2020 00:00:00;Perg;411;68459;1;384;8;11,68583;0;3;0;369
23.08.2020 00:00:00;Ried im Innkreis;412;61204;0;97;9;14,70492;0;0;0;82
23.08.2020 00:00:00;Rohrbach;413;56524;2;192;5;8,8458;0;0;0;185
23.08.2020 00:00:00;Schärding;414;57307;0;67;0;0;0;1;0;66
23.08.2020 00:00:00;Steyr-Land;415;60427;0;226;8;13,23911;0;7;0;202
23.08.2020 00:00:00;Urfahr-Umgebung;416;85505;2;358;13;15,20379;0;5;1;339
23.08.2020 00:00:00;Vöcklabruck;417;136253;2;229;18;13,21072;0;4;2;191
23.08.2020 00:00:00;Wels-Land;418;73094;7;177;29;39,67494;0;1;0;139
23.08.2020 00:00:00;Salzburg(Stadt);501;154211;0;271;40;25,93849;0;1;1;222
23.08.2020 00:00:00;Hallein;502;60374;0;102;6;9,938053;0;1;0;92
23.08.2020 00:00:00;Salzburg-Umgebung;503;152281;0;339;27;17,73038;0;11;4;297
23.08.2020 00:00:00;Sankt Johann im Pongau;504;80573;0;478;9;11,17;0;16;0;448
23.08.2020 00:00:00;Tamsweg;505;20320;0;29;0;0;0;1;0;28
23.08.2020 00:00:00;Zell am See;506;87462;0;392;5;5,716768;0;9;0;376
23.08.2020 00:00:00;Graz(Stadt);601;288806;7;707;69;23,89147;0;43;0;577
23.08.2020 00:00:00;Deutschlandsberg;603;60821;0;54;0;0;0;2;0;52
23.08.2020 00:00:00;Graz-Umgebung;606;154260;1;294;17;11,02036;0;35;0;238
23.08.2020 00:00:00;Leibnitz;610;82484;0;196;0;0;0;4;0;191
23.08.2020 00:00:00;Leoben;611;60060;1;54;3;4,995005;0;3;0;47
23.08.2020 00:00:00;Liezen;612;79901;1;120;2;2,503098;0;1;0;111
23.08.2020 00:00:00;Murau;614;27659;0;12;0;0;0;0;0;12
23.08.2020 00:00:00;Voitsberg;616;51161;0;112;1;1,954614;0;5;0;104
23.08.2020 00:00:00;Weiz;617;90343;1;221;11;12,17582;0;18;0;191
23.08.2020 00:00:00;Murtal;620;72004;0;78;9;12,49931;0;1;0;64
23.08.2020 00:00:00;Bruck-Mürzzuschlag;621;98984;0;90;12;12,12317;0;4;0;73
23.08.2020 00:00:00;Hartberg-Fürstenfeld;622;90622;1;330;10;11,03485;0;39;0;281
23.08.2020 00:00:00;Südoststeiermark;623;85947;1;71;3;3,490523;0;2;0;66
23.08.2020 00:00:00;Innsbruck-Stadt;701;132110;5;629;80;60,5556;0;6;34;527
23.08.2020 00:00:00;Imst;702;60056;0;306;2;3,330225;0;6;0;296
23.08.2020 00:00:00;Innsbruck-Land;703;179318;5;471;33;18,40306;0;13;5;417
23.08.2020 00:00:00;Kitzbühel;704;63881;0;391;2;3,130821;0;11;0;376
23.08.2020 00:00:00;Kufstein;705;109682;0;602;40;36,46907;0;35;2;523
23.08.2020 00:00:00;Landeck;706;44362;0;1021;1;2,254182;0;16;0;1002
23.08.2020 00:00:00;Lienz;707;48753;0;163;5;10,25578;0;6;0;152
23.08.2020 00:00:00;Reutte;708;32670;0;72;8;24,4873;0;1;0;63
23.08.2020 00:00:00;Schwaz;709;83873;1;420;28;33,38381;0;14;2;370
23.08.2020 00:00:00;Bludenz;801;63714;2;310;20;31,39028;0;4;0;283
23.08.2020 00:00:00;Bregenz;802;134383;2;311;9;6,697276;0;10;1;288
23.08.2020 00:00:00;Dornbirn;803;89041;0;181;7;7,861547;0;4;1;172
23.08.2020 00:00:00;Feldkirch;804;107159;0;251;6;5,599156;0;2;2;240
23.08.2020 00:00:00;Wien;900;1897491;95;7045;986;51,96336;0;223;54;5411
24.08.2020 00:00:00;Eisenstadt(Stadt);101;14637;0;22;2;13,664;0;0;0;20
24.08.2020 00:00:00;Rust(Stadt);102;1940;0;1;0;0;0;0;0;1
24.08.2020 00:00:00;Eisenstadt-Umgebung;103;42927;0;41;5;11,64768;0;1;0;32
24.08.2020 00:00:00;Güssing;104;25797;0;36;4;15,50568;0;0;0;33
24.08.2020 00:00:00;Jennersdorf;105;17066;1;12;2;11,71921;0;0;0;10
24.08.2020 00:00:00;Mattersburg;106;39925;0;84;2;5,009393;0;1;0;81
24.08.2020 00:00:00;Neusiedl am See;107;59552;1;80;4;6,716819;0;4;2;71
24.08.2020 00:00:00;Oberpullendorf;108;37513;0;33;3;7,997228;0;1;0;29
24.08.2020 00:00:00;Oberwart;109;54076;1;159;8;14,79399;0;4;1;146
24.08.2020 00:00:00;Klagenfurt Stadt;201;100817;1;158;6;5,951377;0;3;6;129
24.08.2020 00:00:00;Villach Stadt;202;62243;0;50;10;16,06606;0;0;2;40
24.08.2020 00:00:00;Hermagor;203;18224;0;5;0;0;0;0;0;5
24.08.2020 00:00:00;Klagenfurt Land;204;59800;2;67;8;13,37793;0;2;3;57
24.08.2020 00:00:00;Sankt Veit an der Glan;205;54555;0;59;0;0;0;0;0;59
24.08.2020 00:00:00;Spittal an der Drau;206;76091;0;62;4;5,256864;0;1;2;51
24.08.2020 00:00:00;Villach Land;207;64668;0;76;9;13,91724;0;2;7;61
24.08.2020 00:00:00;Völkermarkt;208;41878;0;58;0;0;0;4;0;52
24.08.2020 00:00:00;Wolfsberg;209;52726;0;66;3;5,689793;0;1;0;54
24.08.2020 00:00:00;Feldkirchen;210;29937;0;23;0;0;0;0;0;21
24.08.2020 00:00:00;Krems an der Donau(Stadt);301;24876;0;47;1;4,019939;0;4;0;42
24.08.2020 00:00:00;Sankt Pölten(Stadt);302;55044;1;125;3;5,450185;0;4;1;116
24.08.2020 00:00:00;Waidhofen an der Ybbs(Stadt);303;11261;0;26;0;0;0;3;0;23
24.08.2020 00:00:00;Wiener Neustadt(Stadt);304;45277;1;103;9;19,87764;0;0;2;93
24.08.2020 00:00:00;Amstetten;305;116114;0;335;6;5,167336;0;16;2;312
24.08.2020 00:00:00;Baden;306;146203;2;298;32;21,88737;0;4;0;252
24.08.2020 00:00:00;Bruck an der Leitha;307;102010;0;190;19;18,62563;0;5;2;162
24.08.2020 00:00:00;Gänserndorf;308;103686;6;175;23;22,18236;0;5;1;139
24.08.2020 00:00:00;Gmünd;309;36773;0;17;0;0;0;0;0;17
24.08.2020 00:00:00;Hollabrunn;310;50858;0;52;2;3,932518;0;0;0;48
24.08.2020 00:00:00;Horn;311;31090;0;99;1;3,216468;0;5;0;93
24.08.2020 00:00:00;Korneuburg;312;90889;1;230;15;16,50365;0;5;1;208
24.08.2020 00:00:00;Krems(Land);313;56596;0;190;3;5,300728;0;8;0;178
24.08.2020 00:00:00;Lilienfeld;314;25812;0;56;3;11,6225;0;5;0;48
24.08.2020 00:00:00;Melk;315;77962;0;200;2;2,565352;0;4;0;193
24.08.2020 00:00:00;Mistelbach;316;75483;0;166;6;7,94881;0;7;1;150
24.08.2020 00:00:00;Mödling;317;118998;0;275;18;15,1263;0;7;4;244
24.08.2020 00:00:00;Neunkirchen;318;86291;1;247;4;4,635478;0;7;0;235
24.08.2020 00:00:00;Sankt Pölten(Land);319;131044;2;344;21;16,02515;0;11;0;307
24.08.2020 00:00:00;Scheibbs;320;41403;0;110;1;2,415284;0;1;0;108
24.08.2020 00:00:00;Tulln;321;103771;1;232;8;7,709283;0;6;6;217
24.08.2020 00:00:00;Waidhofen an der Thaya;322;25888;0;78;1;3,862794;0;2;0;75
24.08.2020 00:00:00;Wiener Neustadt(Land);323;77991;3;129;11;14,10419;0;6;0;112
24.08.2020 00:00:00;Zwettl;325;42222;0;85;2;4,736867;0;2;0;79
24.08.2020 00:00:00;Linz(Stadt);401;205726;5;881;68;33,05367;0;17;3;770
24.08.2020 00:00:00;Steyr(Stadt);402;38193;0;108;17;44,51077;0;2;4;88
24.08.2020 00:00:00;Wels(Stadt);403;61727;11;226;56;90,72205;0;0;1;163
24.08.2020 00:00:00;Braunau am Inn;404;104408;3;207;23;22,02896;0;3;4;171
24.08.2020 00:00:00;Eferding;405;33156;1;100;8;24,12836;0;6;0;83
24.08.2020 00:00:00;Freistadt;406;66621;0;149;2;3,002056;0;6;2;140
24.08.2020 00:00:00;Gmunden;407;101631;1;177;16;15,74323;0;2;0;155
24.08.2020 00:00:00;Grieskirchen;408;64721;1;108;5;7,725468;0;1;0;97
24.08.2020 00:00:00;Kirchdorf an der Krems;409;56866;0;94;15;26,3778;0;1;0;78
24.08.2020 00:00:00;Linz-Land;410;150273;4;629;51;33,93823;0;9;10;550
24.08.2020 00:00:00;Perg;411;68459;0;384;8;11,68583;0;3;3;372
24.08.2020 00:00:00;Ried im Innkreis;412;61204;0;97;9;14,70492;0;0;5;87
24.08.2020 00:00:00;Rohrbach;413;56524;0;192;5;8,8458;0;0;3;188
24.08.2020 00:00:00;Schärding;414;57307;0;67;0;0;0;1;0;66
24.08.2020 00:00:00;Steyr-Land;415;60427;1;227;9;14,894;0;7;1;203
24.08.2020 00:00:00;Urfahr-Umgebung;416;85505;1;359;12;14,03427;0;5;2;341
24.08.2020 00:00:00;Vöcklabruck;417;136253;0;229;10;7,339288;0;4;6;197
24.08.2020 00:00:00;Wels-Land;418;73094;2;179;31;42,41114;0;1;3;142
24.08.2020 00:00:00;Salzburg(Stadt);501;154211;5;276;43;27,88387;0;1;2;224
24.08.2020 00:00:00;Hallein;502;60374;0;102;6;9,938053;0;1;1;93
24.08.2020 00:00:00;Salzburg-Umgebung;503;152281;7;346;33;21,67046;0;11;4;301
24.08.2020 00:00:00;Sankt Johann im Pongau;504;80573;1;479;10;12,41111;0;16;0;448
24.08.2020 00:00:00;Tamsweg;505;20320;0;29;0;0;0;1;0;28
24.08.2020 00:00:00;Zell am See;506;87462;0;392;4;4,573415;0;9;2;378
24.08.2020 00:00:00;Graz(Stadt);601;288806;4;711;66;22,85271;0;43;2;579
24.08.2020 00:00:00;Deutschlandsberg;603;60821;1;55;1;1,644169;0;2;0;52
24.08.2020 00:00:00;Graz-Umgebung;606;154260;3;297;19;12,31687;0;35;2;240
24.08.2020 00:00:00;Leibnitz;610;82484;2;198;2;2,424713;0;4;0;191
24.08.2020 00:00:00;Leoben;611;60060;0;54;3;4,995005;0;3;0;47
24.08.2020 00:00:00;Liezen;612;79901;0;120;2;2,503098;0;1;1;112
24.08.2020 00:00:00;Murau;614;27659;0;12;0;0;0;0;0;12
24.08.2020 00:00:00;Voitsberg;616;51161;0;112;1;1,954614;0;5;2;106
24.08.2020 00:00:00;Weiz;617;90343;0;221;10;11,06893;0;18;0;191
24.08.2020 00:00:00;Murtal;620;72004;0;78;8;11,11049;0;1;2;66
24.08.2020 00:00:00;Bruck-Mürzzuschlag;621;98984;0;90;11;11,11291;0;4;1;74
24.08.2020 00:00:00;Hartberg-Fürstenfeld;622;90622;0;330;10;11,03485;0;39;0;281
24.08.2020 00:00:00;Südoststeiermark;623;85947;1;72;4;4,654031;0;2;0;66
24.08.2020 00:00:00;Innsbruck-Stadt;701;132110;6;635;74;56,01393;0;6;8;535
24.08.2020 00:00:00;Imst;702;60056;1;307;3;4,995337;0;6;2;298
24.08.2020 00:00:00;Innsbruck-Land;703;179318;8;479;40;22,30674;0;13;6;423
24.08.2020 00:00:00;Kitzbühel;704;63881;0;391;2;3,130821;0;11;1;377
24.08.2020 00:00:00;Kufstein;705;109682;0;602;40;36,46907;0;35;1;524
24.08.2020 00:00:00;Landeck;706;44362;2;1023;3;6,762545;0;16;3;1005
24.08.2020 00:00:00;Lienz;707;48753;0;163;2;4,102312;0;6;0;152
24.08.2020 00:00:00;Reutte;708;32670;0;72;8;24,4873;0;1;0;63
24.08.2020 00:00:00;Schwaz;709;83873;2;422;27;32,19153;0;14;8;378
24.08.2020 00:00:00;Bludenz;801;63714;1;311;18;28,25125;0;4;2;285
24.08.2020 00:00:00;Bregenz;802;134383;4;315;11;8,185559;0;10;1;289
24.08.2020 00:00:00;Dornbirn;803;89041;2;183;9;10,1077;0;4;0;172
24.08.2020 00:00:00;Feldkirch;804;107159;0;251;5;4,665964;0;2;1;241
24.08.2020 00:00:00;Wien;900;1897491;129;7174;1042;54,91462;1;224;60;5471
25.08.2020 00:00:00;Eisenstadt(Stadt);101;14637;2;24;4;27,328;0;0;0;20
25.08.2020 00:00:00;Rust(Stadt);102;1940;0;1;0;0;0;0;0;1
25.08.2020 00:00:00;Eisenstadt-Umgebung;103;42927;0;41;4;9,318145;0;1;0;32
25.08.2020 00:00:00;Güssing;104;25797;0;36;3;11,62926;0;0;0;33
25.08.2020 00:00:00;Jennersdorf;105;17066;0;12;2;11,71921;0;0;0;10
25.08.2020 00:00:00;Mattersburg;106;39925;0;84;2;5,009393;0;1;0;81
25.08.2020 00:00:00;Neusiedl am See;107;59552;1;81;5;8,396024;0;4;0;71
25.08.2020 00:00:00;Oberpullendorf;108;37513;0;33;3;7,997228;0;1;0;29
25.08.2020 00:00:00;Oberwart;109;54076;1;160;8;14,79399;0;4;0;146
25.08.2020 00:00:00;Klagenfurt Stadt;201;100817;0;158;5;4,959481;0;3;11;140
25.08.2020 00:00:00;Villach Stadt;202;62243;2;52;11;17,67267;0;0;1;41
25.08.2020 00:00:00;Hermagor;203;18224;0;5;0;0;0;0;0;5
25.08.2020 00:00:00;Klagenfurt Land;204;59800;1;68;9;15,05017;0;2;0;57
25.08.2020 00:00:00;Sankt Veit an der Glan;205;54555;0;59;0;0;0;0;0;59
25.08.2020 00:00:00;Spittal an der Drau;206;76091;0;62;4;5,256864;0;1;1;52
25.08.2020 00:00:00;Villach Land;207;64668;0;76;9;13,91724;0;2;0;61
25.08.2020 00:00:00;Völkermarkt;208;41878;0;58;0;0;0;4;0;52
25.08.2020 00:00:00;Wolfsberg;209;52726;0;66;3;5,689793;0;1;0;54
25.08.2020 00:00:00;Feldkirchen;210;29937;1;24;1;3,340348;0;0;0;21
25.08.2020 00:00:00;Krems an der Donau(Stadt);301;24876;0;47;1;4,019939;0;4;0;42
25.08.2020 00:00:00;Sankt Pölten(Stadt);302;55044;1;126;4;7,266914;0;4;0;116
25.08.2020 00:00:00;Waidhofen an der Ybbs(Stadt);303;11261;0;26;0;0;0;3;0;23
25.08.2020 00:00:00;Wiener Neustadt(Stadt);304;45277;4;107;13;28,71215;0;0;0;93
25.08.2020 00:00:00;Amstetten;305;116114;1;336;5;4,306113;0;16;1;313
25.08.2020 00:00:00;Baden;306;146203;4;302;31;21,2034;0;4;7;259
25.08.2020 00:00:00;Bruck an der Leitha;307;102010;4;194;19;18,62563;0;5;2;164
25.08.2020 00:00:00;Gänserndorf;308;103686;4;179;24;23,14681;0;5;0;139
25.08.2020 00:00:00;Gmünd;309;36773;0;17;0;0;0;0;0;17
25.08.2020 00:00:00;Hollabrunn;310;50858;1;53;2;3,932518;0;0;1;49
25.08.2020 00:00:00;Horn;311;31090;0;99;1;3,216468;0;5;0;93
25.08.2020 00:00:00;Korneuburg;312;90889;1;231;14;15,4034;0;5;3;211
25.08.2020 00:00:00;Krems(Land);313;56596;0;190;2;3,533819;0;8;0;178
25.08.2020 00:00:00;Lilienfeld;314;25812;0;56;3;11,6225;0;5;0;48
25.08.2020 00:00:00;Melk;315;77962;0;200;2;2,565352;0;4;1;194
25.08.2020 00:00:00;Mistelbach;316;75483;1;167;5;6,624008;0;7;3;153
25.08.2020 00:00:00;Mödling;317;118998;3;278;20;16,807;0;7;2;246
25.08.2020 00:00:00;Neunkirchen;318;86291;0;247;4;4,635478;0;7;1;236
25.08.2020 00:00:00;Sankt Pölten(Land);319;131044;3;347;21;16,02515;0;11;2;309
25.08.2020 00:00:00;Scheibbs;320;41403;0;110;1;2,415284;0;1;0;108
25.08.2020 00:00:00;Tulln;321;103771;1;233;8;7,709283;0;6;0;217
25.08.2020 00:00:00;Waidhofen an der Thaya;322;25888;1;79;2;7,725587;0;2;0;75
25.08.2020 00:00:00;Wiener Neustadt(Land);323;77991;0;129;11;14,10419;0;6;0;112
25.08.2020 00:00:00;Zwettl;325;42222;0;85;2;4,736867;0;2;0;79
25.08.2020 00:00:00;Linz(Stadt);401;205726;9;890;76;36,94234;0;17;21;791
25.08.2020 00:00:00;Steyr(Stadt);402;38193;2;110;17;44,51077;0;2;3;91
25.08.2020 00:00:00;Wels(Stadt);403;61727;6;232;52;84,24191;0;0;10;173
25.08.2020 00:00:00;Braunau am Inn;404;104408;5;212;21;20,1134;0;3;2;173
25.08.2020 00:00:00;Eferding;405;33156;0;100;7;21,11232;0;6;1;84
25.08.2020 00:00:00;Freistadt;406;66621;0;149;2;3,002056;0;6;1;141
25.08.2020 00:00:00;Gmunden;407;101631;4;181;17;16,72718;0;2;1;156
25.08.2020 00:00:00;Grieskirchen;408;64721;0;108;4;6,180374;0;1;1;98
25.08.2020 00:00:00;Kirchdorf an der Krems;409;56866;0;94;14;24,61928;0;1;0;78
25.08.2020 00:00:00;Linz-Land;410;150273;8;637;57;37,93097;0;9;10;560
25.08.2020 00:00:00;Perg;411;68459;7;391;15;21,91092;0;3;0;372
25.08.2020 00:00:00;Ried im Innkreis;412;61204;2;99;11;17,97268;0;0;0;87
25.08.2020 00:00:00;Rohrbach;413;56524;9;201;14;24,76824;0;0;0;188
25.08.2020 00:00:00;Schärding;414;57307;1;68;1;1,744987;0;1;0;66
25.08.2020 00:00:00;Steyr-Land;415;60427;2;229;10;16,54889;0;7;3;206
25.08.2020 00:00:00;Urfahr-Umgebung;416;85505;0;359;12;14,03427;0;5;0;341
25.08.2020 00:00:00;Vöcklabruck;417;136253;3;232;13;9,541075;0;4;3;200
25.08.2020 00:00:00;Wels-Land;418;73094;1;180;31;42,41114;0;1;0;142
25.08.2020 00:00:00;Salzburg(Stadt);501;154211;5;281;48;31,12618;0;1;3;227
25.08.2020 00:00:00;Hallein;502;60374;2;104;8;13,25074;0;1;1;94
25.08.2020 00:00:00;Salzburg-Umgebung;503;152281;2;348;35;22,98383;0;11;0;301
25.08.2020 00:00:00;Sankt Johann im Pongau;504;80573;0;479;9;11,17;0;16;1;449
25.08.2020 00:00:00;Tamsweg;505;20320;0;29;0;0;0;1;0;28
25.08.2020 00:00:00;Zell am See;506;87462;0;392;4;4,573415;0;9;0;378
25.08.2020 00:00:00;Graz(Stadt);601;288806;13;724;69;23,89147;0;43;18;597
25.08.2020 00:00:00;Deutschlandsberg;603;60821;2;57;3;4,932507;0;2;0;52
25.08.2020 00:00:00;Graz-Umgebung;606;154260;6;303;23;14,90989;0;35;4;244
25.08.2020 00:00:00;Leibnitz;610;82484;1;199;3;3,637069;0;4;0;191
25.08.2020 00:00:00;Leoben;611;60060;0;54;3;4,995005;0;3;1;48
25.08.2020 00:00:00;Liezen;612;79901;3;123;5;6,257744;0;1;0;112
25.08.2020 00:00:00;Murau;614;27659;0;12;0;0;0;0;0;12
25.08.2020 00:00:00;Voitsberg;616;51161;0;112;1;1,954614;0;5;0;106
25.08.2020 00:00:00;Weiz;617;90343;3;224;11;12,17582;0;18;0;191
25.08.2020 00:00:00;Murtal;620;72004;0;78;8;11,11049;0;1;2;68
25.08.2020 00:00:00;Bruck-Mürzzuschlag;621;98984;1;91;11;11,11291;0;4;1;75
25.08.2020 00:00:00;Hartberg-Fürstenfeld;622;90622;3;333;12;13,24182;0;39;2;283
25.08.2020 00:00:00;Südoststeiermark;623;85947;0;72;4;4,654031;0;2;0;66
25.08.2020 00:00:00;Innsbruck-Stadt;701;132110;14;649;72;54,50004;0;6;15;550
25.08.2020 00:00:00;Imst;702;60056;0;307;3;4,995337;0;6;0;298
25.08.2020 00:00:00;Innsbruck-Land;703;179318;3;482;37;20,63373;0;13;2;425
25.08.2020 00:00:00;Kitzbühel;704;63881;1;392;3;4,696232;0;11;1;378
25.08.2020 00:00:00;Kufstein;705;109682;12;614;51;46,49806;0;35;4;528
25.08.2020 00:00:00;Landeck;706;44362;1;1024;3;6,762545;0;16;0;1005
25.08.2020 00:00:00;Lienz;707;48753;0;163;1;2,051156;0;6;0;152
25.08.2020 00:00:00;Reutte;708;32670;0;72;8;24,4873;0;1;0;63
25.08.2020 00:00:00;Schwaz;709;83873;3;425;21;25,03786;0;14;3;381
25.08.2020 00:00:00;Bludenz;801;63714;1;312;16;25,11222;0;4;1;286
25.08.2020 00:00:00;Bregenz;802;134383;0;315;9;6,697276;0;10;1;290
25.08.2020 00:00:00;Dornbirn;803;89041;0;183;9;10,1077;0;4;0;172
25.08.2020 00:00:00;Feldkirch;804;107159;1;252;6;5,599156;0;2;2;243
25.08.2020 00:00:00;Wien;900;1897491;127;7301;1029;54,22951;0;224;75;5546
26.08.2020 00:00:00;Eisenstadt(Stadt);101;14637;2;26;6;40,99201;0;0;0;20
26.08.2020 00:00:00;Rust(Stadt);102;1940;0;1;0;0;0;0;0;1
26.08.2020 00:00:00;Eisenstadt-Umgebung;103;42927;1;42;5;11,64768;0;1;0;32
26.08.2020 00:00:00;Güssing;104;25797;0;36;1;3,87642;0;0;1;34
26.08.2020 00:00:00;Jennersdorf;105;17066;0;12;2;11,71921;0;0;0;10
26.08.2020 00:00:00;Mattersburg;106;39925;0;84;2;5,009393;0;1;0;81
26.08.2020 00:00:00;Neusiedl am See;107;59552;2;83;7;11,75443;0;4;0;71
26.08.2020 00:00:00;Oberpullendorf;108;37513;0;33;3;7,997228;0;1;0;29
26.08.2020 00:00:00;Oberwart;109;54076;0;160;7;12,94474;0;4;0;146
26.08.2020 00:00:00;Klagenfurt Stadt;201;100817;2;160;6;5,951377;0;3;5;145
26.08.2020 00:00:00;Villach Stadt;202;62243;1;53;10;16,06606;0;0;2;43
26.08.2020 00:00:00;Hermagor;203;18224;0;5;0;0;0;0;0;5
26.08.2020 00:00:00;Klagenfurt Land;204;59800;0;68;8;13,37793;0;2;0;57
26.08.2020 00:00:00;Sankt Veit an der Glan;205;54555;0;59;0;0;0;0;0;59
26.08.2020 00:00:00;Spittal an der Drau;206;76091;0;62;4;5,256864;0;1;1;53
26.08.2020 00:00:00;Villach Land;207;64668;0;76;7;10,82452;0;2;1;62
26.08.2020 00:00:00;Völkermarkt;208;41878;0;58;0;0;0;4;2;54
26.08.2020 00:00:00;Wolfsberg;209;52726;0;66;3;5,689793;0;1;0;54
26.08.2020 00:00:00;Feldkirchen;210;29937;3;27;4;13,36139;0;0;1;22
26.08.2020 00:00:00;Krems an der Donau(Stadt);301;24876;0;47;1;4,019939;0;4;0;42
26.08.2020 00:00:00;Sankt Pölten(Stadt);302;55044;2;128;4;7,266914;0;4;0;116
26.08.2020 00:00:00;Waidhofen an der Ybbs(Stadt);303;11261;0;26;0;0;0;3;0;23
26.08.2020 00:00:00;Wiener Neustadt(Stadt);304;45277;0;107;12;26,50352;0;0;0;93
26.08.2020 00:00:00;Amstetten;305;116114;2;338;5;4,306113;0;16;3;316
26.08.2020 00:00:00;Baden;306;146203;1;303;29;19,83543;0;4;2;261
26.08.2020 00:00:00;Bruck an der Leitha;307;102010;3;197;21;20,58622;0;5;2;166
26.08.2020 00:00:00;Gänserndorf;308;103686;0;179;24;23,14681;0;5;6;145
26.08.2020 00:00:00;Gmünd;309;36773;0;17;0;0;0;0;0;17
26.08.2020 00:00:00;Hollabrunn;310;50858;0;53;2;3,932518;0;0;0;49
26.08.2020 00:00:00;Horn;311;31090;0;99;1;3,216468;0;5;0;93
26.08.2020 00:00:00;Korneuburg;312;90889;3;234;15;16,50365;0;5;0;211
26.08.2020 00:00:00;Krems(Land);313;56596;0;190;2;3,533819;0;8;0;178
26.08.2020 00:00:00;Lilienfeld;314;25812;0;56;1;3,874167;0;5;2;50
26.08.2020 00:00:00;Melk;315;77962;1;201;3;3,848028;0;4;0;194
26.08.2020 00:00:00;Mistelbach;316;75483;2;169;7;9,273611;0;7;1;154
26.08.2020 00:00:00;Mödling;317;118998;4;282;22;18,48771;0;7;0;246
26.08.2020 00:00:00;Neunkirchen;318;86291;0;247;4;4,635478;0;7;0;236
26.08.2020 00:00:00;Sankt Pölten(Land);319;131044;1;348;17;12,97274;0;11;3;312
26.08.2020 00:00:00;Scheibbs;320;41403;0;110;0;0;0;1;0;108
26.08.2020 00:00:00;Tulln;321;103771;2;235;10;9,636603;0;6;2;219
26.08.2020 00:00:00;Waidhofen an der Thaya;322;25888;0;79;2;7,725587;0;2;0;75
26.08.2020 00:00:00;Wiener Neustadt(Land);323;77991;5;134;15;19,23299;0;6;0;112
26.08.2020 00:00:00;Zwettl;325;42222;0;85;2;4,736867;0;2;1;80
26.08.2020 00:00:00;Linz(Stadt);401;205726;14;904;79;38,40059;0;17;6;797
26.08.2020 00:00:00;Steyr(Stadt);402;38193;2;112;13;34,03765;0;2;0;91
26.08.2020 00:00:00;Wels(Stadt);403;61727;2;234;49;79,3818;0;0;6;179
26.08.2020 00:00:00;Braunau am Inn;404;104408;6;218;24;22,98674;0;3;2;175
26.08.2020 00:00:00;Eferding;405;33156;4;104;10;30,16045;0;6;0;84
26.08.2020 00:00:00;Freistadt;406;66621;2;151;4;6,004113;0;6;0;141
26.08.2020 00:00:00;Gmunden;407;101631;1;182;16;15,74323;0;2;3;159
26.08.2020 00:00:00;Grieskirchen;408;64721;1;109;5;7,725468;0;1;1;99
26.08.2020 00:00:00;Kirchdorf an der Krems;409;56866;1;95;12;21,10224;0;1;0;78
26.08.2020 00:00:00;Linz-Land;410;150273;8;645;52;34,60369;0;9;3;563
26.08.2020 00:00:00;Perg;411;68459;0;391;14;20,4502;0;3;0;372
26.08.2020 00:00:00;Ried im Innkreis;412;61204;2;101;9;14,70492;0;0;0;87
26.08.2020 00:00:00;Rohrbach;413;56524;1;202;15;26,5374;0;0;0;188
26.08.2020 00:00:00;Schärding;414;57307;0;68;1;1,744987;0;1;0;66
26.08.2020 00:00:00;Steyr-Land;415;60427;2;231;10;16,54889;0;7;3;209
26.08.2020 00:00:00;Urfahr-Umgebung;416;85505;2;361;14;16,37331;0;5;1;342
26.08.2020 00:00:00;Vöcklabruck;417;136253;4;236;14;10,275;0;4;1;201
26.08.2020 00:00:00;Wels-Land;418;73094;7;187;36;49,25165;0;1;4;146
26.08.2020 00:00:00;Salzburg(Stadt);501;154211;4;285;46;29,82926;0;1;7;234
26.08.2020 00:00:00;Hallein;502;60374;0;104;6;9,938053;0;1;1;95
26.08.2020 00:00:00;Salzburg-Umgebung;503;152281;2;350;20;13,13361;0;11;2;303
26.08.2020 00:00:00;Sankt Johann im Pongau;504;80573;1;480;7;8,687774;0;16;0;449
26.08.2020 00:00:00;Tamsweg;505;20320;0;29;0;0;0;1;0;28
26.08.2020 00:00:00;Zell am See;506;87462;1;393;3;3,430061;0;9;1;379
26.08.2020 00:00:00;Graz(Stadt);601;288806;19;743;74;25,62274;0;43;10;607
26.08.2020 00:00:00;Deutschlandsberg;603;60821;1;58;4;6,576676;0;2;0;52
26.08.2020 00:00:00;Graz-Umgebung;606;154260;2;305;23;14,90989;0;35;5;249
26.08.2020 00:00:00;Leibnitz;610;82484;1;200;4;4,849425;0;4;0;191
26.08.2020 00:00:00;Leoben;611;60060;0;54;3;4,995005;0;3;0;48
26.08.2020 00:00:00;Liezen;612;79901;2;125;7;8,760841;0;1;0;112
26.08.2020 00:00:00;Murau;614;27659;0;12;0;0;0;0;0;12
26.08.2020 00:00:00;Voitsberg;616;51161;1;113;1;1,954614;0;5;0;106
26.08.2020 00:00:00;Weiz;617;90343;2;226;12;13,28271;0;18;1;192
26.08.2020 00:00:00;Murtal;620;72004;2;80;6;8,33287;0;1;0;68
26.08.2020 00:00:00;Bruck-Mürzzuschlag;621;98984;4;95;10;10,10264;0;4;2;77
26.08.2020 00:00:00;Hartberg-Fürstenfeld;622;90622;1;334;13;14,3453;0;39;0;283
26.08.2020 00:00:00;Südoststeiermark;623;85947;0;72;3;3,490523;0;2;0;66
26.08.2020 00:00:00;Innsbruck-Stadt;701;132110;8;657;73;55,25698;0;6;9;559
26.08.2020 00:00:00;Imst;702;60056;0;307;3;4,995337;0;6;0;298
26.08.2020 00:00:00;Innsbruck-Land;703;179318;13;495;44;24,53741;0;13;3;428
26.08.2020 00:00:00;Kitzbühel;704;63881;0;392;3;4,696232;0;11;1;379
26.08.2020 00:00:00;Kufstein;705;109682;18;632;67;61,08569;0;35;5;533
26.08.2020 00:00:00;Landeck;706;44362;0;1024;3;6,762545;0;16;0;1005
26.08.2020 00:00:00;Lienz;707;48753;0;163;1;2,051156;0;6;2;154
26.08.2020 00:00:00;Reutte;708;32670;0;72;6;18,36547;0;1;1;64
26.08.2020 00:00:00;Schwaz;709;83873;3;428;23;27,42241;0;14;4;385
26.08.2020 00:00:00;Bludenz;801;63714;0;312;15;23,54271;0;4;2;288
26.08.2020 00:00:00;Bregenz;802;134383;6;321;15;11,16213;0;10;1;291
26.08.2020 00:00:00;Dornbirn;803;89041;1;184;10;11,23078;0;4;1;173
26.08.2020 00:00:00;Feldkirch;804;107159;2;254;7;6,532349;0;2;1;244
26.08.2020 00:00:00;Wien;900;1897491;129;7430;1079;56,86456;0;224;102;5648
27.08.2020 00:00:00;Eisenstadt(Stadt);101;14637;0;26;6;40,99201;0;0;0;20
27.08.2020 00:00:00;Rust(Stadt);102;1940;0;1;0;0;0;0;0;1
27.08.2020 00:00:00;Eisenstadt-Umgebung;103;42927;0;42;4;9,318145;0;1;1;33
27.08.2020 00:00:00;Güssing;104;25797;0;36;1;3,87642;0;0;0;34
27.08.2020 00:00:00;Jennersdorf;105;17066;0;12;2;11,71921;0;0;0;10
27.08.2020 00:00:00;Mattersburg;106;39925;0;84;1;2,504696;0;1;0;81
27.08.2020 00:00:00;Neusiedl am See;107;59552;1;84;6;10,07523;0;4;1;72
27.08.2020 00:00:00;Oberpullendorf;108;37513;0;33;1;2,665743;0;1;0;29
27.08.2020 00:00:00;Oberwart;109;54076;2;162;9;16,64324;0;4;1;147
27.08.2020 00:00:00;Klagenfurt Stadt;201;100817;4;164;10;9,918962;0;3;6;151
27.08.2020 00:00:00;Villach Stadt;202;62243;0;53;9;14,45946;0;0;0;43
27.08.2020 00:00:00;Hermagor;203;18224;0;5;0;0;0;0;0;5
27.08.2020 00:00:00;Klagenfurt Land;204;59800;1;69;9;15,05017;0;2;0;57
27.08.2020 00:00:00;Sankt Veit an der Glan;205;54555;0;59;0;0;0;0;0;59
27.08.2020 00:00:00;Spittal an der Drau;206;76091;0;62;4;5,256864;0;1;6;59
27.08.2020 00:00:00;Villach Land;207;64668;0;76;3;4,63908;0;2;7;69
27.08.2020 00:00:00;Völkermarkt;208;41878;0;58;0;0;0;4;0;54
27.08.2020 00:00:00;Wolfsberg;209;52726;1;67;4;7,58639;0;1;0;54
27.08.2020 00:00:00;Feldkirchen;210;29937;0;27;4;13,36139;0;0;1;23
27.08.2020 00:00:00;Krems an der Donau(Stadt);301;24876;0;47;1;4,019939;0;4;0;42
27.08.2020 00:00:00;Sankt Pölten(Stadt);302;55044;1;129;5;9,083642;0;4;0;116
27.08.2020 00:00:00;Waidhofen an der Ybbs(Stadt);303;11261;0;26;0;0;0;3;0;23
27.08.2020 00:00:00;Wiener Neustadt(Stadt);304;45277;5;112;16;35,33803;0;0;1;94
27.08.2020 00:00:00;Amstetten;305;116114;0;338;4;3,44489;0;16;3;319
27.08.2020 00:00:00;Baden;306;146203;4;307;31;21,2034;0;4;8;269
27.08.2020 00:00:00;Bruck an der Leitha;307;102010;4;201;24;23,52711;0;5;3;169
27.08.2020 00:00:00;Gänserndorf;308;103686;2;181;22;21,21791;0;5;5;150
27.08.2020 00:00:00;Gmünd;309;36773;0;17;0;0;0;0;0;17
27.08.2020 00:00:00;Hollabrunn;310;50858;0;53;2;3,932518;0;0;0;49
27.08.2020 00:00:00;Horn;311;31090;0;99;1;3,216468;0;5;0;93
27.08.2020 00:00:00;Korneuburg;312;90889;1;235;15;16,50365;0;5;3;214
27.08.2020 00:00:00;Krems(Land);313;56596;0;190;1;1,766909;0;8;3;181
27.08.2020 00:00:00;Lilienfeld;314;25812;0;56;1;3,874167;0;5;0;50
27.08.2020 00:00:00;Melk;315;77962;0;201;3;3,848028;0;4;0;194
27.08.2020 00:00:00;Mistelbach;316;75483;1;170;7;9,273611;0;7;0;154
27.08.2020 00:00:00;Mödling;317;118998;5;287;26;21,84911;0;7;0;246
27.08.2020 00:00:00;Neunkirchen;318;86291;2;249;6;6,953217;0;7;0;236
27.08.2020 00:00:00;Sankt Pölten(Land);319;131044;1;349;18;13,73584;0;11;1;313
27.08.2020 00:00:00;Scheibbs;320;41403;0;110;0;0;0;1;0;108
27.08.2020 00:00:00;Tulln;321;103771;2;237;12;11,56392;0;6;1;220
27.08.2020 00:00:00;Waidhofen an der Thaya;322;25888;0;79;2;7,725587;0;2;0;75
27.08.2020 00:00:00;Wiener Neustadt(Land);323;77991;5;139;19;24,36179;0;6;2;114
27.08.2020 00:00:00;Zwettl;325;42222;0;85;1;2,368433;0;2;1;81
27.08.2020 00:00:00;Linz(Stadt);401;205726;11;915;71;34,51192;0;17;9;806
27.08.2020 00:00:00;Steyr(Stadt);402;38193;0;112;9;23,56453;0;2;4;95
27.08.2020 00:00:00;Wels(Stadt);403;61727;10;244;48;77,76176;0;0;3;182
27.08.2020 00:00:00;Braunau am Inn;404;104408;4;222;25;23,94452;0;3;5;180
27.08.2020 00:00:00;Eferding;405;33156;0;104;8;24,12836;0;6;1;85
27.08.2020 00:00:00;Freistadt;406;66621;7;158;10;15,01028;0;6;1;142
27.08.2020 00:00:00;Gmunden;407;101631;1;183;14;13,77532;0;2;2;161
27.08.2020 00:00:00;Grieskirchen;408;64721;2;111;6;9,270561;0;1;2;101
27.08.2020 00:00:00;Kirchdorf an der Krems;409;56866;1;96;11;19,34372;0;1;1;79
27.08.2020 00:00:00;Linz-Land;410;150273;8;653;50;33,27278;0;9;3;566
27.08.2020 00:00:00;Perg;411;68459;1;392;12;17,52874;0;3;1;373
27.08.2020 00:00:00;Ried im Innkreis;412;61204;0;101;9;14,70492;0;0;1;88
27.08.2020 00:00:00;Rohrbach;413;56524;1;203;15;26,5374;0;0;0;188
27.08.2020 00:00:00;Schärding;414;57307;0;68;1;1,744987;0;1;0;66
27.08.2020 00:00:00;Steyr-Land;415;60427;0;231;7;11,58423;0;7;1;210
27.08.2020 00:00:00;Urfahr-Umgebung;416;85505;0;361;8;9,356178;0;5;3;345
27.08.2020 00:00:00;Vöcklabruck;417;136253;3;239;13;9,541075;0;4;8;209
27.08.2020 00:00:00;Wels-Land;418;73094;5;192;37;50,61975;0;1;0;146
27.08.2020 00:00:00;Salzburg(Stadt);501;154211;3;288;38;24,64156;0;1;4;238
27.08.2020 00:00:00;Hallein;502;60374;0;104;5;8,281711;0;1;0;95
27.08.2020 00:00:00;Salzburg-Umgebung;503;152281;2;352;20;13,13361;0;11;1;304
27.08.2020 00:00:00;Sankt Johann im Pongau;504;80573;1;481;7;8,687774;0;16;5;454
27.08.2020 00:00:00;Tamsweg;505;20320;0;29;0;0;0;1;0;28
27.08.2020 00:00:00;Zell am See;506;87462;1;394;3;3,430061;0;9;0;379
27.08.2020 00:00:00;Graz(Stadt);601;288806;17;760;83;28,73902;0;43;8;615
27.08.2020 00:00:00;Deutschlandsberg;603;60821;1;59;5;8,220845;0;2;0;52
27.08.2020 00:00:00;Graz-Umgebung;606;154260;2;307;22;14,26164;0;35;0;249
27.08.2020 00:00:00;Leibnitz;610;82484;0;200;4;4,849425;0;4;0;191
27.08.2020 00:00:00;Leoben;611;60060;0;54;3;4,995005;0;3;1;49
27.08.2020 00:00:00;Liezen;612;79901;0;125;7;8,760841;0;1;0;112
27.08.2020 00:00:00;Murau;614;27659;0;12;0;0;0;0;0;12
27.08.2020 00:00:00;Voitsberg;616;51161;0;113;1;1,954614;0;5;1;107
27.08.2020 00:00:00;Weiz;617;90343;0;226;11;12,17582;0;18;2;194
27.08.2020 00:00:00;Murtal;620;72004;0;80;6;8,33287;0;1;1;69
27.08.2020 00:00:00;Bruck-Mürzzuschlag;621;98984;1;96;11;11,11291;0;4;5;82
27.08.2020 00:00:00;Hartberg-Fürstenfeld;622;90622;1;335;11;12,13833;0;39;0;283
27.08.2020 00:00:00;Südoststeiermark;623;85947;0;72;3;3,490523;0;2;1;67
27.08.2020 00:00:00;Innsbruck-Stadt;701;132110;4;661;72;54,50004;0;6;14;573
27.08.2020 00:00:00;Imst;702;60056;1;308;4;6,66045;0;6;0;298
27.08.2020 00:00:00;Innsbruck-Land;703;179318;4;499;45;25,09508;0;13;6;434
27.08.2020 00:00:00;Kitzbühel;704;63881;0;392;3;4,696232;0;11;1;380
27.08.2020 00:00:00;Kufstein;705;109682;10;642;72;65,64432;0;35;11;544
27.08.2020 00:00:00;Landeck;706;44362;1;1025;4;9,016726;0;16;0;1005
27.08.2020 00:00:00;Lienz;707;48753;0;163;0;0;0;6;1;155
27.08.2020 00:00:00;Reutte;708;32670;3;75;5;15,30456;0;1;0;64
27.08.2020 00:00:00;Schwaz;709;83873;6;434;26;30,99925;0;14;7;392
27.08.2020 00:00:00;Bludenz;801;63714;3;315;12;18,83417;0;4;2;290
27.08.2020 00:00:00;Bregenz;802;134383;1;322;13;9,673842;0;10;3;294
27.08.2020 00:00:00;Dornbirn;803;89041;2;186;8;8,984625;0;4;2;175
27.08.2020 00:00:00;Feldkirch;804;107159;0;254;5;4,665964;0;2;1;245
27.08.2020 00:00:00;Wien;900;1897491;66;7496;965;50,85663;0;224;89;5737
28.08.2020 00:00:00;Eisenstadt(Stadt);101;14637;0;26;6;40,99201;0;0;0;20
28.08.2020 00:00:00;Rust(Stadt);102;1940;0;1;0;0;0;0;0;1
28.08.2020 00:00:00;Eisenstadt-Umgebung;103;42927;5;47;7;16,30675;0;1;0;33
28.08.2020 00:00:00;Güssing;104;25797;0;36;1;3,87642;0;0;2;36
28.08.2020 00:00:00;Jennersdorf;105;17066;0;12;1;5,859604;0;0;0;10
28.08.2020 00:00:00;Mattersburg;106;39925;3;87;4;10,01879;0;1;1;82
28.08.2020 00:00:00;Neusiedl am See;107;59552;1;85;7;11,75443;0;4;0;72
28.08.2020 00:00:00;Oberpullendorf;108;37513;0;33;1;2,665743;0;1;0;29
28.08.2020 00:00:00;Oberwart;109;54076;0;162;8;14,79399;0;4;1;148
28.08.2020 00:00:00;Klagenfurt Stadt;201;100817;2;166;10;9,918962;0;3;1;152
28.08.2020 00:00:00;Villach Stadt;202;62243;2;55;9;14,45946;0;0;1;44
28.08.2020 00:00:00;Hermagor;203;18224;0;5;0;0;0;0;0;5
28.08.2020 00:00:00;Klagenfurt Land;204;59800;0;69;7;11,70569;0;2;1;58
28.08.2020 00:00:00;Sankt Veit an der Glan;205;54555;0;59;0;0;0;0;0;59
28.08.2020 00:00:00;Spittal an der Drau;206;76091;0;62;3;3,942648;0;1;0;59
28.08.2020 00:00:00;Villach Land;207;64668;0;76;2;3,09272;0;2;2;71
28.08.2020 00:00:00;Völkermarkt;208;41878;0;58;0;0;0;4;0;54
28.08.2020 00:00:00;Wolfsberg;209;52726;0;67;4;7,58639;0;1;8;62
28.08.2020 00:00:00;Feldkirchen;210;29937;0;27;4;13,36139;0;0;0;23
28.08.2020 00:00:00;Krems an der Donau(Stadt);301;24876;0;47;0;0;0;4;1;43
28.08.2020 00:00:00;Sankt Pölten(Stadt);302;55044;2;131;7;12,7171;0;4;1;117
28.08.2020 00:00:00;Waidhofen an der Ybbs(Stadt);303;11261;0;26;0;0;0;3;0;23
28.08.2020 00:00:00;Wiener Neustadt(Stadt);304;45277;2;114;18;39,75528;0;0;0;94
28.08.2020 00:00:00;Amstetten;305;116114;2;340;6;5,167336;0;16;1;320
28.08.2020 00:00:00;Baden;306;146203;3;310;30;20,51941;0;4;2;271
28.08.2020 00:00:00;Bruck an der Leitha;307;102010;5;206;25;24,5074;0;5;1;170
28.08.2020 00:00:00;Gänserndorf;308;103686;1;182;21;20,25346;0;5;3;153
28.08.2020 00:00:00;Gmünd;309;36773;0;17;0;0;0;0;0;17
28.08.2020 00:00:00;Hollabrunn;310;50858;0;53;2;3,932518;0;0;2;51
28.08.2020 00:00:00;Horn;311;31090;0;99;1;3,216468;0;5;0;93
28.08.2020 00:00:00;Korneuburg;312;90889;1;236;13;14,30316;0;5;1;215
28.08.2020 00:00:00;Krems(Land);313;56596;1;191;1;1,766909;0;8;1;182
28.08.2020 00:00:00;Lilienfeld;314;25812;1;57;1;3,874167;0;5;1;51
28.08.2020 00:00:00;Melk;315;77962;0;201;2;2,565352;0;4;0;194
28.08.2020 00:00:00;Mistelbach;316;75483;1;171;8;10,59841;0;7;0;154
28.08.2020 00:00:00;Mödling;317;118998;4;291;23;19,32806;0;7;3;249
28.08.2020 00:00:00;Neunkirchen;318;86291;1;250;6;6,953217;0;7;1;237
28.08.2020 00:00:00;Sankt Pölten(Land);319;131044;0;349;13;9,920332;0;11;4;317
28.08.2020 00:00:00;Scheibbs;320;41403;0;110;0;0;0;1;1;109
28.08.2020 00:00:00;Tulln;321;103771;3;240;12;11,56392;0;6;3;223
28.08.2020 00:00:00;Waidhofen an der Thaya;322;25888;1;80;3;11,58838;0;2;0;75
28.08.2020 00:00:00;Wiener Neustadt(Land);323;77991;2;141;21;26,92618;0;6;0;114
28.08.2020 00:00:00;Zwettl;325;42222;0;85;1;2,368433;0;2;0;81
28.08.2020 00:00:00;Linz(Stadt);401;205726;12;927;68;33,05367;0;17;15;821
28.08.2020 00:00:00;Steyr(Stadt);402;38193;3;115;9;23,56453;0;2;7;102
28.08.2020 00:00:00;Wels(Stadt);403;61727;3;247;42;68,04153;0;0;10;192
28.08.2020 00:00:00;Braunau am Inn;404;104408;2;224;25;23,94452;0;3;8;188
28.08.2020 00:00:00;Eferding;405;33156;0;104;5;15,08023;0;6;2;87
28.08.2020 00:00:00;Freistadt;406;66621;1;159;10;15,01028;0;6;0;142
28.08.2020 00:00:00;Gmunden;407;101631;3;186;16;15,74323;0;2;2;163
28.08.2020 00:00:00;Grieskirchen;408;64721;2;113;8;12,36075;0;1;2;103
28.08.2020 00:00:00;Kirchdorf an der Krems;409;56866;0;96;8;14,06816;0;1;3;82
28.08.2020 00:00:00;Linz-Land;410;150273;12;665;56;37,26551;0;9;12;578
28.08.2020 00:00:00;Perg;411;68459;3;395;13;18,98947;0;3;1;374
28.08.2020 00:00:00;Ried im Innkreis;412;61204;4;105;8;13,07104;0;0;1;89
28.08.2020 00:00:00;Rohrbach;413;56524;1;204;16;28,30656;0;0;2;190
28.08.2020 00:00:00;Schärding;414;57307;0;68;1;1,744987;0;1;0;66
28.08.2020 00:00:00;Steyr-Land;415;60427;0;231;7;11,58423;0;7;5;215
28.08.2020 00:00:00;Urfahr-Umgebung;416;85505;2;363;8;9,356178;0;5;2;347
28.08.2020 00:00:00;Vöcklabruck;417;136253;5;244;17;12,47679;0;4;9;218
28.08.2020 00:00:00;Wels-Land;418;73094;3;195;33;45,14734;0;1;3;149
28.08.2020 00:00:00;Salzburg(Stadt);501;154211;4;292;42;27,23541;0;1;5;243
28.08.2020 00:00:00;Hallein;502;60374;0;104;5;8,281711;0;1;0;95
28.08.2020 00:00:00;Salzburg-Umgebung;503;152281;0;352;20;13,13361;0;11;4;308
28.08.2020 00:00:00;Sankt Johann im Pongau;504;80573;2;483;9;11,17;0;16;1;455
28.08.2020 00:00:00;Tamsweg;505;20320;0;29;0;0;0;1;0;28
28.08.2020 00:00:00;Zell am See;506;87462;7;401;10;11,43354;0;9;2;381
28.08.2020 00:00:00;Graz(Stadt);601;288806;12;772;89;30,81653;0;43;10;625
28.08.2020 00:00:00;Deutschlandsberg;603;60821;2;61;7;11,50918;0;2;0;52
28.08.2020 00:00:00;Graz-Umgebung;606;154260;4;311;23;14,90989;0;35;3;252
28.08.2020 00:00:00;Leibnitz;610;82484;1;201;5;6,061782;0;4;0;191
28.08.2020 00:00:00;Leoben;611;60060;0;54;3;4,995005;0;3;0;49
28.08.2020 00:00:00;Liezen;612;79901;3;128;10;12,51549;0;1;0;112
28.08.2020 00:00:00;Murau;614;27659;0;12;0;0;0;0;0;12
28.08.2020 00:00:00;Voitsberg;616;51161;0;113;1;1,954614;0;5;0;107
28.08.2020 00:00:00;Weiz;617;90343;0;226;10;11,06893;0;18;2;196
28.08.2020 00:00:00;Murtal;620;72004;2;82;5;6,944059;0;1;4;73
28.08.2020 00:00:00;Bruck-Mürzzuschlag;621;98984;3;99;12;12,12317;0;4;2;84
28.08.2020 00:00:00;Hartberg-Fürstenfeld;622;90622;0;335;11;12,13833;0;39;0;283
28.08.2020 00:00:00;Südoststeiermark;623;85947;0;72;2;2,327015;0;2;0;67
28.08.2020 00:00:00;Innsbruck-Stadt;701;132110;12;673;74;56,01393;0;6;3;576
28.08.2020 00:00:00;Imst;702;60056;0;308;4;6,66045;0;6;1;299
28.08.2020 00:00:00;Innsbruck-Land;703;179318;5;504;47;26,21042;0;13;4;438
28.08.2020 00:00:00;Kitzbühel;704;63881;5;397;6;9,392464;0;11;0;380
28.08.2020 00:00:00;Kufstein;705;109682;17;659;81;73,84985;0;35;2;546
28.08.2020 00:00:00;Landeck;706;44362;0;1025;4;9,016726;0;16;0;1005
28.08.2020 00:00:00;Lienz;707;48753;0;163;0;0;0;6;0;155
28.08.2020 00:00:00;Reutte;708;32670;0;75;4;12,24365;0;1;2;66
28.08.2020 00:00:00;Schwaz;709;83873;1;435;21;25,03786;0;14;3;395
28.08.2020 00:00:00;Bludenz;801;63714;0;315;10;15,69514;0;4;1;291
28.08.2020 00:00:00;Bregenz;802;134383;1;323;14;10,41798;0;10;1;295
28.08.2020 00:00:00;Dornbirn;803;89041;1;187;7;7,861547;0;4;2;177
28.08.2020 00:00:00;Feldkirch;804;107159;0;254;4;3,732771;0;2;2;247
28.08.2020 00:00:00;Wien;900;1897491;208;7704;1000;52,70117;0;224;159;5896
29.08.2020 00:00:00;Eisenstadt(Stadt);101;14637;0;26;5;34,16;0;0;0;20
29.08.2020 00:00:00;Rust(Stadt);102;1940;0;1;0;0;0;0;0;1
29.08.2020 00:00:00;Eisenstadt-Umgebung;103;42927;1;48;8;18,63629;0;1;0;33
29.08.2020 00:00:00;Güssing;104;25797;0;36;1;3,87642;0;0;0;36
29.08.2020 00:00:00;Jennersdorf;105;17066;1;13;2;11,71921;0;0;0;10
29.08.2020 00:00:00;Mattersburg;106;39925;1;88;4;10,01879;0;1;0;82
29.08.2020 00:00:00;Neusiedl am See;107;59552;0;85;7;11,75443;0;4;1;73
29.08.2020 00:00:00;Oberpullendorf;108;37513;0;33;1;2,665743;0;1;0;29
29.08.2020 00:00:00;Oberwart;109;54076;0;162;7;12,94474;0;4;0;148
29.08.2020 00:00:00;Klagenfurt Stadt;201;100817;0;166;10;9,918962;0;3;0;152
29.08.2020 00:00:00;Villach Stadt;202;62243;0;55;6;9,639638;0;0;0;44
29.08.2020 00:00:00;Hermagor;203;18224;0;5;0;0;0;0;0;5
29.08.2020 00:00:00;Klagenfurt Land;204;59800;0;69;7;11,70569;0;2;0;58
29.08.2020 00:00:00;Sankt Veit an der Glan;205;54555;0;59;0;0;0;0;0;59
29.08.2020 00:00:00;Spittal an der Drau;206;76091;0;62;2;2,628432;0;1;0;59
29.08.2020 00:00:00;Villach Land;207;64668;0;76;2;3,09272;0;2;0;71
29.08.2020 00:00:00;Völkermarkt;208;41878;0;58;0;0;0;4;0;54
29.08.2020 00:00:00;Wolfsberg;209;52726;0;67;4;7,58639;0;1;0;62
29.08.2020 00:00:00;Feldkirchen;210;29937;0;27;4;13,36139;0;0;0;23
29.08.2020 00:00:00;Krems an der Donau(Stadt);301;24876;0;47;0;0;0;4;0;43
29.08.2020 00:00:00;Sankt Pölten(Stadt);302;55044;0;131;7;12,7171;0;4;0;117
29.08.2020 00:00:00;Waidhofen an der Ybbs(Stadt);303;11261;0;26;0;0;0;3;0;23
29.08.2020 00:00:00;Wiener Neustadt(Stadt);304;45277;8;122;23;50,79842;0;0;1;95
29.08.2020 00:00:00;Amstetten;305;116114;0;340;5;4,306113;0;16;0;320
29.08.2020 00:00:00;Baden;306;146203;7;317;32;21,88737;0;4;2;273
29.08.2020 00:00:00;Bruck an der Leitha;307;102010;4;210;27;26,46799;0;5;0;170
29.08.2020 00:00:00;Gänserndorf;308;103686;15;197;32;30,86241;0;5;1;154
29.08.2020 00:00:00;Gmünd;309;36773;0;17;0;0;0;0;0;17
29.08.2020 00:00:00;Hollabrunn;310;50858;0;53;1;1,966259;0;0;0;51
29.08.2020 00:00:00;Horn;311;31090;0;99;0;0;0;5;0;93
29.08.2020 00:00:00;Korneuburg;312;90889;0;236;11;12,10267;0;5;0;215
29.08.2020 00:00:00;Krems(Land);313;56596;0;191;1;1,766909;0;8;0;182
29.08.2020 00:00:00;Lilienfeld;314;25812;0;57;1;3,874167;0;5;0;51
29.08.2020 00:00:00;Melk;315;77962;1;202;3;3,848028;0;4;0;194
29.08.2020 00:00:00;Mistelbach;316;75483;0;171;7;9,273611;0;7;0;154
29.08.2020 00:00:00;Mödling;317;118998;5;296;26;21,84911;0;7;5;254
29.08.2020 00:00:00;Neunkirchen;318;86291;2;252;7;8,112086;0;7;2;239
29.08.2020 00:00:00;Sankt Pölten(Land);319;131044;0;349;12;9,157229;0;11;0;317
29.08.2020 00:00:00;Scheibbs;320;41403;0;110;0;0;0;1;0;109
29.08.2020 00:00:00;Tulln;321;103771;4;244;14;13,49125;0;6;0;223
29.08.2020 00:00:00;Waidhofen an der Thaya;322;25888;0;80;2;7,725587;0;2;0;75
29.08.2020 00:00:00;Wiener Neustadt(Land);323;77991;2;143;21;26,92618;0;6;2;116
29.08.2020 00:00:00;Zwettl;325;42222;0;85;0;0;0;2;0;81
29.08.2020 00:00:00;Linz(Stadt);401;205726;3;930;63;30,62326;0;17;18;839
29.08.2020 00:00:00;Steyr(Stadt);402;38193;0;115;8;20,94625;0;2;1;103
29.08.2020 00:00:00;Wels(Stadt);403;61727;1;248;40;64,80147;0;0;2;194
29.08.2020 00:00:00;Braunau am Inn;404;104408;1;225;23;22,02896;0;3;0;188
29.08.2020 00:00:00;Eferding;405;33156;0;104;5;15,08023;0;6;2;89
29.08.2020 00:00:00;Freistadt;406;66621;0;159;10;15,01028;0;6;0;142
29.08.2020 00:00:00;Gmunden;407;101631;0;186;14;13,77532;0;2;1;164
29.08.2020 00:00:00;Grieskirchen;408;64721;1;114;9;13,90584;0;1;0;103
29.08.2020 00:00:00;Kirchdorf an der Krems;409;56866;0;96;8;14,06816;0;1;1;83
29.08.2020 00:00:00;Linz-Land;410;150273;10;675;57;37,93097;0;9;5;583
29.08.2020 00:00:00;Perg;411;68459;1;396;13;18,98947;0;3;2;376
29.08.2020 00:00:00;Ried im Innkreis;412;61204;0;105;8;13,07104;0;0;2;91
29.08.2020 00:00:00;Rohrbach;413;56524;1;205;15;26,5374;0;0;0;190
29.08.2020 00:00:00;Schärding;414;57307;0;68;1;1,744987;0;1;0;66
29.08.2020 00:00:00;Steyr-Land;415;60427;0;231;6;9,929337;0;7;2;217
29.08.2020 00:00:00;Urfahr-Umgebung;416;85505;0;363;8;9,356178;0;5;2;349
29.08.2020 00:00:00;Vöcklabruck;417;136253;0;244;17;12,47679;0;4;0;218
29.08.2020 00:00:00;Wels-Land;418;73094;0;195;26;35,57064;0;1;9;158
29.08.2020 00:00:00;Salzburg(Stadt);501;154211;9;301;43;27,88387;0;1;6;249
29.08.2020 00:00:00;Hallein;502;60374;0;104;2;3,312684;0;1;3;98
29.08.2020 00:00:00;Salzburg-Umgebung;503;152281;1;353;16;10,50689;0;11;11;319
29.08.2020 00:00:00;Sankt Johann im Pongau;504;80573;2;485;8;9,928885;0;16;1;456
29.08.2020 00:00:00;Tamsweg;505;20320;0;29;0;0;0;1;0;28
29.08.2020 00:00:00;Zell am See;506;87462;1;402;10;11,43354;0;9;0;381
29.08.2020 00:00:00;Graz(Stadt);601;288806;7;779;86;29,77777;0;43;5;630
29.08.2020 00:00:00;Deutschlandsberg;603;60821;0;61;7;11,50918;0;2;0;52
29.08.2020 00:00:00;Graz-Umgebung;606;154260;3;314;26;16,85466;0;35;0;252
29.08.2020 00:00:00;Leibnitz;610;82484;0;201;5;6,061782;0;4;0;191
29.08.2020 00:00:00;Leoben;611;60060;0;54;2;3,330003;0;3;0;49
29.08.2020 00:00:00;Liezen;612;79901;0;128;9;11,26394;0;1;0;112
29.08.2020 00:00:00;Murau;614;27659;0;12;0;0;0;0;0;12
29.08.2020 00:00:00;Voitsberg;616;51161;1;114;2;3,909228;0;5;0;107
29.08.2020 00:00:00;Weiz;617;90343;2;228;9;9,962033;0;18;0;196
29.08.2020 00:00:00;Murtal;620;72004;0;82;5;6,944059;0;1;0;73
29.08.2020 00:00:00;Bruck-Mürzzuschlag;621;98984;0;99;11;11,11291;0;4;0;84
29.08.2020 00:00:00;Hartberg-Fürstenfeld;622;90622;0;335;10;11,03485;0;39;0;283
29.08.2020 00:00:00;Südoststeiermark;623;85947;1;73;3;3,490523;0;2;0;67
29.08.2020 00:00:00;Innsbruck-Stadt;701;132110;10;683;63;47,68753;0;6;1;577
29.08.2020 00:00:00;Imst;702;60056;3;311;6;9,990675;0;6;0;299
29.08.2020 00:00:00;Innsbruck-Land;703;179318;12;516;54;30,1141;0;13;5;443
29.08.2020 00:00:00;Kitzbühel;704;63881;2;399;8;12,52329;0;11;0;380
29.08.2020 00:00:00;Kufstein;705;109682;10;669;81;73,84985;0;35;4;550
29.08.2020 00:00:00;Landeck;706;44362;0;1025;4;9,016726;0;16;0;1005
29.08.2020 00:00:00;Lienz;707;48753;0;163;0;0;0;6;0;155
29.08.2020 00:00:00;Reutte;708;32670;1;76;4;12,24365;0;1;1;67
29.08.2020 00:00:00;Schwaz;709;83873;0;435;18;21,46102;0;14;2;397
29.08.2020 00:00:00;Bludenz;801;63714;0;315;10;15,69514;0;4;7;298
29.08.2020 00:00:00;Bregenz;802;134383;0;323;14;10,41798;0;10;1;296
29.08.2020 00:00:00;Dornbirn;803;89041;0;187;6;6,738469;0;4;0;177
29.08.2020 00:00:00;Feldkirch;804;107159;0;254;4;3,732771;0;2;0;247
29.08.2020 00:00:00;Wien;900;1897491;98;7802;954;50,27692;0;224;72;5968
30.08.2020 00:00:00;Eisenstadt(Stadt);101;14637;0;26;4;27,328;0;0;2;22
30.08.2020 00:00:00;Rust(Stadt);102;1940;0;1;0;0;0;0;0;1
30.08.2020 00:00:00;Eisenstadt-Umgebung;103;42927;2;50;9;20,96583;0;1;0;33
30.08.2020 00:00:00;Güssing;104;25797;0;36;0;0;0;0;0;36
30.08.2020 00:00:00;Jennersdorf;105;17066;0;13;2;11,71921;0;0;0;10
30.08.2020 00:00:00;Mattersburg;106;39925;4;92;8;20,03757;0;1;0;82
30.08.2020 00:00:00;Neusiedl am See;107;59552;0;85;6;10,07523;0;4;0;73
30.08.2020 00:00:00;Oberpullendorf;108;37513;0;33;1;2,665743;0;1;0;29
30.08.2020 00:00:00;Oberwart;109;54076;0;162;5;9,246246;0;4;0;148
30.08.2020 00:00:00;Klagenfurt Stadt;201;100817;2;168;11;10,91086;0;3;2;154
30.08.2020 00:00:00;Villach Stadt;202;62243;0;55;5;8,033031;0;0;2;46
30.08.2020 00:00:00;Hermagor;203;18224;0;5;0;0;0;0;0;5
30.08.2020 00:00:00;Klagenfurt Land;204;59800;0;69;6;10,03344;0;2;1;59
30.08.2020 00:00:00;Sankt Veit an der Glan;205;54555;0;59;0;0;0;0;0;59
30.08.2020 00:00:00;Spittal an der Drau;206;76091;0;62;1;1,314216;0;1;0;59
30.08.2020 00:00:00;Villach Land;207;64668;0;76;2;3,09272;0;2;0;71
30.08.2020 00:00:00;Völkermarkt;208;41878;0;58;0;0;0;4;0;54
30.08.2020 00:00:00;Wolfsberg;209;52726;0;67;1;1,896598;0;1;0;62
30.08.2020 00:00:00;Feldkirchen;210;29937;0;27;4;13,36139;0;0;0;23
30.08.2020 00:00:00;Krems an der Donau(Stadt);301;24876;0;47;0;0;0;4;0;43
30.08.2020 00:00:00;Sankt Pölten(Stadt);302;55044;2;133;9;16,35056;0;4;1;118
30.08.2020 00:00:00;Waidhofen an der Ybbs(Stadt);303;11261;0;26;0;0;0;3;0;23
30.08.2020 00:00:00;Wiener Neustadt(Stadt);304;45277;1;123;24;53,00705;0;0;0;95
30.08.2020 00:00:00;Amstetten;305;116114;3;343;8;6,889781;0;16;0;320
30.08.2020 00:00:00;Baden;306;146203;4;321;30;20,51941;0;4;2;275
30.08.2020 00:00:00;Bruck an der Leitha;307;102010;1;211;27;26,46799;0;5;2;172
30.08.2020 00:00:00;Gänserndorf;308;103686;0;197;30;28,93351;0;5;4;158
30.08.2020 00:00:00;Gmünd;309;36773;0;17;0;0;0;0;0;17
30.08.2020 00:00:00;Hollabrunn;310;50858;1;54;2;3,932518;0;0;0;51
30.08.2020 00:00:00;Horn;311;31090;0;99;0;0;0;5;0;93
30.08.2020 00:00:00;Korneuburg;312;90889;3;239;12;13,20292;0;5;1;216
30.08.2020 00:00:00;Krems(Land);313;56596;0;191;1;1,766909;0;8;0;182
30.08.2020 00:00:00;Lilienfeld;314;25812;1;58;2;7,748334;0;5;0;51
30.08.2020 00:00:00;Melk;315;77962;0;202;3;3,848028;0;4;0;194
30.08.2020 00:00:00;Mistelbach;316;75483;1;172;7;9,273611;0;7;0;154
30.08.2020 00:00:00;Mödling;317;118998;3;299;28;23,52981;0;7;2;256
30.08.2020 00:00:00;Neunkirchen;318;86291;3;255;10;11,58869;0;7;0;239
30.08.2020 00:00:00;Sankt Pölten(Land);319;131044;7;356;16;12,20964;0;11;2;319
30.08.2020 00:00:00;Scheibbs;320;41403;0;110;0;0;0;1;0;109
30.08.2020 00:00:00;Tulln;321;103771;1;245;14;13,49125;0;6;0;223
30.08.2020 00:00:00;Waidhofen an der Thaya;322;25888;2;82;4;15,45117;0;2;1;76
30.08.2020 00:00:00;Wiener Neustadt(Land);323;77991;3;146;24;30,77278;0;6;4;120
30.08.2020 00:00:00;Zwettl;325;42222;0;85;0;0;0;2;0;81
30.08.2020 00:00:00;Linz(Stadt);401;205726;6;936;61;29,65109;0;17;4;843
30.08.2020 00:00:00;Steyr(Stadt);402;38193;1;116;8;20,94625;0;2;1;104
30.08.2020 00:00:00;Wels(Stadt);403;61727;1;249;36;58,32132;0;0;0;194
30.08.2020 00:00:00;Braunau am Inn;404;104408;3;228;26;24,90231;0;3;0;188
30.08.2020 00:00:00;Eferding;405;33156;0;104;5;15,08023;0;6;3;92
30.08.2020 00:00:00;Freistadt;406;66621;1;160;11;16,51131;0;6;0;142
30.08.2020 00:00:00;Gmunden;407;101631;1;187;15;14,75928;0;2;3;167
30.08.2020 00:00:00;Grieskirchen;408;64721;0;114;9;13,90584;0;1;0;103
30.08.2020 00:00:00;Kirchdorf an der Krems;409;56866;1;97;7;12,30964;0;1;0;83
30.08.2020 00:00:00;Linz-Land;410;150273;2;677;52;34,60369;0;9;2;585
30.08.2020 00:00:00;Perg;411;68459;0;396;13;18,98947;0;3;1;377
30.08.2020 00:00:00;Ried im Innkreis;412;61204;0;105;8;13,07104;0;0;1;92
30.08.2020 00:00:00;Rohrbach;413;56524;2;207;17;30,07572;0;0;0;190
30.08.2020 00:00:00;Schärding;414;57307;0;68;1;1,744987;0;1;0;66
30.08.2020 00:00:00;Steyr-Land;415;60427;0;231;5;8,274446;0;7;1;218
30.08.2020 00:00:00;Urfahr-Umgebung;416;85505;2;365;9;10,5257;0;5;0;349
30.08.2020 00:00:00;Vöcklabruck;417;136253;3;247;20;14,67858;0;4;1;219
30.08.2020 00:00:00;Wels-Land;418;73094;0;195;25;34,20253;0;1;1;159
30.08.2020 00:00:00;Salzburg(Stadt);501;154211;0;301;30;19,45387;0;1;0;249
30.08.2020 00:00:00;Hallein;502;60374;0;104;2;3,312684;0;1;2;100
30.08.2020 00:00:00;Salzburg-Umgebung;503;152281;0;353;14;9,19353;0;11;3;322
30.08.2020 00:00:00;Sankt Johann im Pongau;504;80573;0;485;7;8,687774;0;16;1;457
30.08.2020 00:00:00;Tamsweg;505;20320;0;29;0;0;0;1;0;28
30.08.2020 00:00:00;Zell am See;506;87462;1;403;11;12,57689;0;9;1;382
30.08.2020 00:00:00;Graz(Stadt);601;288806;10;789;89;30,81653;0;43;10;640
30.08.2020 00:00:00;Deutschlandsberg;603;60821;0;61;7;11,50918;0;2;0;52
30.08.2020 00:00:00;Graz-Umgebung;606;154260;2;316;23;14,90989;0;35;0;252
30.08.2020 00:00:00;Leibnitz;610;82484;0;201;5;6,061782;0;4;0;191
30.08.2020 00:00:00;Leoben;611;60060;0;54;1;1,665002;0;3;0;49
30.08.2020 00:00:00;Liezen;612;79901;0;128;9;11,26394;0;1;0;112
30.08.2020 00:00:00;Murau;614;27659;0;12;0;0;0;0;0;12
30.08.2020 00:00:00;Voitsberg;616;51161;0;114;2;3,909228;0;5;0;107
30.08.2020 00:00:00;Weiz;617;90343;0;228;8;8,855141;0;18;0;196
30.08.2020 00:00:00;Murtal;620;72004;0;82;4;5,555247;0;1;2;75
30.08.2020 00:00:00;Bruck-Mürzzuschlag;621;98984;0;99;9;9,092379;0;4;0;84
30.08.2020 00:00:00;Hartberg-Fürstenfeld;622;90622;0;335;6;6,620909;0;39;2;285
30.08.2020 00:00:00;Südoststeiermark;623;85947;0;73;3;3,490523;0;2;0;67
30.08.2020 00:00:00;Innsbruck-Stadt;701;132110;8;691;67;50,71531;0;6;12;589
30.08.2020 00:00:00;Imst;702;60056;0;311;5;8,325562;0;6;0;299
30.08.2020 00:00:00;Innsbruck-Land;703;179318;5;521;55;30,67177;0;13;4;447
30.08.2020 00:00:00;Kitzbühel;704;63881;1;400;9;14,0887;0;11;0;380
30.08.2020 00:00:00;Kufstein;705;109682;4;673;71;64,73259;0;35;6;556
30.08.2020 00:00:00;Landeck;706;44362;0;1025;4;9,016726;0;16;1;1006
30.08.2020 00:00:00;Lienz;707;48753;0;163;0;0;0;6;0;155
30.08.2020 00:00:00;Reutte;708;32670;0;76;4;12,24365;0;1;0;67
30.08.2020 00:00:00;Schwaz;709;83873;1;436;17;20,26874;0;14;0;397
30.08.2020 00:00:00;Bludenz;801;63714;1;316;8;12,55611;0;4;2;300
30.08.2020 00:00:00;Bregenz;802;134383;4;327;18;13,39455;0;10;0;296
30.08.2020 00:00:00;Dornbirn;803;89041;5;192;11;12,35386;0;4;0;177
30.08.2020 00:00:00;Feldkirch;804;107159;1;255;4;3,732771;0;2;1;248
30.08.2020 00:00:00;Wien;900;1897491;113;7915;965;50,85663;0;224;115;6083
31.08.2020 00:00:00;Eisenstadt(Stadt);101;14637;0;26;4;27,328;0;0;0;22
31.08.2020 00:00:00;Rust(Stadt);102;1940;0;1;0;0;0;0;0;1
31.08.2020 00:00:00;Eisenstadt-Umgebung;103;42927;3;53;12;27,95443;0;1;4;37
31.08.2020 00:00:00;Güssing;104;25797;0;36;0;0;0;0;0;36
31.08.2020 00:00:00;Jennersdorf;105;17066;0;13;2;11,71921;0;0;1;11
31.08.2020 00:00:00;Mattersburg;106;39925;2;94;10;25,04696;0;1;0;82
31.08.2020 00:00:00;Neusiedl am See;107;59552;1;86;7;11,75443;0;4;0;73
31.08.2020 00:00:00;Oberpullendorf;108;37513;0;33;0;0;0;1;0;29
31.08.2020 00:00:00;Oberwart;109;54076;0;162;4;7,396997;0;4;2;150
31.08.2020 00:00:00;Klagenfurt Stadt;201;100817;0;168;11;10,91086;0;3;0;154
31.08.2020 00:00:00;Villach Stadt;202;62243;0;55;5;8,033031;0;0;4;50
31.08.2020 00:00:00;Hermagor;203;18224;0;5;0;0;0;0;0;5
31.08.2020 00:00:00;Klagenfurt Land;204;59800;1;70;5;8,361204;0;2;0;59
31.08.2020 00:00:00;Sankt Veit an der Glan;205;54555;0;59;0;0;0;0;0;59
31.08.2020 00:00:00;Spittal an der Drau;206;76091;0;62;0;0;0;1;1;60
31.08.2020 00:00:00;Villach Land;207;64668;0;76;0;0;0;2;1;72
31.08.2020 00:00:00;Völkermarkt;208;41878;0;58;0;0;0;4;0;54
31.08.2020 00:00:00;Wolfsberg;209;52726;1;68;2;3,793195;0;1;1;63
31.08.2020 00:00:00;Feldkirchen;210;29937;0;27;4;13,36139;0;0;0;23
31.08.2020 00:00:00;Krems an der Donau(Stadt);301;24876;0;47;0;0;0;4;0;43
31.08.2020 00:00:00;Sankt Pölten(Stadt);302;55044;0;133;9;16,35056;0;4;1;119
31.08.2020 00:00:00;Waidhofen an der Ybbs(Stadt);303;11261;0;26;0;0;0;3;0;23
31.08.2020 00:00:00;Wiener Neustadt(Stadt);304;45277;4;127;25;55,21567;0;0;1;96
31.08.2020 00:00:00;Amstetten;305;116114;1;344;9;7,751003;0;16;1;321
31.08.2020 00:00:00;Baden;306;146203;4;325;29;19,83543;0;4;3;278
31.08.2020 00:00:00;Bruck an der Leitha;307;102010;3;214;24;23,52711;0;5;8;180
31.08.2020 00:00:00;Gänserndorf;308;103686;1;198;29;27,96906;0;5;2;160
31.08.2020 00:00:00;Gmünd;309;36773;0;17;0;0;0;0;0;17
31.08.2020 00:00:00;Hollabrunn;310;50858;0;54;2;3,932518;0;0;0;51
31.08.2020 00:00:00;Horn;311;31090;0;99;0;0;0;5;1;94
31.08.2020 00:00:00;Korneuburg;312;90889;3;242;13;14,30316;0;5;3;219
31.08.2020 00:00:00;Krems(Land);313;56596;1;192;2;3,533819;0;8;0;182
31.08.2020 00:00:00;Lilienfeld;314;25812;1;59;3;11,6225;0;5;0;51
31.08.2020 00:00:00;Melk;315;77962;0;202;2;2,565352;0;4;0;194
31.08.2020 00:00:00;Mistelbach;316;75483;0;172;6;7,94881;0;7;1;155
31.08.2020 00:00:00;Mödling;317;118998;0;299;24;20,16841;0;7;1;257
31.08.2020 00:00:00;Neunkirchen;318;86291;6;261;15;17,38304;0;7;0;239
31.08.2020 00:00:00;Sankt Pölten(Land);319;131044;1;357;15;11,44654;0;11;3;322
31.08.2020 00:00:00;Scheibbs;320;41403;0;110;0;0;0;1;0;109
31.08.2020 00:00:00;Tulln;321;103771;1;246;15;14,45491;0;6;0;223
31.08.2020 00:00:00;Waidhofen an der Thaya;322;25888;0;82;4;15,45117;0;2;1;77
31.08.2020 00:00:00;Wiener Neustadt(Land);323;77991;3;149;23;29,49058;0;6;1;121
31.08.2020 00:00:00;Zwettl;325;42222;0;85;0;0;0;2;1;82
31.08.2020 00:00:00;Linz(Stadt);401;205726;1;937;61;29,65109;0;17;4;847
31.08.2020 00:00:00;Steyr(Stadt);402;38193;4;120;12;31,41937;0;2;1;105
31.08.2020 00:00:00;Wels(Stadt);403;61727;0;249;34;55,08125;0;0;7;201
31.08.2020 00:00:00;Braunau am Inn;404;104408;0;228;24;22,98674;0;3;5;193
31.08.2020 00:00:00;Eferding;405;33156;0;104;5;15,08023;0;6;1;93
31.08.2020 00:00:00;Freistadt;406;66621;1;161;12;18,01234;0;6;1;143
31.08.2020 00:00:00;Gmunden;407;101631;1;188;12;11,80742;0;2;1;168
31.08.2020 00:00:00;Grieskirchen;408;64721;0;114;7;10,81565;0;1;0;103
31.08.2020 00:00:00;Kirchdorf an der Krems;409;56866;0;97;3;5,27556;0;1;5;88
31.08.2020 00:00:00;Linz-Land;410;150273;0;677;52;34,60369;0;9;6;591
31.08.2020 00:00:00;Perg;411;68459;2;398;14;20,4502;0;3;1;378
31.08.2020 00:00:00;Ried im Innkreis;412;61204;1;106;9;14,70492;0;0;4;96
31.08.2020 00:00:00;Rohrbach;413;56524;0;207;15;26,5374;0;0;0;190
31.08.2020 00:00:00;Schärding;414;57307;1;69;2;3,489975;0;1;0;66
31.08.2020 00:00:00;Steyr-Land;415;60427;1;232;6;9,929337;0;7;0;218
31.08.2020 00:00:00;Urfahr-Umgebung;416;85505;0;365;7;8,186656;0;5;1;350
31.08.2020 00:00:00;Vöcklabruck;417;136253;0;247;18;13,21072;0;4;1;220
31.08.2020 00:00:00;Wels-Land;418;73094;2;197;20;27,36203;0;1;11;170
31.08.2020 00:00:00;Salzburg(Stadt);501;154211;6;307;36;23,34464;0;1;0;249
31.08.2020 00:00:00;Hallein;502;60374;1;105;3;4,969027;0;1;0;100
31.08.2020 00:00:00;Salzburg-Umgebung;503;152281;1;354;15;9,850211;0;11;0;322
31.08.2020 00:00:00;Sankt Johann im Pongau;504;80573;2;487;9;11,17;0;16;1;458
31.08.2020 00:00:00;Tamsweg;505;20320;0;29;0;0;0;1;0;28
31.08.2020 00:00:00;Zell am See;506;87462;0;403;11;12,57689;0;9;0;382
31.08.2020 00:00:00;Graz(Stadt);601;288806;14;803;96;33,24031;0;43;4;644
31.08.2020 00:00:00;Deutschlandsberg;603;60821;0;61;7;11,50918;0;2;0;52
31.08.2020 00:00:00;Graz-Umgebung;606;154260;1;317;23;14,90989;0;35;4;256
31.08.2020 00:00:00;Leibnitz;610;82484;0;201;5;6,061782;0;4;0;191
31.08.2020 00:00:00;Leoben;611;60060;1;55;1;1,665002;0;3;0;49
31.08.2020 00:00:00;Liezen;612;79901;0;128;8;10,01239;0;1;1;113
31.08.2020 00:00:00;Murau;614;27659;0;12;0;0;0;0;0;12
31.08.2020 00:00:00;Voitsberg;616;51161;1;115;3;5,863842;0;5;0;107
31.08.2020 00:00:00;Weiz;617;90343;4;232;11;12,17582;0;18;3;199
31.08.2020 00:00:00;Murtal;620;72004;3;85;7;9,721683;0;1;1;76
31.08.2020 00:00:00;Bruck-Mürzzuschlag;621;98984;1;100;10;10,10264;0;4;0;84
31.08.2020 00:00:00;Hartberg-Fürstenfeld;622;90622;0;335;5;5,517424;0;39;3;288
31.08.2020 00:00:00;Südoststeiermark;623;85947;0;73;2;2,327015;0;2;1;68
31.08.2020 00:00:00;Innsbruck-Stadt;701;132110;14;705;76;57,52782;0;6;20;609
31.08.2020 00:00:00;Imst;702;60056;2;313;7;11,65579;0;6;1;300
31.08.2020 00:00:00;Innsbruck-Land;703;179318;8;529;58;32,34477;0;13;1;448
31.08.2020 00:00:00;Kitzbühel;704;63881;1;401;10;15,65411;0;11;0;380
31.08.2020 00:00:00;Kufstein;705;109682;1;674;72;65,64432;0;35;16;572
31.08.2020 00:00:00;Landeck;706;44362;3;1028;7;15,77927;0;16;0;1006
31.08.2020 00:00:00;Lienz;707;48753;0;163;0;0;0;6;1;156
31.08.2020 00:00:00;Reutte;708;32670;5;81;9;27,54821;0;1;2;69
31.08.2020 00:00:00;Schwaz;709;83873;4;440;20;23,84558;0;14;7;404
31.08.2020 00:00:00;Bludenz;801;63714;2;318;8;12,55611;0;4;2;302
31.08.2020 00:00:00;Bregenz;802;134383;3;330;19;14,13869;0;10;0;296
31.08.2020 00:00:00;Dornbirn;803;89041;5;197;16;17,96925;0;4;0;177
31.08.2020 00:00:00;Feldkirch;804;107159;1;256;5;4,665964;0;2;1;249
31.08.2020 00:00:00;Wien;900;1897491;86;8001;956;50,38232;1;225;76;6159
01.09.2020 00:00:00;Eisenstadt(Stadt);101;14637;0;26;4;27,328;0;0;0;22
01.09.2020 00:00:00;Rust(Stadt);102;1940;0;1;0;0;0;0;0;1
01.09.2020 00:00:00;Eisenstadt-Umgebung;103;42927;1;54;13;30,28397;0;1;0;37
01.09.2020 00:00:00;Güssing;104;25797;0;36;0;0;0;0;0;36
01.09.2020 00:00:00;Jennersdorf;105;17066;0;13;1;5,859604;0;0;0;11
01.09.2020 00:00:00;Mattersburg;106;39925;3;97;13;32,56105;0;1;1;83
01.09.2020 00:00:00;Neusiedl am See;107;59552;0;86;6;10,07523;0;4;1;74
01.09.2020 00:00:00;Oberpullendorf;108;37513;1;34;1;2,665743;0;1;0;29
01.09.2020 00:00:00;Oberwart;109;54076;0;162;3;5,547748;0;4;3;153
01.09.2020 00:00:00;Klagenfurt Stadt;201;100817;0;168;10;9,918962;0;3;0;154
01.09.2020 00:00:00;Villach Stadt;202;62243;0;55;5;8,033031;0;0;0;50
01.09.2020 00:00:00;Hermagor;203;18224;0;5;0;0;0;0;0;5
01.09.2020 00:00:00;Klagenfurt Land;204;59800;0;70;3;5,016722;0;2;3;62
01.09.2020 00:00:00;Sankt Veit an der Glan;205;54555;1;60;1;1,833013;0;0;0;59
01.09.2020 00:00:00;Spittal an der Drau;206;76091;0;62;0;0;0;1;1;61
01.09.2020 00:00:00;Villach Land;207;64668;0;76;0;0;0;2;0;72
01.09.2020 00:00:00;Völkermarkt;208;41878;0;58;0;0;0;4;0;54
01.09.2020 00:00:00;Wolfsberg;209;52726;1;69;3;5,689793;0;1;2;65
01.09.2020 00:00:00;Feldkirchen;210;29937;0;27;4;13,36139;0;0;0;23
01.09.2020 00:00:00;Krems an der Donau(Stadt);301;24876;0;47;0;0;0;4;0;43
01.09.2020 00:00:00;Sankt Pölten(Stadt);302;55044;1;134;9;16,35056;0;4;0;119
01.09.2020 00:00:00;Waidhofen an der Ybbs(Stadt);303;11261;0;26;0;0;0;3;0;23
01.09.2020 00:00:00;Wiener Neustadt(Stadt);304;45277;1;128;25;55,21567;0;0;3;99
01.09.2020 00:00:00;Amstetten;305;116114;0;344;9;7,751003;0;16;0;321
01.09.2020 00:00:00;Baden;306;146203;2;327;29;19,83543;0;4;3;281
01.09.2020 00:00:00;Bruck an der Leitha;307;102010;0;214;24;23,52711;0;5;2;182
01.09.2020 00:00:00;Gänserndorf;308;103686;3;201;26;25,07571;0;5;8;168
01.09.2020 00:00:00;Gmünd;309;36773;0;17;0;0;0;0;0;17
01.09.2020 00:00:00;Hollabrunn;310;50858;1;55;3;5,898777;0;0;0;51
01.09.2020 00:00:00;Horn;311;31090;0;99;0;0;0;5;0;94
01.09.2020 00:00:00;Korneuburg;312;90889;7;249;19;20,90462;0;5;2;221
01.09.2020 00:00:00;Krems(Land);313;56596;1;193;3;5,300728;0;8;0;182
01.09.2020 00:00:00;Lilienfeld;314;25812;0;59;3;11,6225;0;5;0;51
01.09.2020 00:00:00;Melk;315;77962;0;202;2;2,565352;0;4;0;194
01.09.2020 00:00:00;Mistelbach;316;75483;0;172;6;7,94881;0;7;2;157
01.09.2020 00:00:00;Mödling;317;118998;5;304;29;24,37016;0;7;5;262
01.09.2020 00:00:00;Neunkirchen;318;86291;0;261;14;16,22417;0;7;0;239
01.09.2020 00:00:00;Sankt Pölten(Land);319;131044;0;357;13;9,920332;0;11;5;327
01.09.2020 00:00:00;Scheibbs;320;41403;0;110;0;0;0;1;0;109
01.09.2020 00:00:00;Tulln;321;103771;2;248;16;15,41857;0;6;1;224
01.09.2020 00:00:00;Waidhofen an der Thaya;322;25888;0;82;4;15,45117;0;2;0;77
01.09.2020 00:00:00;Wiener Neustadt(Land);323;77991;1;150;21;26,92618;0;6;2;123
01.09.2020 00:00:00;Zwettl;325;42222;0;85;0;0;0;2;1;83
01.09.2020 00:00:00;Linz(Stadt);401;205726;5;942;61;29,65109;0;17;10;857
01.09.2020 00:00:00;Steyr(Stadt);402;38193;0;120;12;31,41937;0;2;0;105
01.09.2020 00:00:00;Wels(Stadt);403;61727;3;252;26;42,12095;0;0;7;208
01.09.2020 00:00:00;Braunau am Inn;404;104408;1;229;22;21,07118;0;3;0;193
01.09.2020 00:00:00;Eferding;405;33156;0;104;4;12,06418;0;6;0;93
01.09.2020 00:00:00;Freistadt;406;66621;3;164;15;22,51542;0;6;0;143
01.09.2020 00:00:00;Gmunden;407;101631;3;191;14;13,77532;0;2;1;169
01.09.2020 00:00:00;Grieskirchen;408;64721;5;119;11;16,99603;0;1;1;104
01.09.2020 00:00:00;Kirchdorf an der Krems;409;56866;1;98;4;7,03408;0;1;0;88
01.09.2020 00:00:00;Linz-Land;410;150273;7;684;55;36,60006;0;9;6;597
01.09.2020 00:00:00;Perg;411;68459;0;398;14;20,4502;0;3;2;380
01.09.2020 00:00:00;Ried im Innkreis;412;61204;1;107;10;16,3388;0;0;0;96
01.09.2020 00:00:00;Rohrbach;413;56524;3;210;18;31,84488;0;0;2;192
01.09.2020 00:00:00;Schärding;414;57307;2;71;4;6,97995;0;1;0;66
01.09.2020 00:00:00;Steyr-Land;415;60427;0;232;5;8,274446;0;7;1;219
01.09.2020 00:00:00;Urfahr-Umgebung;416;85505;0;365;6;7,017134;0;5;1;351
01.09.2020 00:00:00;Vöcklabruck;417;136253;1;248;19;13,94465;0;4;0;220
01.09.2020 00:00:00;Wels-Land;418;73094;0;197;18;24,62582;0;1;1;171
01.09.2020 00:00:00;Salzburg(Stadt);501;154211;7;314;38;24,64156;0;1;6;255
01.09.2020 00:00:00;Hallein;502;60374;0;105;3;4,969027;0;1;0;100
01.09.2020 00:00:00;Salzburg-Umgebung;503;152281;0;354;8;5,253446;0;11;1;323
01.09.2020 00:00:00;Sankt Johann im Pongau;504;80573;1;488;9;11,17;0;16;0;458
01.09.2020 00:00:00;Tamsweg;505;20320;0;29;0;0;0;1;0;28
01.09.2020 00:00:00;Zell am See;506;87462;1;404;12;13,72024;0;9;0;382
01.09.2020 00:00:00;Graz(Stadt);601;288806;8;811;100;34,62532;0;43;9;653
01.09.2020 00:00:00;Deutschlandsberg;603;60821;0;61;6;9,865014;0;2;0;52
01.09.2020 00:00:00;Graz-Umgebung;606;154260;1;318;21;13,61338;0;35;0;256
01.09.2020 00:00:00;Leibnitz;610;82484;0;201;3;3,637069;0;4;0;191
01.09.2020 00:00:00;Leoben;611;60060;0;55;1;1,665002;0;3;0;49
01.09.2020 00:00:00;Liezen;612;79901;0;128;8;10,01239;0;1;0;113
01.09.2020 00:00:00;Murau;614;27659;0;12;0;0;0;0;0;12
01.09.2020 00:00:00;Voitsberg;616;51161;0;115;3;5,863842;0;5;0;107
01.09.2020 00:00:00;Weiz;617;90343;1;233;12;13,28271;0;18;1;200
01.09.2020 00:00:00;Murtal;620;72004;0;85;7;9,721683;0;1;1;77
01.09.2020 00:00:00;Bruck-Mürzzuschlag;621;98984;3;103;13;13,13344;0;4;1;85
01.09.2020 00:00:00;Hartberg-Fürstenfeld;622;90622;0;335;5;5,517424;0;39;0;288
01.09.2020 00:00:00;Südoststeiermark;623;85947;0;73;1;1,163508;0;2;0;68
01.09.2020 00:00:00;Innsbruck-Stadt;701;132110;15;720;85;64,34032;0;6;3;612
01.09.2020 00:00:00;Imst;702;60056;0;313;6;9,990675;0;6;0;300
01.09.2020 00:00:00;Innsbruck-Land;703;179318;9;538;59;32,90244;0;13;3;451
01.09.2020 00:00:00;Kitzbühel;704;63881;1;402;11;17,21952;0;11;1;381
01.09.2020 00:00:00;Kufstein;705;109682;18;692;90;82,0554;0;35;3;575
01.09.2020 00:00:00;Landeck;706;44362;1;1029;6;13,52509;0;16;0;1006
01.09.2020 00:00:00;Lienz;707;48753;0;163;0;0;0;6;0;156
01.09.2020 00:00:00;Reutte;708;32670;0;81;9;27,54821;0;1;2;71
01.09.2020 00:00:00;Schwaz;709;83873;6;446;24;28,61469;0;14;2;406
01.09.2020 00:00:00;Bludenz;801;63714;2;320;9;14,12562;0;4;0;302
01.09.2020 00:00:00;Bregenz;802;134383;1;331;16;11,90627;0;10;6;302
01.09.2020 00:00:00;Dornbirn;803;89041;3;200;17;19,09233;0;4;1;178
01.09.2020 00:00:00;Feldkirch;804;107159;1;257;6;5,599156;0;2;1;250
01.09.2020 00:00:00;Wien;900;1897491;138;8139;965;50,85663;0;225;97;6256
02.09.2020 00:00:00;Eisenstadt(Stadt);101;14637;2;28;4;27,328;0;0;0;22
02.09.2020 00:00:00;Rust(Stadt);102;1940;0;1;0;0;0;0;0;1
02.09.2020 00:00:00;Eisenstadt-Umgebung;103;42927;0;54;13;30,28397;0;1;1;38
02.09.2020 00:00:00;Güssing;104;25797;0;36;0;0;0;0;0;36
02.09.2020 00:00:00;Jennersdorf;105;17066;0;13;1;5,859604;0;0;0;11
02.09.2020 00:00:00;Mattersburg;106;39925;2;99;15;37,57045;0;1;0;83
02.09.2020 00:00:00;Neusiedl am See;107;59552;0;86;5;8,396024;0;4;0;74
02.09.2020 00:00:00;Oberpullendorf;108;37513;0;34;1;2,665743;0;1;0;29
02.09.2020 00:00:00;Oberwart;109;54076;0;162;2;3,698498;0;4;3;156
02.09.2020 00:00:00;Klagenfurt Stadt;201;100817;0;168;10;9,918962;0;3;1;155
02.09.2020 00:00:00;Villach Stadt;202;62243;1;56;4;6,426425;0;0;1;51
02.09.2020 00:00:00;Hermagor;203;18224;0;5;0;0;0;0;0;5
02.09.2020 00:00:00;Klagenfurt Land;204;59800;0;70;2;3,344482;0;2;3;65
02.09.2020 00:00:00;Sankt Veit an der Glan;205;54555;0;60;1;1,833013;0;0;0;59
02.09.2020 00:00:00;Spittal an der Drau;206;76091;0;62;0;0;0;1;0;61
02.09.2020 00:00:00;Villach Land;207;64668;0;76;0;0;0;2;0;72
02.09.2020 00:00:00;Völkermarkt;208;41878;0;58;0;0;0;4;0;54
02.09.2020 00:00:00;Wolfsberg;209;52726;2;71;5;9,482987;0;1;0;65
02.09.2020 00:00:00;Feldkirchen;210;29937;0;27;3;10,02104;0;0;0;23
02.09.2020 00:00:00;Krems an der Donau(Stadt);301;24876;0;47;0;0;0;4;0;43
02.09.2020 00:00:00;Sankt Pölten(Stadt);302;55044;5;139;13;23,61747;0;4;1;120
02.09.2020 00:00:00;Waidhofen an der Ybbs(Stadt);303;11261;0;26;0;0;0;3;0;23
02.09.2020 00:00:00;Wiener Neustadt(Stadt);304;45277;3;131;24;53,00705;0;0;2;101
02.09.2020 00:00:00;Amstetten;305;116114;0;344;8;6,889781;0;16;0;321
02.09.2020 00:00:00;Baden;306;146203;7;334;32;21,88737;0;4;2;283
02.09.2020 00:00:00;Bruck an der Leitha;307;102010;4;218;24;23,52711;0;5;0;182
02.09.2020 00:00:00;Gänserndorf;308;103686;4;205;26;25,07571;0;5;3;171
02.09.2020 00:00:00;Gmünd;309;36773;0;17;0;0;0;0;0;17
02.09.2020 00:00:00;Hollabrunn;310;50858;2;57;4;7,865036;0;0;0;51
02.09.2020 00:00:00;Horn;311;31090;0;99;0;0;0;5;0;94
02.09.2020 00:00:00;Korneuburg;312;90889;9;258;27;29,70657;0;5;0;221
02.09.2020 00:00:00;Krems(Land);313;56596;0;193;3;5,300728;0;8;0;182
02.09.2020 00:00:00;Lilienfeld;314;25812;1;60;4;15,49667;0;5;0;51
02.09.2020 00:00:00;Melk;315;77962;0;202;2;2,565352;0;4;0;194
02.09.2020 00:00:00;Mistelbach;316;75483;2;174;7;9,273611;0;7;3;160
02.09.2020 00:00:00;Mödling;317;118998;4;308;30;25,21051;0;7;0;262
02.09.2020 00:00:00;Neunkirchen;318;86291;8;269;22;25,49513;0;7;2;241
02.09.2020 00:00:00;Sankt Pölten(Land);319;131044;3;360;13;9,920332;0;11;3;330
02.09.2020 00:00:00;Scheibbs;320;41403;0;110;0;0;0;1;0;109
02.09.2020 00:00:00;Tulln;321;103771;4;252;19;18,30955;0;6;2;226
02.09.2020 00:00:00;Waidhofen an der Thaya;322;25888;0;82;3;11,58838;0;2;0;77
02.09.2020 00:00:00;Wiener Neustadt(Land);323;77991;9;159;30;38,46598;0;6;0;123
02.09.2020 00:00:00;Zwettl;325;42222;0;85;0;0;0;2;0;83
02.09.2020 00:00:00;Linz(Stadt);401;205726;5;947;57;27,70675;0;17;0;857
02.09.2020 00:00:00;Steyr(Stadt);402;38193;0;120;10;26,18281;0;2;1;106
02.09.2020 00:00:00;Wels(Stadt);403;61727;0;252;20;32,40073;0;0;5;213
02.09.2020 00:00:00;Braunau am Inn;404;104408;0;229;17;16,28228;0;3;2;195
02.09.2020 00:00:00;Eferding;405;33156;0;104;4;12,06418;0;6;0;93
02.09.2020 00:00:00;Freistadt;406;66621;6;170;21;31,52159;0;6;0;143
02.09.2020 00:00:00;Gmunden;407;101631;2;193;12;11,80742;0;2;7;176
02.09.2020 00:00:00;Grieskirchen;408;64721;2;121;13;20,08622;0;1;0;104
02.09.2020 00:00:00;Kirchdorf an der Krems;409;56866;2;100;6;10,55112;0;1;0;88
02.09.2020 00:00:00;Linz-Land;410;150273;4;688;51;33,93823;0;9;6;603
02.09.2020 00:00:00;Perg;411;68459;0;398;7;10,2251;0;3;0;380
02.09.2020 00:00:00;Ried im Innkreis;412;61204;2;109;10;16,3388;0;0;0;96
02.09.2020 00:00:00;Rohrbach;413;56524;0;210;9;15,92244;0;0;0;192
02.09.2020 00:00:00;Schärding;414;57307;0;71;3;5,234962;0;1;1;67
02.09.2020 00:00:00;Steyr-Land;415;60427;1;233;4;6,619557;0;7;0;219
02.09.2020 00:00:00;Urfahr-Umgebung;416;85505;0;365;6;7,017134;0;5;1;352
02.09.2020 00:00:00;Vöcklabruck;417;136253;0;248;16;11,74286;0;4;3;223
02.09.2020 00:00:00;Wels-Land;418;73094;4;201;21;28,73013;0;1;0;171
02.09.2020 00:00:00;Salzburg(Stadt);501;154211;3;317;36;23,34464;0;1;6;261
02.09.2020 00:00:00;Hallein;502;60374;3;108;4;6,625369;0;1;1;101
02.09.2020 00:00:00;Salzburg-Umgebung;503;152281;0;354;6;3,940084;0;11;10;333
02.09.2020 00:00:00;Sankt Johann im Pongau;504;80573;0;488;9;11,17;0;16;2;460
02.09.2020 00:00:00;Tamsweg;505;20320;0;29;0;0;0;1;0;28
02.09.2020 00:00:00;Zell am See;506;87462;0;404;12;13,72024;0;9;0;382
02.09.2020 00:00:00;Graz(Stadt);601;288806;37;848;124;42,93539;0;43;15;668
02.09.2020 00:00:00;Deutschlandsberg;603;60821;0;61;4;6,576676;0;2;0;52
02.09.2020 00:00:00;Graz-Umgebung;606;154260;3;321;18;11,66861;0;35;3;259
02.09.2020 00:00:00;Leibnitz;610;82484;1;202;3;3,637069;0;4;2;193
02.09.2020 00:00:00;Leoben;611;60060;1;56;2;3,330003;0;3;1;50
02.09.2020 00:00:00;Liezen;612;79901;1;129;6;7,509293;0;1;0;113
02.09.2020 00:00:00;Murau;614;27659;0;12;0;0;0;0;0;12
02.09.2020 00:00:00;Voitsberg;616;51161;0;115;3;5,863842;0;5;0;107
02.09.2020 00:00:00;Weiz;617;90343;4;237;13;14,3896;0;18;2;202
02.09.2020 00:00:00;Murtal;620;72004;3;88;10;13,88812;0;1;0;77
02.09.2020 00:00:00;Bruck-Mürzzuschlag;621;98984;0;103;12;12,12317;0;4;1;86
02.09.2020 00:00:00;Hartberg-Fürstenfeld;622;90622;0;335;2;2,206969;0;39;0;288
02.09.2020 00:00:00;Südoststeiermark;623;85947;0;73;1;1,163508;0;2;0;68
02.09.2020 00:00:00;Innsbruck-Stadt;701;132110;15;735;86;65,09727;0;6;16;628
02.09.2020 00:00:00;Imst;702;60056;1;314;7;11,65579;0;6;1;301
02.09.2020 00:00:00;Innsbruck-Land;703;179318;24;562;80;44,61348;0;13;1;452
02.09.2020 00:00:00;Kitzbühel;704;63881;2;404;12;18,78493;0;11;0;381
02.09.2020 00:00:00;Kufstein;705;109682;16;708;94;85,7023;0;35;7;582
02.09.2020 00:00:00;Landeck;706;44362;1;1030;6;13,52509;0;16;2;1008
02.09.2020 00:00:00;Lienz;707;48753;0;163;0;0;0;6;0;156
02.09.2020 00:00:00;Reutte;708;32670;0;81;9;27,54821;0;1;1;72
02.09.2020 00:00:00;Schwaz;709;83873;3;449;24;28,61469;0;14;3;409
02.09.2020 00:00:00;Bludenz;801;63714;0;320;8;12,55611;0;4;2;304
02.09.2020 00:00:00;Bregenz;802;134383;3;334;19;14,13869;0;10;2;304
02.09.2020 00:00:00;Dornbirn;803;89041;1;201;18;20,21541;0;4;0;178
02.09.2020 00:00:00;Feldkirch;804;107159;2;259;7;6,532349;0;2;2;252
02.09.2020 00:00:00;Wien;900;1897491;206;8345;1044;55,02002;0;225;123;6379
03.09.2020 00:00:00;Eisenstadt(Stadt);101;14637;0;28;2;13,664;0;0;1;23
03.09.2020 00:00:00;Rust(Stadt);102;1940;0;1;0;0;0;0;0;1
03.09.2020 00:00:00;Eisenstadt-Umgebung;103;42927;2;56;14;32,61351;0;1;0;38
03.09.2020 00:00:00;Güssing;104;25797;1;37;1;3,87642;0;0;1;37
03.09.2020 00:00:00;Jennersdorf;105;17066;0;13;1;5,859604;0;0;0;11
03.09.2020 00:00:00;Mattersburg;106;39925;5;104;20;50,09393;0;1;0;83
03.09.2020 00:00:00;Neusiedl am See;107;59552;1;87;4;6,716819;0;4;0;74
03.09.2020 00:00:00;Oberpullendorf;108;37513;1;35;2;5,331485;0;1;0;29
03.09.2020 00:00:00;Oberwart;109;54076;1;163;3;5,547748;0;4;0;156
03.09.2020 00:00:00;Klagenfurt Stadt;201;100817;1;169;9;8,927066;0;3;0;155
03.09.2020 00:00:00;Villach Stadt;202;62243;0;56;3;4,819819;0;0;1;52
03.09.2020 00:00:00;Hermagor;203;18224;0;5;0;0;0;0;0;5
03.09.2020 00:00:00;Klagenfurt Land;204;59800;0;70;2;3,344482;0;2;0;65
03.09.2020 00:00:00;Sankt Veit an der Glan;205;54555;0;60;1;1,833013;0;0;0;59
03.09.2020 00:00:00;Spittal an der Drau;206;76091;0;62;0;0;0;1;0;61
03.09.2020 00:00:00;Villach Land;207;64668;0;76;0;0;0;2;0;72
03.09.2020 00:00:00;Völkermarkt;208;41878;0;58;0;0;0;4;0;54
03.09.2020 00:00:00;Wolfsberg;209;52726;1;72;6;11,37959;0;1;0;65
03.09.2020 00:00:00;Feldkirchen;210;29937;0;27;0;0;0;0;0;23
03.09.2020 00:00:00;Krems an der Donau(Stadt);301;24876;2;49;2;8,039878;0;4;0;43
03.09.2020 00:00:00;Sankt Pölten(Stadt);302;55044;0;139;11;19,98401;0;4;0;120
03.09.2020 00:00:00;Waidhofen an der Ybbs(Stadt);303;11261;0;26;0;0;0;3;0;23
03.09.2020 00:00:00;Wiener Neustadt(Stadt);304;45277;2;133;26;57,4243;0;0;1;102
03.09.2020 00:00:00;Amstetten;305;116114;0;344;6;5,167336;0;16;0;321
03.09.2020 00:00:00;Baden;306;146203;5;339;36;24,6233;0;4;5;288
03.09.2020 00:00:00;Bruck an der Leitha;307;102010;1;219;22;21,56651;0;5;5;187
03.09.2020 00:00:00;Gänserndorf;308;103686;4;209;30;28,93351;0;5;2;173
03.09.2020 00:00:00;Gmünd;309;36773;0;17;0;0;0;0;0;17
03.09.2020 00:00:00;Hollabrunn;310;50858;1;58;5;9,831295;0;0;0;51
03.09.2020 00:00:00;Horn;311;31090;0;99;0;0;0;5;0;94
03.09.2020 00:00:00;Korneuburg;312;90889;3;261;27;29,70657;0;5;2;223
03.09.2020 00:00:00;Krems(Land);313;56596;1;194;4;7,067637;0;8;0;182
03.09.2020 00:00:00;Lilienfeld;314;25812;1;61;5;19,37083;0;5;0;51
03.09.2020 00:00:00;Melk;315;77962;0;202;1;1,282676;0;4;0;194
03.09.2020 00:00:00;Mistelbach;316;75483;5;179;10;13,24802;0;7;1;161
03.09.2020 00:00:00;Mödling;317;118998;4;312;30;25,21051;0;7;3;265
03.09.2020 00:00:00;Neunkirchen;318;86291;3;272;25;28,97174;0;7;0;241
03.09.2020 00:00:00;Sankt Pölten(Land);319;131044;2;362;14;10,68343;0;11;0;330
03.09.2020 00:00:00;Scheibbs;320;41403;0;110;0;0;0;1;0;109
03.09.2020 00:00:00;Tulln;321;103771;0;252;17;16,38223;0;6;2;228
03.09.2020 00:00:00;Waidhofen an der Thaya;322;25888;0;82;3;11,58838;0;2;0;77
03.09.2020 00:00:00;Wiener Neustadt(Land);323;77991;2;161;27;34,61938;0;6;3;126
03.09.2020 00:00:00;Zwettl;325;42222;0;85;0;0;0;2;0;83
03.09.2020 00:00:00;Linz(Stadt);401;205726;6;953;49;23,81809;0;17;4;861
03.09.2020 00:00:00;Steyr(Stadt);402;38193;2;122;10;26,18281;0;2;3;109
03.09.2020 00:00:00;Wels(Stadt);403;61727;3;255;21;34,02077;0;0;4;217
03.09.2020 00:00:00;Braunau am Inn;404;104408;3;232;14;13,40893;0;3;2;197
03.09.2020 00:00:00;Eferding;405;33156;0;104;0;0;0;6;1;94
03.09.2020 00:00:00;Freistadt;406;66621;6;176;25;37,5257;0;6;0;143
03.09.2020 00:00:00;Gmunden;407;101631;1;194;12;11,80742;0;2;0;176
03.09.2020 00:00:00;Grieskirchen;408;64721;1;122;13;20,08622;0;1;1;105
03.09.2020 00:00:00;Kirchdorf an der Krems;409;56866;2;102;7;12,30964;0;1;0;88
03.09.2020 00:00:00;Linz-Land;410;150273;4;692;47;31,27641;0;9;10;613
03.09.2020 00:00:00;Perg;411;68459;0;398;7;10,2251;0;3;1;381
03.09.2020 00:00:00;Ried im Innkreis;412;61204;0;109;8;13,07104;0;0;1;97
03.09.2020 00:00:00;Rohrbach;413;56524;3;213;11;19,46076;0;0;9;201
03.09.2020 00:00:00;Schärding;414;57307;0;71;3;5,234962;0;1;0;67
03.09.2020 00:00:00;Steyr-Land;415;60427;2;235;4;6,619557;0;7;4;223
03.09.2020 00:00:00;Urfahr-Umgebung;416;85505;0;365;4;4,678089;0;5;1;353
03.09.2020 00:00:00;Vöcklabruck;417;136253;2;250;14;10,275;0;4;0;223
03.09.2020 00:00:00;Wels-Land;418;73094;1;202;15;20,52152;0;1;3;174
03.09.2020 00:00:00;Salzburg(Stadt);501;154211;2;319;34;22,04771;0;1;4;265
03.09.2020 00:00:00;Hallein;502;60374;0;108;4;6,625369;0;1;1;102
03.09.2020 00:00:00;Salzburg-Umgebung;503;152281;0;354;4;2,626723;0;11;5;338
03.09.2020 00:00:00;Sankt Johann im Pongau;504;80573;0;488;8;9,928885;0;16;0;460
03.09.2020 00:00:00;Tamsweg;505;20320;0;29;0;0;0;1;0;28
03.09.2020 00:00:00;Zell am See;506;87462;2;406;13;14,8636;0;9;0;382
03.09.2020 00:00:00;Graz(Stadt);601;288806;8;856;113;39,12661;0;43;6;674
03.09.2020 00:00:00;Deutschlandsberg;603;60821;1;62;4;6,576676;0;2;1;53
03.09.2020 00:00:00;Graz-Umgebung;606;154260;2;323;18;11,66861;0;35;2;261
03.09.2020 00:00:00;Leibnitz;610;82484;2;204;4;4,849425;0;4;3;196
03.09.2020 00:00:00;Leoben;611;60060;0;56;2;3,330003;0;3;0;50
03.09.2020 00:00:00;Liezen;612;79901;0;129;4;5,006195;0;1;0;113
03.09.2020 00:00:00;Murau;614;27659;0;12;0;0;0;0;0;12
03.09.2020 00:00:00;Voitsberg;616;51161;0;115;2;3,909228;0;5;0;107
03.09.2020 00:00:00;Weiz;617;90343;4;241;15;16,60339;0;18;0;202
03.09.2020 00:00:00;Murtal;620;72004;0;88;8;11,11049;0;1;0;77
03.09.2020 00:00:00;Bruck-Mürzzuschlag;621;98984;2;105;10;10,10264;0;4;0;86
03.09.2020 00:00:00;Hartberg-Fürstenfeld;622;90622;2;337;3;3,310454;0;39;6;294
03.09.2020 00:00:00;Südoststeiermark;623;85947;1;74;2;2,327015;0;2;1;69
03.09.2020 00:00:00;Innsbruck-Stadt;701;132110;12;747;90;68,12505;0;6;10;638
03.09.2020 00:00:00;Imst;702;60056;5;319;12;19,98135;0;6;1;302
03.09.2020 00:00:00;Innsbruck-Land;703;179318;11;573;78;43,49814;0;13;15;467
03.09.2020 00:00:00;Kitzbühel;704;63881;1;405;13;20,35034;0;11;5;386
03.09.2020 00:00:00;Kufstein;705;109682;10;718;86;78,40849;0;35;17;599
03.09.2020 00:00:00;Landeck;706;44362;0;1030;6;13,52509;0;16;1;1009
03.09.2020 00:00:00;Lienz;707;48753;0;163;0;0;0;6;0;156
03.09.2020 00:00:00;Reutte;708;32670;0;81;9;27,54821;0;1;0;72
03.09.2020 00:00:00;Schwaz;709;83873;7;456;28;33,38381;0;14;0;409
03.09.2020 00:00:00;Bludenz;801;63714;2;322;10;15,69514;0;4;0;304
03.09.2020 00:00:00;Bregenz;802;134383;3;337;16;11,90627;0;10;3;307
03.09.2020 00:00:00;Dornbirn;803;89041;8;209;25;28,07695;0;4;2;180
03.09.2020 00:00:00;Feldkirch;804;107159;2;261;7;6,532349;0;2;1;253
03.09.2020 00:00:00;Wien;900;1897491;196;8541;1111;58,551;0;225;160;6539
04.09.2020 00:00:00;Eisenstadt(Stadt);101;14637;5;33;7;47,82401;0;0;2;25
04.09.2020 00:00:00;Rust(Stadt);102;1940;0;1;0;0;0;0;0;1
04.09.2020 00:00:00;Eisenstadt-Umgebung;103;42927;3;59;17;39,60212;0;1;0;38
04.09.2020 00:00:00;Güssing;104;25797;0;37;1;3,87642;0;0;1;38
04.09.2020 00:00:00;Jennersdorf;105;17066;0;13;1;5,859604;0;0;0;11
04.09.2020 00:00:00;Mattersburg;106;39925;3;107;23;57,60801;0;1;1;84
04.09.2020 00:00:00;Neusiedl am See;107;59552;2;89;5;8,396024;0;4;0;74
04.09.2020 00:00:00;Oberpullendorf;108;37513;0;35;2;5,331485;0;1;1;30
04.09.2020 00:00:00;Oberwart;109;54076;0;163;1;1,849249;0;4;1;157
04.09.2020 00:00:00;Klagenfurt Stadt;201;100817;0;169;5;4,959481;0;3;0;155
04.09.2020 00:00:00;Villach Stadt;202;62243;1;57;4;6,426425;0;0;0;52
04.09.2020 00:00:00;Hermagor;203;18224;0;5;0;0;0;0;0;5
04.09.2020 00:00:00;Klagenfurt Land;204;59800;0;70;1;1,672241;0;2;0;65
04.09.2020 00:00:00;Sankt Veit an der Glan;205;54555;0;60;1;1,833013;0;0;0;59
04.09.2020 00:00:00;Spittal an der Drau;206;76091;0;62;0;0;0;1;0;61
04.09.2020 00:00:00;Villach Land;207;64668;0;76;0;0;0;2;0;72
04.09.2020 00:00:00;Völkermarkt;208;41878;0;58;0;0;0;4;0;54
04.09.2020 00:00:00;Wolfsberg;209;52726;0;72;5;9,482987;0;1;0;65
04.09.2020 00:00:00;Feldkirchen;210;29937;0;27;0;0;0;0;0;23
04.09.2020 00:00:00;Krems an der Donau(Stadt);301;24876;0;49;2;8,039878;0;4;0;43
04.09.2020 00:00:00;Sankt Pölten(Stadt);302;55044;1;140;11;19,98401;0;4;0;120
04.09.2020 00:00:00;Waidhofen an der Ybbs(Stadt);303;11261;0;26;0;0;0;3;0;23
04.09.2020 00:00:00;Wiener Neustadt(Stadt);304;45277;2;135;23;50,79842;0;0;3;105
04.09.2020 00:00:00;Amstetten;305;116114;1;345;7;6,028558;0;16;1;322
04.09.2020 00:00:00;Baden;306;146203;2;341;34;23,25534;0;4;6;294
04.09.2020 00:00:00;Bruck an der Leitha;307;102010;3;222;21;20,58622;0;5;1;188
04.09.2020 00:00:00;Gänserndorf;308;103686;7;216;35;33,75576;0;5;1;174
04.09.2020 00:00:00;Gmünd;309;36773;0;17;0;0;0;0;0;17
04.09.2020 00:00:00;Hollabrunn;310;50858;0;58;5;9,831295;0;0;1;52
04.09.2020 00:00:00;Horn;311;31090;0;99;0;0;0;5;0;94
04.09.2020 00:00:00;Korneuburg;312;90889;3;264;29;31,90705;0;5;4;227
04.09.2020 00:00:00;Krems(Land);313;56596;0;194;4;7,067637;0;8;1;183
04.09.2020 00:00:00;Lilienfeld;314;25812;1;62;6;23,245;0;5;0;51
04.09.2020 00:00:00;Melk;315;77962;0;202;1;1,282676;0;4;3;197
04.09.2020 00:00:00;Mistelbach;316;75483;4;183;13;17,22242;0;7;0;161
04.09.2020 00:00:00;Mödling;317;118998;8;320;33;27,73156;0;7;2;267
04.09.2020 00:00:00;Neunkirchen;318;86291;1;273;24;27,81287;0;7;1;242
04.09.2020 00:00:00;Sankt Pölten(Land);319;131044;2;364;15;11,44654;0;11;0;330
04.09.2020 00:00:00;Scheibbs;320;41403;0;110;0;0;0;1;0;109
04.09.2020 00:00:00;Tulln;321;103771;0;252;15;14,45491;0;6;0;228
04.09.2020 00:00:00;Waidhofen an der Thaya;322;25888;0;82;3;11,58838;0;2;0;77
04.09.2020 00:00:00;Wiener Neustadt(Land);323;77991;1;162;23;29,49058;0;6;6;132
04.09.2020 00:00:00;Zwettl;325;42222;2;87;2;4,736867;0;2;0;83
04.09.2020 00:00:00;Linz(Stadt);401;205726;0;953;38;18,47117;0;17;14;875
04.09.2020 00:00:00;Steyr(Stadt);402;38193;2;124;12;31,41937;0;2;0;109
04.09.2020 00:00:00;Wels(Stadt);403;61727;4;259;15;24,30055;0;0;13;230
04.09.2020 00:00:00;Braunau am Inn;404;104408;4;236;14;13,40893;0;3;5;202
04.09.2020 00:00:00;Eferding;405;33156;0;104;0;0;0;6;2;96
04.09.2020 00:00:00;Freistadt;406;66621;4;180;22;33,02262;0;6;0;143
04.09.2020 00:00:00;Gmunden;407;101631;3;197;14;13,77532;0;2;5;181
04.09.2020 00:00:00;Grieskirchen;408;64721;0;122;11;16,99603;0;1;1;106
04.09.2020 00:00:00;Kirchdorf an der Krems;409;56866;5;107;11;19,34372;0;1;1;89
04.09.2020 00:00:00;Linz-Land;410;150273;1;693;40;26,61822;0;9;15;628
04.09.2020 00:00:00;Perg;411;68459;1;399;7;10,2251;0;3;3;384
04.09.2020 00:00:00;Ried im Innkreis;412;61204;0;109;8;13,07104;0;0;0;97
04.09.2020 00:00:00;Rohrbach;413;56524;1;214;11;19,46076;0;0;2;203
04.09.2020 00:00:00;Schärding;414;57307;0;71;3;5,234962;0;1;0;67
04.09.2020 00:00:00;Steyr-Land;415;60427;8;243;12;19,85867;0;7;1;224
04.09.2020 00:00:00;Urfahr-Umgebung;416;85505;1;366;5;5,847611;0;5;5;358
04.09.2020 00:00:00;Vöcklabruck;417;136253;5;255;16;11,74286;0;4;2;225
04.09.2020 00:00:00;Wels-Land;418;73094;1;203;11;15,04912;0;1;4;178
04.09.2020 00:00:00;Salzburg(Stadt);501;154211;3;322;34;22,04771;0;1;6;271
04.09.2020 00:00:00;Hallein;502;60374;0;108;4;6,625369;0;1;0;102
04.09.2020 00:00:00;Salzburg-Umgebung;503;152281;3;357;5;3,283404;0;11;1;339
04.09.2020 00:00:00;Sankt Johann im Pongau;504;80573;2;490;9;11,17;0;16;2;462
04.09.2020 00:00:00;Tamsweg;505;20320;0;29;0;0;0;1;0;28
04.09.2020 00:00:00;Zell am See;506;87462;1;407;13;14,8636;0;9;1;383
04.09.2020 00:00:00;Graz(Stadt);601;288806;11;867;107;37,04909;0;43;16;690
04.09.2020 00:00:00;Deutschlandsberg;603;60821;2;64;5;8,220845;0;2;2;55
04.09.2020 00:00:00;Graz-Umgebung;606;154260;0;323;16;10,3721;0;35;7;268
04.09.2020 00:00:00;Leibnitz;610;82484;1;205;5;6,061782;0;4;0;196
04.09.2020 00:00:00;Leoben;611;60060;2;58;4;6,660007;0;3;1;51
04.09.2020 00:00:00;Liezen;612;79901;0;129;4;5,006195;0;1;1;114
04.09.2020 00:00:00;Murau;614;27659;0;12;0;0;0;0;0;12
04.09.2020 00:00:00;Voitsberg;616;51161;0;115;2;3,909228;0;5;1;108
04.09.2020 00:00:00;Weiz;617;90343;0;241;15;16,60339;0;18;3;205
04.09.2020 00:00:00;Murtal;620;72004;1;89;9;12,49931;0;1;2;79
04.09.2020 00:00:00;Bruck-Mürzzuschlag;621;98984;2;107;11;11,11291;0;4;2;88
04.09.2020 00:00:00;Hartberg-Fürstenfeld;622;90622;1;338;3;3,310454;0;39;0;294
04.09.2020 00:00:00;Südoststeiermark;623;85947;0;74;2;2,327015;0;2;0;69
04.09.2020 00:00:00;Innsbruck-Stadt;701;132110;8;755;94;71,15282;0;6;4;642
04.09.2020 00:00:00;Imst;702;60056;0;319;11;18,31624;0;6;1;303
04.09.2020 00:00:00;Innsbruck-Land;703;179318;7;580;81;45,17115;0;13;7;474
04.09.2020 00:00:00;Kitzbühel;704;63881;4;409;17;26,61198;0;11;0;386
04.09.2020 00:00:00;Kufstein;705;109682;8;726;84;76,58504;0;35;7;606
04.09.2020 00:00:00;Landeck;706;44362;1;1031;6;13,52509;0;16;0;1009
04.09.2020 00:00:00;Lienz;707;48753;0;163;0;0;0;6;1;157
04.09.2020 00:00:00;Reutte;708;32670;0;81;6;18,36547;0;1;0;72
04.09.2020 00:00:00;Schwaz;709;83873;7;463;29;34,57608;0;14;6;415
04.09.2020 00:00:00;Bludenz;801;63714;6;328;13;20,40368;0;4;2;306
04.09.2020 00:00:00;Bregenz;802;134383;5;342;20;14,88283;0;10;4;311
04.09.2020 00:00:00;Dornbirn;803;89041;3;212;26;29,20003;0;4;1;181
04.09.2020 00:00:00;Feldkirch;804;107159;7;268;14;13,0647;0;2;1;254
04.09.2020 00:00:00;Wien;900;1897491;204;8745;1249;65,82376;2;227;183;6722
05.09.2020 00:00:00;Eisenstadt(Stadt);101;14637;0;33;7;47,82401;0;0;1;26
05.09.2020 00:00:00;Rust(Stadt);102;1940;0;1;0;0;0;0;0;1
05.09.2020 00:00:00;Eisenstadt-Umgebung;103;42927;5;64;17;39,60212;0;1;0;38
05.09.2020 00:00:00;Güssing;104;25797;0;37;1;3,87642;0;0;1;39
05.09.2020 00:00:00;Jennersdorf;105;17066;0;13;1;5,859604;0;0;0;11
05.09.2020 00:00:00;Mattersburg;106;39925;1;108;21;52,59862;0;1;0;84
05.09.2020 00:00:00;Neusiedl am See;107;59552;1;90;5;8,396024;0;4;1;75
05.09.2020 00:00:00;Oberpullendorf;108;37513;0;35;2;5,331485;0;1;0;30
05.09.2020 00:00:00;Oberwart;109;54076;1;164;2;3,698498;0;4;0;157
05.09.2020 00:00:00;Klagenfurt Stadt;201;100817;0;169;3;2,975689;0;3;0;155
05.09.2020 00:00:00;Villach Stadt;202;62243;0;57;2;3,213213;0;0;1;53
05.09.2020 00:00:00;Hermagor;203;18224;0;5;0;0;0;0;0;5
05.09.2020 00:00:00;Klagenfurt Land;204;59800;0;70;1;1,672241;0;2;0;65
05.09.2020 00:00:00;Sankt Veit an der Glan;205;54555;0;60;1;1,833013;0;0;0;59
05.09.2020 00:00:00;Spittal an der Drau;206;76091;0;62;0;0;0;1;0;61
05.09.2020 00:00:00;Villach Land;207;64668;1;77;1;1,54636;0;2;2;74
05.09.2020 00:00:00;Völkermarkt;208;41878;1;59;1;2,387889;0;4;0;54
05.09.2020 00:00:00;Wolfsberg;209;52726;0;72;5;9,482987;0;1;0;65
05.09.2020 00:00:00;Feldkirchen;210;29937;0;27;0;0;0;0;0;23
05.09.2020 00:00:00;Krems an der Donau(Stadt);301;24876;1;50;3;12,05982;0;4;0;43
05.09.2020 00:00:00;Sankt Pölten(Stadt);302;55044;1;141;10;18,16728;0;4;0;120
05.09.2020 00:00:00;Waidhofen an der Ybbs(Stadt);303;11261;0;26;0;0;0;3;0;23
05.09.2020 00:00:00;Wiener Neustadt(Stadt);304;45277;2;137;23;50,79842;0;0;2;107
05.09.2020 00:00:00;Amstetten;305;116114;1;346;6;5,167336;0;16;1;323
05.09.2020 00:00:00;Baden;306;146203;6;347;37;25,30728;0;4;6;300
05.09.2020 00:00:00;Bruck an der Leitha;307;102010;2;224;18;17,64533;0;5;4;192
05.09.2020 00:00:00;Gänserndorf;308;103686;3;219;37;35,68466;0;5;0;174
05.09.2020 00:00:00;Gmünd;309;36773;1;18;1;2,719387;0;0;0;17
05.09.2020 00:00:00;Hollabrunn;310;50858;1;59;6;11,79755;0;0;0;52
05.09.2020 00:00:00;Horn;311;31090;0;99;0;0;0;5;0;94
05.09.2020 00:00:00;Korneuburg;312;90889;5;269;33;36,30803;0;5;1;228
05.09.2020 00:00:00;Krems(Land);313;56596;0;194;3;5,300728;0;8;0;183
05.09.2020 00:00:00;Lilienfeld;314;25812;0;62;5;19,37083;0;5;0;51
05.09.2020 00:00:00;Melk;315;77962;0;202;1;1,282676;0;4;0;197
05.09.2020 00:00:00;Mistelbach;316;75483;9;192;21;27,82083;0;7;2;163
05.09.2020 00:00:00;Mödling;317;118998;2;322;31;26,05086;0;7;4;271
05.09.2020 00:00:00;Neunkirchen;318;86291;2;275;25;28,97174;0;7;0;242
05.09.2020 00:00:00;Sankt Pölten(Land);319;131044;1;365;16;12,20964;0;11;4;334
05.09.2020 00:00:00;Scheibbs;320;41403;0;110;0;0;0;1;0;109
05.09.2020 00:00:00;Tulln;321;103771;3;255;15;14,45491;0;6;2;230
05.09.2020 00:00:00;Waidhofen an der Thaya;322;25888;0;82;2;7,725587;0;2;0;77
05.09.2020 00:00:00;Wiener Neustadt(Land);323;77991;2;164;23;29,49058;0;6;1;133
05.09.2020 00:00:00;Zwettl;325;42222;0;87;2;4,736867;0;2;0;83
05.09.2020 00:00:00;Linz(Stadt);401;205726;7;960;33;16,04075;0;17;9;884
05.09.2020 00:00:00;Steyr(Stadt);402;38193;1;125;10;26,18281;0;2;0;109
05.09.2020 00:00:00;Wels(Stadt);403;61727;7;266;19;30,78069;0;0;1;231
05.09.2020 00:00:00;Braunau am Inn;404;104408;0;236;12;11,49337;0;3;3;205
05.09.2020 00:00:00;Eferding;405;33156;0;104;0;0;0;6;2;98
05.09.2020 00:00:00;Freistadt;406;66621;8;188;29;43,52982;0;6;2;145
05.09.2020 00:00:00;Gmunden;407;101631;0;197;11;10,82347;0;2;1;182
05.09.2020 00:00:00;Grieskirchen;408;64721;1;123;10;15,45094;0;1;1;107
05.09.2020 00:00:00;Kirchdorf an der Krems;409;56866;3;110;14;24,61928;0;1;1;90
05.09.2020 00:00:00;Linz-Land;410;150273;6;699;34;22,62549;0;9;1;629
05.09.2020 00:00:00;Perg;411;68459;0;399;4;5,842913;0;3;5;389
05.09.2020 00:00:00;Ried im Innkreis;412;61204;0;109;4;6,535521;0;0;2;99
05.09.2020 00:00:00;Rohrbach;413;56524;0;214;10;17,6916;0;0;0;203
05.09.2020 00:00:00;Schärding;414;57307;1;72;4;6,97995;0;1;0;67
05.09.2020 00:00:00;Steyr-Land;415;60427;2;245;14;23,16845;0;7;0;224
05.09.2020 00:00:00;Urfahr-Umgebung;416;85505;1;367;4;4,678089;0;5;0;358
05.09.2020 00:00:00;Vöcklabruck;417;136253;0;255;11;8,073216;0;4;3;228
05.09.2020 00:00:00;Wels-Land;418;73094;1;204;9;12,31291;0;1;2;180
05.09.2020 00:00:00;Salzburg(Stadt);501;154211;12;334;42;27,23541;0;1;14;285
05.09.2020 00:00:00;Hallein;502;60374;4;112;8;13,25074;0;1;0;102
05.09.2020 00:00:00;Salzburg-Umgebung;503;152281;3;360;8;5,253446;0;11;1;340
05.09.2020 00:00:00;Sankt Johann im Pongau;504;80573;0;490;7;8,687774;0;16;0;462
05.09.2020 00:00:00;Tamsweg;505;20320;0;29;0;0;0;1;0;28
05.09.2020 00:00:00;Zell am See;506;87462;0;407;6;6,860122;0;9;2;385
05.09.2020 00:00:00;Graz(Stadt);601;288806;5;872;100;34,62532;0;43;17;707
05.09.2020 00:00:00;Deutschlandsberg;603;60821;0;64;3;4,932507;0;2;2;57
05.09.2020 00:00:00;Graz-Umgebung;606;154260;2;325;14;9,075586;0;35;1;269
05.09.2020 00:00:00;Leibnitz;610;82484;1;206;5;6,061782;0;4;0;196
05.09.2020 00:00:00;Leoben;611;60060;1;59;5;8,325008;0;3;0;51
05.09.2020 00:00:00;Liezen;612;79901;0;129;1;1,251549;0;1;0;114
05.09.2020 00:00:00;Murau;614;27659;0;12;0;0;0;0;0;12
05.09.2020 00:00:00;Voitsberg;616;51161;0;115;2;3,909228;0;5;0;108
05.09.2020 00:00:00;Weiz;617;90343;1;242;16;17,71028;0;18;0;205
05.09.2020 00:00:00;Murtal;620;72004;4;93;11;15,27693;0;1;0;79
05.09.2020 00:00:00;Bruck-Mürzzuschlag;621;98984;0;107;8;8,082114;0;4;0;88
05.09.2020 00:00:00;Hartberg-Fürstenfeld;622;90622;1;339;4;4,413939;0;39;0;294
05.09.2020 00:00:00;Südoststeiermark;623;85947;1;75;3;3,490523;0;2;0;69
05.09.2020 00:00:00;Innsbruck-Stadt;701;132110;5;760;87;65,85421;0;6;9;651
05.09.2020 00:00:00;Imst;702;60056;0;319;11;18,31624;0;6;0;303
05.09.2020 00:00:00;Innsbruck-Land;703;179318;3;583;79;44,05581;0;13;9;483
05.09.2020 00:00:00;Kitzbühel;704;63881;1;410;13;20,35034;0;11;3;389
05.09.2020 00:00:00;Kufstein;705;109682;5;731;72;65,64432;0;35;21;627
05.09.2020 00:00:00;Landeck;706;44362;0;1031;6;13,52509;0;16;0;1009
05.09.2020 00:00:00;Lienz;707;48753;0;163;0;0;0;6;0;157
05.09.2020 00:00:00;Reutte;708;32670;3;84;9;27,54821;0;1;0;72
05.09.2020 00:00:00;Schwaz;709;83873;1;464;29;34,57608;0;14;0;415
05.09.2020 00:00:00;Bludenz;801;63714;1;329;14;21,97319;0;4;2;308
05.09.2020 00:00:00;Bregenz;802;134383;2;344;21;15,62698;0;10;3;314
05.09.2020 00:00:00;Dornbirn;803;89041;5;217;30;33,69234;0;4;1;182
05.09.2020 00:00:00;Feldkirch;804;107159;1;269;15;13,99789;0;2;0;254
05.09.2020 00:00:00;Wien;900;1897491;63;8808;1104;58,18209;0;227;70;6792
06.09.2020 00:00:00;Eisenstadt(Stadt);101;14637;0;33;7;47,82401;0;0;0;26
06.09.2020 00:00:00;Rust(Stadt);102;1940;1;2;1;51,54639;0;0;0;1
06.09.2020 00:00:00;Eisenstadt-Umgebung;103;42927;1;65;17;39,60212;0;1;0;38
06.09.2020 00:00:00;Güssing;104;25797;0;37;1;3,87642;0;0;0;39
06.09.2020 00:00:00;Jennersdorf;105;17066;0;13;0;0;0;0;0;11
06.09.2020 00:00:00;Mattersburg;106;39925;0;108;20;50,09393;0;1;0;84
06.09.2020 00:00:00;Neusiedl am See;107;59552;1;91;6;10,07523;0;4;0;75
06.09.2020 00:00:00;Oberpullendorf;108;37513;0;35;2;5,331485;0;1;0;30
06.09.2020 00:00:00;Oberwart;109;54076;0;164;2;3,698498;0;4;0;157
06.09.2020 00:00:00;Klagenfurt Stadt;201;100817;0;169;3;2,975689;0;3;5;160
06.09.2020 00:00:00;Villach Stadt;202;62243;0;57;2;3,213213;0;0;1;54
06.09.2020 00:00:00;Hermagor;203;18224;0;5;0;0;0;0;0;5
06.09.2020 00:00:00;Klagenfurt Land;204;59800;0;70;1;1,672241;0;2;1;66
06.09.2020 00:00:00;Sankt Veit an der Glan;205;54555;0;60;1;1,833013;0;0;0;59
06.09.2020 00:00:00;Spittal an der Drau;206;76091;0;62;0;0;0;1;0;61
06.09.2020 00:00:00;Villach Land;207;64668;1;78;2;3,09272;0;2;0;74
06.09.2020 00:00:00;Völkermarkt;208;41878;3;62;4;9,551555;0;4;0;54
06.09.2020 00:00:00;Wolfsberg;209;52726;0;72;5;9,482987;0;1;0;65
06.09.2020 00:00:00;Feldkirchen;210;29937;0;27;0;0;0;0;0;23
06.09.2020 00:00:00;Krems an der Donau(Stadt);301;24876;0;50;3;12,05982;0;4;0;43
06.09.2020 00:00:00;Sankt Pölten(Stadt);302;55044;0;141;10;18,16728;0;4;1;121
06.09.2020 00:00:00;Waidhofen an der Ybbs(Stadt);303;11261;0;26;0;0;0;3;0;23
06.09.2020 00:00:00;Wiener Neustadt(Stadt);304;45277;4;141;19;41,96391;0;0;3;110
06.09.2020 00:00:00;Amstetten;305;116114;0;346;6;5,167336;0;16;0;323
06.09.2020 00:00:00;Baden;306;146203;11;358;41;28,0432;0;4;1;301
06.09.2020 00:00:00;Bruck an der Leitha;307;102010;4;228;18;17,64533;0;5;4;196
06.09.2020 00:00:00;Gänserndorf;308;103686;6;225;28;27,00461;0;5;4;178
06.09.2020 00:00:00;Gmünd;309;36773;0;18;1;2,719387;0;0;0;17
06.09.2020 00:00:00;Hollabrunn;310;50858;0;59;6;11,79755;0;0;0;52
06.09.2020 00:00:00;Horn;311;31090;0;99;0;0;0;5;0;94
06.09.2020 00:00:00;Korneuburg;312;90889;7;276;40;44,00973;0;5;2;230
06.09.2020 00:00:00;Krems(Land);313;56596;0;194;3;5,300728;0;8;0;183
06.09.2020 00:00:00;Lilienfeld;314;25812;1;63;6;23,245;0;5;0;51
06.09.2020 00:00:00;Melk;315;77962;1;203;1;1,282676;0;4;1;198
06.09.2020 00:00:00;Mistelbach;316;75483;2;194;23;30,47044;0;7;1;164
06.09.2020 00:00:00;Mödling;317;118998;8;330;34;28,57191;0;7;4;275
06.09.2020 00:00:00;Neunkirchen;318;86291;2;277;25;28,97174;0;7;1;243
06.09.2020 00:00:00;Sankt Pölten(Land);319;131044;2;367;18;13,73584;0;11;1;335
06.09.2020 00:00:00;Scheibbs;320;41403;0;110;0;0;0;1;0;109
06.09.2020 00:00:00;Tulln;321;103771;1;256;12;11,56392;0;6;3;233
06.09.2020 00:00:00;Waidhofen an der Thaya;322;25888;0;82;2;7,725587;0;2;0;77
06.09.2020 00:00:00;Wiener Neustadt(Land);323;77991;5;169;26;33,33718;0;6;3;136
06.09.2020 00:00:00;Zwettl;325;42222;1;88;3;7,1053;0;2;0;83
06.09.2020 00:00:00;Linz(Stadt);401;205726;1;961;31;15,06859;0;17;5;889
06.09.2020 00:00:00;Steyr(Stadt);402;38193;2;127;12;31,41937;0;2;0;109
06.09.2020 00:00:00;Wels(Stadt);403;61727;1;267;19;30,78069;0;0;2;233
06.09.2020 00:00:00;Braunau am Inn;404;104408;0;236;11;10,53559;0;3;1;206
06.09.2020 00:00:00;Eferding;405;33156;0;104;0;0;0;6;0;98
06.09.2020 00:00:00;Freistadt;406;66621;9;197;38;57,03907;0;6;0;145
06.09.2020 00:00:00;Gmunden;407;101631;5;202;16;15,74323;0;2;1;183
06.09.2020 00:00:00;Grieskirchen;408;64721;0;123;9;13,90584;0;1;0;107
06.09.2020 00:00:00;Kirchdorf an der Krems;409;56866;4;114;18;31,65336;0;1;0;90
06.09.2020 00:00:00;Linz-Land;410;150273;1;700;25;16,63639;0;9;2;631
06.09.2020 00:00:00;Perg;411;68459;0;399;3;4,382185;0;3;0;389
06.09.2020 00:00:00;Ried im Innkreis;412;61204;0;109;4;6,535521;0;0;0;99
06.09.2020 00:00:00;Rohrbach;413;56524;0;214;9;15,92244;0;0;0;203
06.09.2020 00:00:00;Schärding;414;57307;3;75;7;12,21491;0;1;0;67
06.09.2020 00:00:00;Steyr-Land;415;60427;2;247;16;26,47823;0;7;0;224
06.09.2020 00:00:00;Urfahr-Umgebung;416;85505;0;367;4;4,678089;0;5;0;358
06.09.2020 00:00:00;Vöcklabruck;417;136253;8;263;19;13,94465;0;4;0;228
06.09.2020 00:00:00;Wels-Land;418;73094;0;204;9;12,31291;0;1;1;181
06.09.2020 00:00:00;Salzburg(Stadt);501;154211;0;334;33;21,39925;0;1;0;285
06.09.2020 00:00:00;Hallein;502;60374;1;113;9;14,90708;0;1;0;102
06.09.2020 00:00:00;Salzburg-Umgebung;503;152281;0;360;7;4,596765;0;11;1;341
06.09.2020 00:00:00;Sankt Johann im Pongau;504;80573;0;490;5;6,205553;0;16;1;463
06.09.2020 00:00:00;Tamsweg;505;20320;0;29;0;0;0;1;0;28
06.09.2020 00:00:00;Zell am See;506;87462;2;409;7;8,003476;0;9;2;387
06.09.2020 00:00:00;Graz(Stadt);601;288806;5;877;98;33,93281;0;43;18;725
06.09.2020 00:00:00;Deutschlandsberg;603;60821;1;65;4;6,576676;0;2;0;57
06.09.2020 00:00:00;Graz-Umgebung;606;154260;3;328;14;9,075586;0;35;0;269
06.09.2020 00:00:00;Leibnitz;610;82484;1;207;6;7,274138;0;4;0;196
06.09.2020 00:00:00;Leoben;611;60060;0;59;5;8,325008;0;3;0;51
06.09.2020 00:00:00;Liezen;612;79901;0;129;1;1,251549;0;1;0;114
06.09.2020 00:00:00;Murau;614;27659;0;12;0;0;0;0;0;12
06.09.2020 00:00:00;Voitsberg;616;51161;0;115;1;1,954614;0;5;0;108
06.09.2020 00:00:00;Weiz;617;90343;0;242;14;15,4965;0;18;0;205
06.09.2020 00:00:00;Murtal;620;72004;0;93;11;15,27693;0;1;0;79
06.09.2020 00:00:00;Bruck-Mürzzuschlag;621;98984;1;108;9;9,092379;0;4;0;88
06.09.2020 00:00:00;Hartberg-Fürstenfeld;622;90622;1;340;5;5,517424;0;39;0;294
06.09.2020 00:00:00;Südoststeiermark;623;85947;0;75;2;2,327015;0;2;0;69
06.09.2020 00:00:00;Innsbruck-Stadt;701;132110;14;774;91;68,88199;0;6;10;661
06.09.2020 00:00:00;Imst;702;60056;1;320;9;14,98601;0;6;1;304
06.09.2020 00:00:00;Innsbruck-Land;703;179318;7;590;74;41,26747;0;13;2;485
06.09.2020 00:00:00;Kitzbühel;704;63881;0;410;11;17,21952;0;11;2;391
06.09.2020 00:00:00;Kufstein;705;109682;0;731;62;56,52705;0;35;5;632
06.09.2020 00:00:00;Landeck;706;44362;0;1031;6;13,52509;0;16;3;1012
06.09.2020 00:00:00;Lienz;707;48753;1;164;1;2,051156;0;6;0;157
06.09.2020 00:00:00;Reutte;708;32670;9;93;17;52,03551;0;1;0;72
06.09.2020 00:00:00;Schwaz;709;83873;2;466;31;36,96064;0;14;0;415
06.09.2020 00:00:00;Bludenz;801;63714;2;331;16;25,11222;0;4;0;308
06.09.2020 00:00:00;Bregenz;802;134383;4;348;25;18,60354;0;10;1;315
06.09.2020 00:00:00;Dornbirn;803;89041;5;222;35;39,30774;0;4;2;184
06.09.2020 00:00:00;Feldkirch;804;107159;7;276;22;20,53024;0;2;0;254
06.09.2020 00:00:00;Wien;900;1897491;204;9012;1210;63,76842;0;227;72;6864
07.09.2020 00:00:00;Eisenstadt(Stadt);101;14637;0;33;7;47,82401;0;0;0;26
07.09.2020 00:00:00;Rust(Stadt);102;1940;0;2;1;51,54639;0;0;0;1
07.09.2020 00:00:00;Eisenstadt-Umgebung;103;42927;2;67;17;39,60212;0;1;0;38
07.09.2020 00:00:00;Güssing;104;25797;0;37;1;3,87642;0;0;0;39
07.09.2020 00:00:00;Jennersdorf;105;17066;0;13;0;0;0;0;0;11
07.09.2020 00:00:00;Mattersburg;106;39925;0;108;16;40,07514;0;1;2;86
07.09.2020 00:00:00;Neusiedl am See;107;59552;1;92;7;11,75443;0;4;0;75
07.09.2020 00:00:00;Oberpullendorf;108;37513;0;35;2;5,331485;0;1;0;30
07.09.2020 00:00:00;Oberwart;109;54076;0;164;2;3,698498;0;4;1;158
07.09.2020 00:00:00;Klagenfurt Stadt;201;100817;0;169;1;0,9918962;0;3;0;160
07.09.2020 00:00:00;Villach Stadt;202;62243;0;57;2;3,213213;0;0;1;55
07.09.2020 00:00:00;Hermagor;203;18224;0;5;0;0;0;0;0;5
07.09.2020 00:00:00;Klagenfurt Land;204;59800;0;70;1;1,672241;0;2;0;66
07.09.2020 00:00:00;Sankt Veit an der Glan;205;54555;0;60;1;1,833013;0;0;0;59
07.09.2020 00:00:00;Spittal an der Drau;206;76091;0;62;0;0;0;1;0;61
07.09.2020 00:00:00;Villach Land;207;64668;1;79;3;4,63908;0;2;0;74
07.09.2020 00:00:00;Völkermarkt;208;41878;2;64;6;14,32733;0;4;0;54
07.09.2020 00:00:00;Wolfsberg;209;52726;0;72;5;9,482987;0;1;1;66
07.09.2020 00:00:00;Feldkirchen;210;29937;1;28;1;3,340348;0;0;0;23
07.09.2020 00:00:00;Krems an der Donau(Stadt);301;24876;0;50;3;12,05982;0;4;0;43
07.09.2020 00:00:00;Sankt Pölten(Stadt);302;55044;3;144;11;19,98401;0;4;2;123
07.09.2020 00:00:00;Waidhofen an der Ybbs(Stadt);303;11261;0;26;0;0;0;3;0;23
07.09.2020 00:00:00;Wiener Neustadt(Stadt);304;45277;6;147;24;53,00705;0;0;8;118
07.09.2020 00:00:00;Amstetten;305;116114;4;350;7;6,028558;0;16;1;324
07.09.2020 00:00:00;Baden;306;146203;7;365;44;30,09514;0;4;4;305
07.09.2020 00:00:00;Bruck an der Leitha;307;102010;3;231;20;19,60592;0;5;0;196
07.09.2020 00:00:00;Gänserndorf;308;103686;1;226;29;27,96906;0;5;9;187
07.09.2020 00:00:00;Gmünd;309;36773;0;18;1;2,719387;0;0;0;17
07.09.2020 00:00:00;Hollabrunn;310;50858;0;59;5;9,831295;0;0;2;54
07.09.2020 00:00:00;Horn;311;31090;0;99;0;0;0;5;0;94
07.09.2020 00:00:00;Korneuburg;312;90889;2;278;39;42,90948;0;5;0;230
07.09.2020 00:00:00;Krems(Land);313;56596;0;194;3;5,300728;0;8;0;183
07.09.2020 00:00:00;Lilienfeld;314;25812;1;64;6;23,245;0;5;0;51
07.09.2020 00:00:00;Melk;315;77962;0;203;1;1,282676;0;4;0;198
07.09.2020 00:00:00;Mistelbach;316;75483;0;194;22;29,14564;0;7;1;165
07.09.2020 00:00:00;Mödling;317;118998;4;334;35;29,41226;0;7;3;278
07.09.2020 00:00:00;Neunkirchen;318;86291;5;282;27;31,28947;0;7;3;246
07.09.2020 00:00:00;Sankt Pölten(Land);319;131044;5;372;16;12,20964;0;11;1;336
07.09.2020 00:00:00;Scheibbs;320;41403;0;110;0;0;0;1;0;109
07.09.2020 00:00:00;Tulln;321;103771;0;256;11;10,60026;0;6;2;235
07.09.2020 00:00:00;Waidhofen an der Thaya;322;25888;0;82;0;0;0;2;0;77
07.09.2020 00:00:00;Wiener Neustadt(Land);323;77991;2;171;25;32,05498;0;6;1;137
07.09.2020 00:00:00;Zwettl;325;42222;1;89;4;9,473734;0;2;0;83
07.09.2020 00:00:00;Linz(Stadt);401;205726;3;964;28;13,61034;0;17;2;891
07.09.2020 00:00:00;Steyr(Stadt);402;38193;4;131;15;39,27421;0;2;7;116
07.09.2020 00:00:00;Wels(Stadt);403;61727;2;269;20;32,40073;0;0;5;238
07.09.2020 00:00:00;Braunau am Inn;404;104408;1;237;9;8,620029;0;3;7;213
07.09.2020 00:00:00;Eferding;405;33156;0;104;0;0;0;6;0;98
07.09.2020 00:00:00;Freistadt;406;66621;4;201;41;61,54216;0;6;6;151
07.09.2020 00:00:00;Gmunden;407;101631;0;202;15;14,75928;0;2;1;184
07.09.2020 00:00:00;Grieskirchen;408;64721;1;124;10;15,45094;0;1;0;107
07.09.2020 00:00:00;Kirchdorf an der Krems;409;56866;2;116;19;33,41188;0;1;1;91
07.09.2020 00:00:00;Linz-Land;410;150273;4;704;27;17,9673;0;9;10;641
07.09.2020 00:00:00;Perg;411;68459;0;399;3;4,382185;0;3;0;389
07.09.2020 00:00:00;Ried im Innkreis;412;61204;0;109;4;6,535521;0;0;1;100
07.09.2020 00:00:00;Rohrbach;413;56524;0;214;7;12,38412;0;0;1;204
07.09.2020 00:00:00;Schärding;414;57307;0;75;7;12,21491;0;1;0;67
07.09.2020 00:00:00;Steyr-Land;415;60427;2;249;18;29,78801;0;7;0;224
07.09.2020 00:00:00;Urfahr-Umgebung;416;85505;0;367;2;2,339045;0;5;0;358
07.09.2020 00:00:00;Vöcklabruck;417;136253;1;264;17;12,47679;0;4;10;238
07.09.2020 00:00:00;Wels-Land;418;73094;0;204;9;12,31291;0;1;4;185
07.09.2020 00:00:00;Salzburg(Stadt);501;154211;5;339;38;24,64156;0;1;12;297
07.09.2020 00:00:00;Hallein;502;60374;0;113;9;14,90708;0;1;1;103
07.09.2020 00:00:00;Salzburg-Umgebung;503;152281;0;360;7;4,596765;0;11;0;341
07.09.2020 00:00:00;Sankt Johann im Pongau;504;80573;6;496;11;13,65222;0;16;2;465
07.09.2020 00:00:00;Tamsweg;505;20320;0;29;0;0;0;1;0;28
07.09.2020 00:00:00;Zell am See;506;87462;0;409;6;6,860122;0;9;6;393
07.09.2020 00:00:00;Graz(Stadt);601;288806;6;883;94;32,5478;0;43;4;729
07.09.2020 00:00:00;Deutschlandsberg;603;60821;0;65;4;6,576676;0;2;1;58
07.09.2020 00:00:00;Graz-Umgebung;606;154260;3;331;15;9,723843;0;35;6;275
07.09.2020 00:00:00;Leibnitz;610;82484;0;207;6;7,274138;0;4;1;197
07.09.2020 00:00:00;Leoben;611;60060;0;59;5;8,325008;0;3;0;51
07.09.2020 00:00:00;Liezen;612;79901;0;129;1;1,251549;0;1;6;120
07.09.2020 00:00:00;Murau;614;27659;0;12;0;0;0;0;0;12
07.09.2020 00:00:00;Voitsberg;616;51161;0;115;1;1,954614;0;5;1;109
07.09.2020 00:00:00;Weiz;617;90343;1;243;15;16,60339;0;18;1;206
07.09.2020 00:00:00;Murtal;620;72004;0;93;11;15,27693;0;1;0;79
07.09.2020 00:00:00;Bruck-Mürzzuschlag;621;98984;0;108;9;9,092379;0;4;3;91
07.09.2020 00:00:00;Hartberg-Fürstenfeld;622;90622;1;341;6;6,620909;0;39;1;295
07.09.2020 00:00:00;Südoststeiermark;623;85947;0;75;2;2,327015;0;2;0;69
07.09.2020 00:00:00;Innsbruck-Stadt;701;132110;23;797;106;80,23617;0;6;9;670
07.09.2020 00:00:00;Imst;702;60056;7;327;16;26,6418;0;6;0;304
07.09.2020 00:00:00;Innsbruck-Land;703;179318;10;600;79;44,05581;0;13;6;491
07.09.2020 00:00:00;Kitzbühel;704;63881;0;410;10;15,65411;0;11;2;393
07.09.2020 00:00:00;Kufstein;705;109682;9;740;67;61,08569;0;35;12;644
07.09.2020 00:00:00;Landeck;706;44362;1;1032;7;15,77927;0;16;0;1012
07.09.2020 00:00:00;Lienz;707;48753;0;164;1;2,051156;0;6;0;157
07.09.2020 00:00:00;Reutte;708;32670;2;95;19;58,15733;0;1;7;79
07.09.2020 00:00:00;Schwaz;709;83873;4;470;34;40,53748;0;14;6;421
07.09.2020 00:00:00;Bludenz;801;63714;2;333;17;26,68173;0;4;0;308
07.09.2020 00:00:00;Bregenz;802;134383;5;353;26;19,34768;0;10;0;315
07.09.2020 00:00:00;Dornbirn;803;89041;11;233;41;46,0462;0;4;2;186
07.09.2020 00:00:00;Feldkirch;804;107159;8;284;29;27,06259;0;2;0;254
07.09.2020 00:00:00;Wien;900;1897491;217;9229;1314;69,24934;0;227;124;6988
08.09.2020 00:00:00;Eisenstadt(Stadt);101;14637;1;34;8;54,65601;0;0;0;26
08.09.2020 00:00:00;Rust(Stadt);102;1940;1;3;2;103,0928;0;0;0;1
08.09.2020 00:00:00;Eisenstadt-Umgebung;103;42927;1;68;15;34,94304;0;1;1;39
08.09.2020 00:00:00;Güssing;104;25797;1;38;2;7,75284;0;0;0;39
08.09.2020 00:00:00;Jennersdorf;105;17066;1;14;1;5,859604;0;0;2;13
08.09.2020 00:00:00;Mattersburg;106;39925;2;110;16;40,07514;0;1;1;87
08.09.2020 00:00:00;Neusiedl am See;107;59552;1;93;7;11,75443;0;4;1;76
08.09.2020 00:00:00;Oberpullendorf;108;37513;0;35;2;5,331485;0;1;0;30
08.09.2020 00:00:00;Oberwart;109;54076;1;165;3;5,547748;0;4;0;158
08.09.2020 00:00:00;Klagenfurt Stadt;201;100817;0;169;1;0,9918962;0;3;1;161
08.09.2020 00:00:00;Villach Stadt;202;62243;2;59;4;6,426425;0;0;0;55
08.09.2020 00:00:00;Hermagor;203;18224;0;5;0;0;0;0;0;5
08.09.2020 00:00:00;Klagenfurt Land;204;59800;0;70;0;0;0;2;0;66
08.09.2020 00:00:00;Sankt Veit an der Glan;205;54555;0;60;1;1,833013;0;0;0;59
08.09.2020 00:00:00;Spittal an der Drau;206;76091;0;62;0;0;0;1;0;61
08.09.2020 00:00:00;Villach Land;207;64668;0;79;3;4,63908;0;2;0;74
08.09.2020 00:00:00;Völkermarkt;208;41878;2;66;8;19,10311;0;4;0;54
08.09.2020 00:00:00;Wolfsberg;209;52726;0;72;4;7,58639;0;1;1;67
08.09.2020 00:00:00;Feldkirchen;210;29937;0;28;1;3,340348;0;0;0;23
08.09.2020 00:00:00;Krems an der Donau(Stadt);301;24876;0;50;3;12,05982;0;4;0;43
08.09.2020 00:00:00;Sankt Pölten(Stadt);302;55044;5;149;16;29,06766;0;4;2;125
08.09.2020 00:00:00;Waidhofen an der Ybbs(Stadt);303;11261;0;26;0;0;0;3;0;23
08.09.2020 00:00:00;Wiener Neustadt(Stadt);304;45277;2;149;22;48,58979;0;0;2;120
08.09.2020 00:00:00;Amstetten;305;116114;1;351;7;6,028558;0;16;3;327
08.09.2020 00:00:00;Baden;306;146203;7;372;47;32,14708;0;4;3;308
08.09.2020 00:00:00;Bruck an der Leitha;307;102010;6;237;23;22,54681;0;5;4;200
08.09.2020 00:00:00;Gänserndorf;308;103686;1;227;29;27,96906;0;5;5;192
08.09.2020 00:00:00;Gmünd;309;36773;0;18;1;2,719387;0;0;0;17
08.09.2020 00:00:00;Hollabrunn;310;50858;1;60;6;11,79755;0;0;0;54
08.09.2020 00:00:00;Horn;311;31090;0;99;0;0;0;5;0;94
08.09.2020 00:00:00;Korneuburg;312;90889;3;281;39;42,90948;0;5;4;234
08.09.2020 00:00:00;Krems(Land);313;56596;2;196;4;7,067637;0;8;0;183
08.09.2020 00:00:00;Lilienfeld;314;25812;0;64;5;19,37083;0;5;1;52
08.09.2020 00:00:00;Melk;315;77962;1;204;2;2,565352;0;4;0;198
08.09.2020 00:00:00;Mistelbach;316;75483;4;198;26;34,44484;0;7;0;165
08.09.2020 00:00:00;Mödling;317;118998;5;339;40;33,61401;0;7;2;280
08.09.2020 00:00:00;Neunkirchen;318;86291;8;290;29;33,60721;0;7;2;248
08.09.2020 00:00:00;Sankt Pölten(Land);319;131044;4;376;19;14,49895;0;11;6;342
08.09.2020 00:00:00;Scheibbs;320;41403;0;110;0;0;0;1;0;109
08.09.2020 00:00:00;Tulln;321;103771;7;263;17;16,38223;0;6;1;236
08.09.2020 00:00:00;Waidhofen an der Thaya;322;25888;0;82;0;0;0;2;3;80
08.09.2020 00:00:00;Wiener Neustadt(Land);323;77991;0;171;22;28,20838;0;6;2;139
08.09.2020 00:00:00;Zwettl;325;42222;0;89;4;9,473734;0;2;0;83
08.09.2020 00:00:00;Linz(Stadt);401;205726;7;971;34;16,52684;0;17;14;905
08.09.2020 00:00:00;Steyr(Stadt);402;38193;2;133;13;34,03765;0;2;1;117
08.09.2020 00:00:00;Wels(Stadt);403;61727;5;274;25;40,50092;0;0;8;246
08.09.2020 00:00:00;Braunau am Inn;404;104408;3;240;12;11,49337;0;3;4;217
08.09.2020 00:00:00;Eferding;405;33156;1;105;1;3,016045;0;6;0;98
08.09.2020 00:00:00;Freistadt;406;66621;14;215;54;81,05553;0;6;4;155
08.09.2020 00:00:00;Gmunden;407;101631;0;202;14;13,77532;0;2;0;184
08.09.2020 00:00:00;Grieskirchen;408;64721;1;125;11;16,99603;0;1;3;110
08.09.2020 00:00:00;Kirchdorf an der Krems;409;56866;2;118;21;36,92892;0;1;1;92
08.09.2020 00:00:00;Linz-Land;410;150273;5;709;32;21,29458;0;9;6;647
08.09.2020 00:00:00;Perg;411;68459;0;399;1;1,460728;0;3;2;391
08.09.2020 00:00:00;Ried im Innkreis;412;61204;0;109;3;4,90164;0;0;4;104
08.09.2020 00:00:00;Rohrbach;413;56524;0;214;7;12,38412;0;0;1;205
08.09.2020 00:00:00;Schärding;414;57307;3;78;9;15,70489;0;1;0;67
08.09.2020 00:00:00;Steyr-Land;415;60427;3;252;20;33,09779;0;7;1;225
08.09.2020 00:00:00;Urfahr-Umgebung;416;85505;9;376;11;12,86475;0;5;1;359
08.09.2020 00:00:00;Vöcklabruck;417;136253;14;278;31;22,75179;0;4;1;239
08.09.2020 00:00:00;Wels-Land;418;73094;3;207;10;13,68101;0;1;1;186
08.09.2020 00:00:00;Salzburg(Stadt);501;154211;2;341;34;22,04771;0;1;1;298
08.09.2020 00:00:00;Hallein;502;60374;0;113;8;13,25074;0;1;0;103
08.09.2020 00:00:00;Salzburg-Umgebung;503;152281;1;361;7;4,596765;0;11;0;341
08.09.2020 00:00:00;Sankt Johann im Pongau;504;80573;0;496;9;11,17;0;16;1;466
08.09.2020 00:00:00;Tamsweg;505;20320;0;29;0;0;0;1;0;28
08.09.2020 00:00:00;Zell am See;506;87462;5;414;11;12,57689;0;9;0;393
08.09.2020 00:00:00;Graz(Stadt);601;288806;16;899;96;33,24031;0;43;13;742
08.09.2020 00:00:00;Deutschlandsberg;603;60821;1;66;5;8,220845;0;2;1;59
08.09.2020 00:00:00;Graz-Umgebung;606;154260;5;336;19;12,31687;0;35;0;275
08.09.2020 00:00:00;Leibnitz;610;82484;1;208;7;8,486494;0;4;0;197
08.09.2020 00:00:00;Leoben;611;60060;0;59;4;6,660007;0;3;0;51
08.09.2020 00:00:00;Liezen;612;79901;1;130;2;2,503098;0;1;0;120
08.09.2020 00:00:00;Murau;614;27659;1;13;1;3,61546;0;0;0;12
08.09.2020 00:00:00;Voitsberg;616;51161;1;116;1;1,954614;0;5;0;109
08.09.2020 00:00:00;Weiz;617;90343;2;245;13;14,3896;0;18;1;207
08.09.2020 00:00:00;Murtal;620;72004;1;94;9;12,49931;0;1;1;80
08.09.2020 00:00:00;Bruck-Mürzzuschlag;621;98984;1;109;9;9,092379;0;4;0;91
08.09.2020 00:00:00;Hartberg-Fürstenfeld;622;90622;0;341;6;6,620909;0;39;0;295
08.09.2020 00:00:00;Südoststeiermark;623;85947;1;76;3;3,490523;0;2;1;70
08.09.2020 00:00:00;Innsbruck-Stadt;701;132110;21;818;113;85,53478;0;6;9;679
08.09.2020 00:00:00;Imst;702;60056;5;332;19;31,63714;0;6;0;304
08.09.2020 00:00:00;Innsbruck-Land;703;179318;14;614;85;47,40182;0;13;9;500
08.09.2020 00:00:00;Kitzbühel;704;63881;3;413;12;18,78493;0;11;1;394
08.09.2020 00:00:00;Kufstein;705;109682;20;760;86;78,40849;0;35;11;655
08.09.2020 00:00:00;Landeck;706;44362;2;1034;6;13,52509;0;16;0;1012
08.09.2020 00:00:00;Lienz;707;48753;0;164;1;2,051156;0;6;0;157
08.09.2020 00:00:00;Reutte;708;32670;0;95;14;42,85277;0;1;0;79
08.09.2020 00:00:00;Schwaz;709;83873;12;482;42;50,07571;0;14;0;421
08.09.2020 00:00:00;Bludenz;801;63714;7;340;22;34,5293;0;4;1;309
08.09.2020 00:00:00;Bregenz;802;134383;5;358;28;20,83597;0;10;5;320
08.09.2020 00:00:00;Dornbirn;803;89041;4;237;40;44,92313;0;4;2;188
08.09.2020 00:00:00;Feldkirch;804;107159;4;288;32;29,86217;0;2;0;254
08.09.2020 00:00:00;Wien;900;1897491;273;9502;1501;79,10446;1;228;155;7143
09.09.2020 00:00:00;Eisenstadt(Stadt);101;14637;0;34;8;54,65601;0;0;0;26
09.09.2020 00:00:00;Rust(Stadt);102;1940;0;3;2;103,0928;0;0;0;1
09.09.2020 00:00:00;Eisenstadt-Umgebung;103;42927;2;70;16;37,27258;0;1;6;45
09.09.2020 00:00:00;Güssing;104;25797;2;40;4;15,50568;0;0;0;39
09.09.2020 00:00:00;Jennersdorf;105;17066;0;14;1;5,859604;0;0;0;13
09.09.2020 00:00:00;Mattersburg;106;39925;2;112;15;37,57045;0;1;5;92
09.09.2020 00:00:00;Neusiedl am See;107;59552;2;95;9;15,11284;0;4;0;76
09.09.2020 00:00:00;Oberpullendorf;108;37513;0;35;1;2,665743;0;1;0;30
09.09.2020 00:00:00;Oberwart;109;54076;5;170;8;14,79399;0;4;0;158
09.09.2020 00:00:00;Klagenfurt Stadt;201;100817;2;171;3;2,975689;0;3;0;161
09.09.2020 00:00:00;Villach Stadt;202;62243;0;59;4;6,426425;0;0;0;55
09.09.2020 00:00:00;Hermagor;203;18224;0;5;0;0;0;0;0;5
09.09.2020 00:00:00;Klagenfurt Land;204;59800;2;72;2;3,344482;0;2;0;66
09.09.2020 00:00:00;Sankt Veit an der Glan;205;54555;0;60;0;0;0;0;0;59
09.09.2020 00:00:00;Spittal an der Drau;206;76091;0;62;0;0;0;1;0;61
09.09.2020 00:00:00;Villach Land;207;64668;0;79;3;4,63908;0;2;0;74
09.09.2020 00:00:00;Völkermarkt;208;41878;1;67;9;21,491;0;4;0;54
09.09.2020 00:00:00;Wolfsberg;209;52726;0;72;3;5,689793;0;1;0;67
09.09.2020 00:00:00;Feldkirchen;210;29937;0;28;1;3,340348;0;0;0;23
09.09.2020 00:00:00;Krems an der Donau(Stadt);301;24876;2;52;5;20,0997;0;4;0;43
09.09.2020 00:00:00;Sankt Pölten(Stadt);302;55044;3;152;18;32,70111;0;4;2;127
09.09.2020 00:00:00;Waidhofen an der Ybbs(Stadt);303;11261;0;26;0;0;0;3;0;23
09.09.2020 00:00:00;Wiener Neustadt(Stadt);304;45277;3;152;24;53,00705;0;0;0;120
09.09.2020 00:00:00;Amstetten;305;116114;1;352;8;6,889781;0;16;0;327
09.09.2020 00:00:00;Baden;306;146203;13;385;58;39,67087;0;4;5;313
09.09.2020 00:00:00;Bruck an der Leitha;307;102010;7;244;30;29,40888;0;5;3;203
09.09.2020 00:00:00;Gänserndorf;308;103686;9;236;35;33,75576;0;5;1;193
09.09.2020 00:00:00;Gmünd;309;36773;0;18;1;2,719387;0;0;0;17
09.09.2020 00:00:00;Hollabrunn;310;50858;0;60;5;9,831295;0;0;0;54
09.09.2020 00:00:00;Horn;311;31090;1;100;1;3,216468;0;5;0;94
09.09.2020 00:00:00;Korneuburg;312;90889;1;282;33;36,30803;0;5;6;240
09.09.2020 00:00:00;Krems(Land);313;56596;1;197;4;7,067637;0;8;0;183
09.09.2020 00:00:00;Lilienfeld;314;25812;5;69;10;38,74167;0;5;0;52
09.09.2020 00:00:00;Melk;315;77962;3;207;5;6,413381;0;4;0;198
09.09.2020 00:00:00;Mistelbach;316;75483;4;202;30;39,74405;0;7;0;165
09.09.2020 00:00:00;Mödling;317;118998;13;352;48;40,33681;0;7;3;283
09.09.2020 00:00:00;Neunkirchen;318;86291;10;300;39;45,19591;0;7;1;249
09.09.2020 00:00:00;Sankt Pölten(Land);319;131044;5;381;24;18,31446;0;11;0;342
09.09.2020 00:00:00;Scheibbs;320;41403;0;110;0;0;0;1;0;109
09.09.2020 00:00:00;Tulln;321;103771;2;265;17;16,38223;0;6;4;240
09.09.2020 00:00:00;Waidhofen an der Thaya;322;25888;1;83;1;3,862794;0;2;0;80
09.09.2020 00:00:00;Wiener Neustadt(Land);323;77991;4;175;25;32,05498;0;6;5;144
09.09.2020 00:00:00;Zwettl;325;42222;1;90;5;11,84217;0;2;0;83
09.09.2020 00:00:00;Linz(Stadt);401;205726;8;979;37;17,98509;0;17;9;914
09.09.2020 00:00:00;Steyr(Stadt);402;38193;1;134;14;36,65593;0;2;0;117
09.09.2020 00:00:00;Wels(Stadt);403;61727;3;277;25;40,50092;0;0;0;246
09.09.2020 00:00:00;Braunau am Inn;404;104408;1;241;12;11,49337;0;3;0;217
09.09.2020 00:00:00;Eferding;405;33156;0;105;1;3,016045;0;6;0;98
09.09.2020 00:00:00;Freistadt;406;66621;6;221;57;85,55861;0;6;0;155
09.09.2020 00:00:00;Gmunden;407;101631;0;202;11;10,82347;0;2;0;184
09.09.2020 00:00:00;Grieskirchen;408;64721;1;126;7;10,81565;0;1;2;112
09.09.2020 00:00:00;Kirchdorf an der Krems;409;56866;2;120;22;38,68744;0;1;1;93
09.09.2020 00:00:00;Linz-Land;410;150273;11;720;36;23,9564;0;9;13;660
09.09.2020 00:00:00;Perg;411;68459;0;399;1;1,460728;0;3;0;391
09.09.2020 00:00:00;Ried im Innkreis;412;61204;0;109;2;3,26776;0;0;0;104
09.09.2020 00:00:00;Rohrbach;413;56524;0;214;4;7,07664;0;0;2;207
09.09.2020 00:00:00;Schärding;414;57307;0;78;7;12,21491;0;1;0;67
09.09.2020 00:00:00;Steyr-Land;415;60427;2;254;22;36,40757;0;7;0;225
09.09.2020 00:00:00;Urfahr-Umgebung;416;85505;2;378;13;15,20379;0;5;0;359
09.09.2020 00:00:00;Vöcklabruck;417;136253;11;289;41;30,09108;0;4;2;241
09.09.2020 00:00:00;Wels-Land;418;73094;2;209;12;16,41722;0;1;1;187
09.09.2020 00:00:00;Salzburg(Stadt);501;154211;6;347;33;21,39925;0;1;8;306
09.09.2020 00:00:00;Hallein;502;60374;0;113;8;13,25074;0;1;0;103
09.09.2020 00:00:00;Salzburg-Umgebung;503;152281;6;367;13;8,53685;0;11;0;341
09.09.2020 00:00:00;Sankt Johann im Pongau;504;80573;1;497;9;11,17;0;16;1;467
09.09.2020 00:00:00;Tamsweg;505;20320;0;29;0;0;0;1;0;28
09.09.2020 00:00:00;Zell am See;506;87462;4;418;14;16,00695;0;9;1;394
09.09.2020 00:00:00;Graz(Stadt);601;288806;15;914;103;35,66408;0;43;13;755
09.09.2020 00:00:00;Deutschlandsberg;603;60821;2;68;7;11,50918;0;2;0;59
09.09.2020 00:00:00;Graz-Umgebung;606;154260;6;342;24;15,55815;0;35;4;279
09.09.2020 00:00:00;Leibnitz;610;82484;2;210;9;10,91121;0;4;1;198
09.09.2020 00:00:00;Leoben;611;60060;4;63;8;13,32001;0;3;0;51
09.09.2020 00:00:00;Liezen;612;79901;1;131;3;3,754646;0;1;0;120
09.09.2020 00:00:00;Murau;614;27659;1;14;2;7,230919;0;0;0;12
09.09.2020 00:00:00;Voitsberg;616;51161;1;117;2;3,909228;0;5;1;110
09.09.2020 00:00:00;Weiz;617;90343;0;245;12;13,28271;0;18;0;207
09.09.2020 00:00:00;Murtal;620;72004;0;94;9;12,49931;0;1;0;80
09.09.2020 00:00:00;Bruck-Mürzzuschlag;621;98984;2;111;8;8,082114;0;4;1;92
09.09.2020 00:00:00;Hartberg-Fürstenfeld;622;90622;0;341;6;6,620909;0;39;0;295
09.09.2020 00:00:00;Südoststeiermark;623;85947;1;77;4;4,654031;0;2;0;70
09.09.2020 00:00:00;Innsbruck-Stadt;701;132110;24;842;122;92,34729;0;6;6;685
09.09.2020 00:00:00;Imst;702;60056;4;336;23;38,29759;0;6;3;307
09.09.2020 00:00:00;Innsbruck-Land;703;179318;10;624;86;47,95949;0;13;11;511
09.09.2020 00:00:00;Kitzbühel;704;63881;2;415;13;20,35034;0;11;0;394
09.09.2020 00:00:00;Kufstein;705;109682;14;774;82;74,76158;0;35;4;659
09.09.2020 00:00:00;Landeck;706;44362;3;1037;8;18,03345;0;16;1;1013
09.09.2020 00:00:00;Lienz;707;48753;0;164;1;2,051156;0;6;0;157
09.09.2020 00:00:00;Reutte;708;32670;2;97;16;48,97459;0;1;3;82
09.09.2020 00:00:00;Schwaz;709;83873;13;495;49;58,42166;0;14;3;424
09.09.2020 00:00:00;Bludenz;801;63714;11;351;31;48,65493;0;4;1;310
09.09.2020 00:00:00;Bregenz;802;134383;3;361;30;22,32425;0;10;0;320
09.09.2020 00:00:00;Dornbirn;803;89041;9;246;46;51,66159;0;4;1;189
09.09.2020 00:00:00;Feldkirch;804;107159;5;293;36;33,59494;0;2;1;255
09.09.2020 00:00:00;Wien;900;1897491;383;9885;1746;92,01624;0;228;122;7265
10.09.2020 00:00:00;Eisenstadt(Stadt);101;14637;2;36;8;54,65601;0;0;0;26
10.09.2020 00:00:00;Rust(Stadt);102;1940;0;3;2;103,0928;0;0;0;1
10.09.2020 00:00:00;Eisenstadt-Umgebung;103;42927;2;72;18;41,93165;0;1;4;49
10.09.2020 00:00:00;Güssing;104;25797;0;40;4;15,50568;0;0;0;39
10.09.2020 00:00:00;Jennersdorf;105;17066;0;14;1;5,859604;0;0;0;13
10.09.2020 00:00:00;Mattersburg;106;39925;1;113;14;35,06575;0;1;1;93
10.09.2020 00:00:00;Neusiedl am See;107;59552;3;98;12;20,15046;0;4;3;79
10.09.2020 00:00:00;Oberpullendorf;108;37513;1;36;2;5,331485;0;1;0;30
10.09.2020 00:00:00;Oberwart;109;54076;1;171;9;16,64324;0;4;0;158
10.09.2020 00:00:00;Klagenfurt Stadt;201;100817;2;173;5;4,959481;0;3;1;162
10.09.2020 00:00:00;Villach Stadt;202;62243;2;61;5;8,033031;0;0;0;55
10.09.2020 00:00:00;Hermagor;203;18224;0;5;0;0;0;0;0;5
10.09.2020 00:00:00;Klagenfurt Land;204;59800;0;72;2;3,344482;0;2;1;67
10.09.2020 00:00:00;Sankt Veit an der Glan;205;54555;0;60;0;0;0;0;0;59
10.09.2020 00:00:00;Spittal an der Drau;206;76091;0;62;0;0;0;1;0;61
10.09.2020 00:00:00;Villach Land;207;64668;1;80;4;6,18544;0;2;0;74
10.09.2020 00:00:00;Völkermarkt;208;41878;1;68;10;23,87889;0;4;0;54
10.09.2020 00:00:00;Wolfsberg;209;52726;0;72;1;1,896598;0;1;0;67
10.09.2020 00:00:00;Feldkirchen;210;29937;0;28;1;3,340348;0;0;0;23
10.09.2020 00:00:00;Krems an der Donau(Stadt);301;24876;2;54;7;28,13957;0;4;0;43
10.09.2020 00:00:00;Sankt Pölten(Stadt);302;55044;3;155;16;29,06766;0;4;2;129
10.09.2020 00:00:00;Waidhofen an der Ybbs(Stadt);303;11261;0;26;0;0;0;3;0;23
10.09.2020 00:00:00;Wiener Neustadt(Stadt);304;45277;5;157;26;57,4243;0;0;3;123
10.09.2020 00:00:00;Amstetten;305;116114;2;354;10;8,612226;0;16;0;327
10.09.2020 00:00:00;Baden;306;146203;10;395;61;41,72281;0;4;2;315
10.09.2020 00:00:00;Bruck an der Leitha;307;102010;4;248;30;29,40888;0;5;1;204
10.09.2020 00:00:00;Gänserndorf;308;103686;6;242;37;35,68466;0;5;1;194
10.09.2020 00:00:00;Gmünd;309;36773;0;18;1;2,719387;0;0;0;17
10.09.2020 00:00:00;Hollabrunn;310;50858;2;62;5;9,831295;0;0;2;56
10.09.2020 00:00:00;Horn;311;31090;0;100;1;3,216468;0;5;0;94
10.09.2020 00:00:00;Korneuburg;312;90889;4;286;28;30,80681;0;5;6;246
10.09.2020 00:00:00;Krems(Land);313;56596;2;199;6;10,60146;0;8;2;185
10.09.2020 00:00:00;Lilienfeld;314;25812;0;69;9;34,8675;0;5;1;53
10.09.2020 00:00:00;Melk;315;77962;1;208;6;7,696057;0;4;0;198
10.09.2020 00:00:00;Mistelbach;316;75483;3;205;31;41,06885;0;7;2;167
10.09.2020 00:00:00;Mödling;317;118998;9;361;53;44,53856;0;7;5;288
10.09.2020 00:00:00;Neunkirchen;318;86291;4;304;35;40,56043;0;7;5;254
10.09.2020 00:00:00;Sankt Pölten(Land);319;131044;4;385;25;19,07756;0;11;1;343
10.09.2020 00:00:00;Scheibbs;320;41403;0;110;0;0;0;1;0;109
10.09.2020 00:00:00;Tulln;321;103771;1;266;14;13,49125;0;6;3;243
10.09.2020 00:00:00;Waidhofen an der Thaya;322;25888;0;83;1;3,862794;0;2;0;80
10.09.2020 00:00:00;Wiener Neustadt(Land);323;77991;7;182;23;29,49058;0;6;5;149
10.09.2020 00:00:00;Zwettl;325;42222;1;91;6;14,2106;0;2;0;83
10.09.2020 00:00:00;Linz(Stadt);401;205726;7;986;39;18,95725;0;17;4;918
10.09.2020 00:00:00;Steyr(Stadt);402;38193;3;137;17;44,51077;0;2;1;118
10.09.2020 00:00:00;Wels(Stadt);403;61727;7;284;32;51,84117;0;0;0;246
10.09.2020 00:00:00;Braunau am Inn;404;104408;5;246;17;16,28228;0;3;3;220
10.09.2020 00:00:00;Eferding;405;33156;5;110;6;18,09627;0;6;0;98
10.09.2020 00:00:00;Freistadt;406;66621;6;227;57;85,55861;0;6;2;157
10.09.2020 00:00:00;Gmunden;407;101631;0;202;9;8,855566;0;2;7;191
10.09.2020 00:00:00;Grieskirchen;408;64721;0;126;5;7,725468;0;1;0;112
10.09.2020 00:00:00;Kirchdorf an der Krems;409;56866;1;121;21;36,92892;0;1;0;93
10.09.2020 00:00:00;Linz-Land;410;150273;3;723;35;23,29094;0;9;6;666
10.09.2020 00:00:00;Perg;411;68459;4;403;5;7,303642;0;3;0;391
10.09.2020 00:00:00;Ried im Innkreis;412;61204;1;110;1;1,63388;0;0;1;105
10.09.2020 00:00:00;Rohrbach;413;56524;1;215;5;8,8458;0;0;0;207
10.09.2020 00:00:00;Schärding;414;57307;0;78;7;12,21491;0;1;0;67
10.09.2020 00:00:00;Steyr-Land;415;60427;1;255;22;36,40757;0;7;1;226
10.09.2020 00:00:00;Urfahr-Umgebung;416;85505;2;380;15;17,54283;0;5;1;360
10.09.2020 00:00:00;Vöcklabruck;417;136253;4;293;45;33,02679;0;4;0;241
10.09.2020 00:00:00;Wels-Land;418;73094;3;212;11;15,04912;0;1;2;189
10.09.2020 00:00:00;Salzburg(Stadt);501;154211;6;353;36;23,34464;0;1;5;311
10.09.2020 00:00:00;Hallein;502;60374;3;116;8;13,25074;0;1;0;103
10.09.2020 00:00:00;Salzburg-Umgebung;503;152281;5;372;18;11,82025;0;11;2;343
10.09.2020 00:00:00;Sankt Johann im Pongau;504;80573;1;498;10;12,41111;0;16;0;467
10.09.2020 00:00:00;Tamsweg;505;20320;0;29;0;0;0;1;0;28
10.09.2020 00:00:00;Zell am See;506;87462;2;420;16;18,29366;0;9;0;394
10.09.2020 00:00:00;Graz(Stadt);601;288806;28;942;94;32,5478;0;43;6;761
10.09.2020 00:00:00;Deutschlandsberg;603;60821;2;70;9;14,79752;0;2;0;59
10.09.2020 00:00:00;Graz-Umgebung;606;154260;3;345;24;15,55815;0;35;1;280
10.09.2020 00:00:00;Leibnitz;610;82484;4;214;12;14,54828;0;4;0;198
10.09.2020 00:00:00;Leoben;611;60060;2;65;9;14,98501;0;3;0;51
10.09.2020 00:00:00;Liezen;612;79901;2;133;4;5,006195;0;1;0;120
10.09.2020 00:00:00;Murau;614;27659;0;14;2;7,230919;0;0;0;12
10.09.2020 00:00:00;Voitsberg;616;51161;0;117;2;3,909228;0;5;0;110
10.09.2020 00:00:00;Weiz;617;90343;1;246;9;9,962033;0;18;4;211
10.09.2020 00:00:00;Murtal;620;72004;0;94;6;8,33287;0;1;1;81
10.09.2020 00:00:00;Bruck-Mürzzuschlag;621;98984;1;112;9;9,092379;0;4;1;93
10.09.2020 00:00:00;Hartberg-Fürstenfeld;622;90622;4;345;10;11,03485;0;39;0;295
10.09.2020 00:00:00;Südoststeiermark;623;85947;1;78;5;5,817539;0;2;0;70
10.09.2020 00:00:00;Innsbruck-Stadt;701;132110;26;868;133;100,6737;0;6;16;701
10.09.2020 00:00:00;Imst;702;60056;3;339;25;41,62782;0;6;3;310
10.09.2020 00:00:00;Innsbruck-Land;703;179318;15;639;77;42,94048;0;13;6;517
10.09.2020 00:00:00;Kitzbühel;704;63881;2;417;13;20,35034;0;11;0;394
10.09.2020 00:00:00;Kufstein;705;109682;13;787;79;72,02641;0;35;7;666
10.09.2020 00:00:00;Landeck;706;44362;0;1037;7;15,77927;0;16;1;1014
10.09.2020 00:00:00;Lienz;707;48753;0;164;1;2,051156;0;6;0;157
10.09.2020 00:00:00;Reutte;708;32670;0;97;16;48,97459;0;1;0;82
10.09.2020 00:00:00;Schwaz;709;83873;10;505;56;66,76762;0;14;3;427
10.09.2020 00:00:00;Bludenz;801;63714;8;359;39;61,21104;0;4;1;311
10.09.2020 00:00:00;Bregenz;802;134383;11;372;38;28,27739;0;10;2;322
10.09.2020 00:00:00;Dornbirn;803;89041;16;262;61;68,50777;0;4;1;190
10.09.2020 00:00:00;Feldkirch;804;107159;10;303;44;41,06048;0;2;2;257
10.09.2020 00:00:00;Wien;900;1897491;282;10167;1822;96,02154;4;232;80;7345
11.09.2020 00:00:00;Eisenstadt(Stadt);101;14637;0;36;8;54,65601;0;0;0;26
11.09.2020 00:00:00;Rust(Stadt);102;1940;0;3;2;103,0928;0;0;0;1
11.09.2020 00:00:00;Eisenstadt-Umgebung;103;42927;2;74;18;41,93165;0;1;3;52
11.09.2020 00:00:00;Güssing;104;25797;0;40;3;11,62926;0;0;0;39
11.09.2020 00:00:00;Jennersdorf;105;17066;0;14;1;5,859604;0;0;0;13
11.09.2020 00:00:00;Mattersburg;106;39925;1;114;10;25,04696;0;1;5;98
11.09.2020 00:00:00;Neusiedl am See;107;59552;3;101;14;23,50887;0;4;0;79
11.09.2020 00:00:00;Oberpullendorf;108;37513;0;36;1;2,665743;0;1;1;31
11.09.2020 00:00:00;Oberwart;109;54076;2;173;10;18,49249;0;4;0;158
11.09.2020 00:00:00;Klagenfurt Stadt;201;100817;1;174;5;4,959481;0;3;1;163
11.09.2020 00:00:00;Villach Stadt;202;62243;0;61;5;8,033031;0;0;0;55
11.09.2020 00:00:00;Hermagor;203;18224;0;5;0;0;0;0;0;5
11.09.2020 00:00:00;Klagenfurt Land;204;59800;1;73;3;5,016722;0;2;0;67
11.09.2020 00:00:00;Sankt Veit an der Glan;205;54555;0;60;0;0;0;0;0;59
11.09.2020 00:00:00;Spittal an der Drau;206;76091;1;63;1;1,314216;0;1;0;61
11.09.2020 00:00:00;Villach Land;207;64668;0;80;4;6,18544;0;2;0;74
11.09.2020 00:00:00;Völkermarkt;208;41878;0;68;10;23,87889;0;4;0;54
11.09.2020 00:00:00;Wolfsberg;209;52726;1;73;1;1,896598;0;1;1;68
11.09.2020 00:00:00;Feldkirchen;210;29937;1;29;2;6,680696;0;0;0;23
11.09.2020 00:00:00;Krems an der Donau(Stadt);301;24876;2;56;7;28,13957;0;4;0;43
11.09.2020 00:00:00;Sankt Pölten(Stadt);302;55044;4;159;20;36,33457;0;4;2;131
11.09.2020 00:00:00;Waidhofen an der Ybbs(Stadt);303;11261;0;26;0;0;0;3;0;23
11.09.2020 00:00:00;Wiener Neustadt(Stadt);304;45277;8;165;32;70,67606;0;0;3;126
11.09.2020 00:00:00;Amstetten;305;116114;1;355;11;9,473449;0;16;0;327
11.09.2020 00:00:00;Baden;306;146203;24;419;80;54,71844;0;4;2;317
11.09.2020 00:00:00;Bruck an der Leitha;307;102010;7;255;36;35,29066;0;5;2;206
11.09.2020 00:00:00;Gänserndorf;308;103686;4;246;37;35,68466;0;5;1;195
11.09.2020 00:00:00;Gmünd;309;36773;1;19;2;5,438773;0;0;0;17
11.09.2020 00:00:00;Hollabrunn;310;50858;2;64;6;11,79755;0;0;0;56
11.09.2020 00:00:00;Horn;311;31090;2;102;3;9,649405;0;5;0;94
11.09.2020 00:00:00;Korneuburg;312;90889;5;291;30;33,00729;0;5;5;251
11.09.2020 00:00:00;Krems(Land);313;56596;4;203;9;15,90218;0;8;0;185
11.09.2020 00:00:00;Lilienfeld;314;25812;9;78;17;65,86084;0;5;2;55
11.09.2020 00:00:00;Melk;315;77962;2;210;8;10,26141;0;4;0;198
11.09.2020 00:00:00;Mistelbach;316;75483;3;208;29;38,41925;0;7;2;169
11.09.2020 00:00:00;Mödling;317;118998;17;378;66;55,46312;0;7;1;289
11.09.2020 00:00:00;Neunkirchen;318;86291;13;317;45;52,14912;1;8;5;259
11.09.2020 00:00:00;Sankt Pölten(Land);319;131044;3;388;26;19,84066;0;11;0;343
11.09.2020 00:00:00;Scheibbs;320;41403;0;110;0;0;0;1;0;109
11.09.2020 00:00:00;Tulln;321;103771;2;268;16;15,41857;0;6;3;246
11.09.2020 00:00:00;Waidhofen an der Thaya;322;25888;0;83;1;3,862794;0;2;0;80
11.09.2020 00:00:00;Wiener Neustadt(Land);323;77991;13;195;34;43,59477;0;6;2;151
11.09.2020 00:00:00;Zwettl;325;42222;5;96;11;26,05277;0;2;0;83
11.09.2020 00:00:00;Linz(Stadt);401;205726;16;1002;49;23,81809;0;17;6;924
11.09.2020 00:00:00;Steyr(Stadt);402;38193;5;142;20;52,36562;0;2;0;118
11.09.2020 00:00:00;Wels(Stadt);403;61727;3;287;32;51,84117;0;0;2;248
11.09.2020 00:00:00;Braunau am Inn;404;104408;5;251;19;18,19784;0;3;2;222
11.09.2020 00:00:00;Eferding;405;33156;0;110;6;18,09627;0;6;0;98
11.09.2020 00:00:00;Freistadt;406;66621;0;227;51;76,55244;0;6;0;157
11.09.2020 00:00:00;Gmunden;407;101631;6;208;14;13,77532;0;2;0;191
11.09.2020 00:00:00;Grieskirchen;408;64721;1;127;5;7,725468;0;1;2;114
11.09.2020 00:00:00;Kirchdorf an der Krems;409;56866;1;122;20;35,1704;1;2;0;93
11.09.2020 00:00:00;Linz-Land;410;150273;20;743;51;33,93823;0;9;2;668
11.09.2020 00:00:00;Perg;411;68459;2;405;7;10,2251;0;3;2;393
11.09.2020 00:00:00;Ried im Innkreis;412;61204;2;112;3;4,90164;0;0;2;107
11.09.2020 00:00:00;Rohrbach;413;56524;0;215;2;3,53832;0;0;2;209
11.09.2020 00:00:00;Schärding;414;57307;1;79;8;13,9599;0;1;0;67
11.09.2020 00:00:00;Steyr-Land;415;60427;1;256;21;34,75268;0;7;5;231
11.09.2020 00:00:00;Urfahr-Umgebung;416;85505;2;382;17;19,88188;0;5;1;361
11.09.2020 00:00:00;Vöcklabruck;417;136253;15;308;58;42,56787;0;4;1;242
11.09.2020 00:00:00;Wels-Land;418;73094;2;214;12;16,41722;0;1;3;192
11.09.2020 00:00:00;Salzburg(Stadt);501;154211;17;370;51;33,07157;0;1;5;316
11.09.2020 00:00:00;Hallein;502;60374;1;117;9;14,90708;0;1;3;106
11.09.2020 00:00:00;Salzburg-Umgebung;503;152281;0;372;18;11,82025;0;11;1;344
11.09.2020 00:00:00;Sankt Johann im Pongau;504;80573;2;500;12;14,89333;0;16;2;469
11.09.2020 00:00:00;Tamsweg;505;20320;0;29;0;0;0;1;0;28
11.09.2020 00:00:00;Zell am See;506;87462;3;423;17;19,43701;0;9;1;395
11.09.2020 00:00:00;Graz(Stadt);601;288806;18;960;104;36,01033;0;43;20;781
11.09.2020 00:00:00;Deutschlandsberg;603;60821;4;74;12;19,73003;0;2;1;60
11.09.2020 00:00:00;Graz-Umgebung;606;154260;9;354;31;20,09594;0;35;3;283
11.09.2020 00:00:00;Leibnitz;610;82484;2;216;12;14,54828;0;4;1;199
11.09.2020 00:00:00;Leoben;611;60060;0;65;9;14,98501;0;3;0;51
11.09.2020 00:00:00;Liezen;612;79901;2;135;6;7,509293;0;1;1;121
11.09.2020 00:00:00;Murau;614;27659;4;18;6;21,69276;0;0;0;12
11.09.2020 00:00:00;Voitsberg;616;51161;2;119;4;7,818456;0;5;0;110
11.09.2020 00:00:00;Weiz;617;90343;0;246;5;5,534463;0;18;2;213
11.09.2020 00:00:00;Murtal;620;72004;0;94;6;8,33287;0;1;2;83
11.09.2020 00:00:00;Bruck-Mürzzuschlag;621;98984;1;113;8;8,082114;0;4;1;94
11.09.2020 00:00:00;Hartberg-Fürstenfeld;622;90622;2;347;10;11,03485;0;39;0;295
11.09.2020 00:00:00;Südoststeiermark;623;85947;2;80;6;6,981047;0;2;1;71
11.09.2020 00:00:00;Innsbruck-Stadt;701;132110;30;898;151;114,2987;0;6;13;714
11.09.2020 00:00:00;Imst;702;60056;22;361;42;69,93473;0;6;0;310
11.09.2020 00:00:00;Innsbruck-Land;703;179318;21;660;87;48,51716;0;13;11;528
11.09.2020 00:00:00;Kitzbühel;704;63881;2;419;14;21,91575;0;11;2;396
11.09.2020 00:00:00;Kufstein;705;109682;17;804;86;78,40849;0;35;2;668
11.09.2020 00:00:00;Landeck;706;44362;3;1040;10;22,54181;0;16;0;1014
11.09.2020 00:00:00;Lienz;707;48753;0;164;1;2,051156;0;6;0;157
11.09.2020 00:00:00;Reutte;708;32670;1;98;17;52,03551;0;1;0;82
11.09.2020 00:00:00;Schwaz;709;83873;11;516;60;71,53673;0;14;16;443
11.09.2020 00:00:00;Bludenz;801;63714;10;369;47;73,76714;0;4;2;313
11.09.2020 00:00:00;Bregenz;802;134383;20;392;55;40,9278;0;10;0;322
11.09.2020 00:00:00;Dornbirn;803;89041;29;291;82;92,09241;0;4;3;193
11.09.2020 00:00:00;Feldkirch;804;107159;14;317;56;52,25879;0;2;0;257
11.09.2020 00:00:00;Wien;900;1897491;453;10620;2079;109,5657;2;234;211;7556
12.09.2020 00:00:00;Eisenstadt(Stadt);101;14637;1;37;4;27,328;0;0;0;26
12.09.2020 00:00:00;Rust(Stadt);102;1940;0;3;2;103,0928;0;0;1;2
12.09.2020 00:00:00;Eisenstadt-Umgebung;103;42927;1;75;16;37,27258;0;1;0;52
12.09.2020 00:00:00;Güssing;104;25797;0;40;3;11,62926;0;0;0;39
12.09.2020 00:00:00;Jennersdorf;105;17066;0;14;1;5,859604;0;0;1;14
12.09.2020 00:00:00;Mattersburg;106;39925;0;114;7;17,53288;0;1;3;101
12.09.2020 00:00:00;Neusiedl am See;107;59552;0;101;12;20,15046;0;4;1;80
12.09.2020 00:00:00;Oberpullendorf;108;37513;0;36;1;2,665743;0;1;1;32
12.09.2020 00:00:00;Oberwart;109;54076;0;173;10;18,49249;0;4;0;158
12.09.2020 00:00:00;Klagenfurt Stadt;201;100817;1;175;6;5,951377;0;3;1;164
12.09.2020 00:00:00;Villach Stadt;202;62243;1;62;5;8,033031;0;0;1;56
12.09.2020 00:00:00;Hermagor;203;18224;0;5;0;0;0;0;0;5
12.09.2020 00:00:00;Klagenfurt Land;204;59800;0;73;3;5,016722;0;2;0;67
12.09.2020 00:00:00;Sankt Veit an der Glan;205;54555;0;60;0;0;0;0;1;60
12.09.2020 00:00:00;Spittal an der Drau;206;76091;4;67;5;6,571079;0;1;0;61
12.09.2020 00:00:00;Villach Land;207;64668;3;83;7;10,82452;0;2;0;74
12.09.2020 00:00:00;Völkermarkt;208;41878;0;68;10;23,87889;0;4;0;54
12.09.2020 00:00:00;Wolfsberg;209;52726;4;77;5;9,482987;0;1;1;69
12.09.2020 00:00:00;Feldkirchen;210;29937;1;30;3;10,02104;0;0;1;24
12.09.2020 00:00:00;Krems an der Donau(Stadt);301;24876;1;57;8;32,15951;0;4;1;44
12.09.2020 00:00:00;Sankt Pölten(Stadt);302;55044;1;160;20;36,33457;0;4;1;132
12.09.2020 00:00:00;Waidhofen an der Ybbs(Stadt);303;11261;1;27;1;8,880206;0;3;0;23
12.09.2020 00:00:00;Wiener Neustadt(Stadt);304;45277;3;168;33;72,88469;0;0;0;126
12.09.2020 00:00:00;Amstetten;305;116114;1;356;11;9,473449;0;16;2;329
12.09.2020 00:00:00;Baden;306;146203;7;426;85;58,13834;0;4;5;322
12.09.2020 00:00:00;Bruck an der Leitha;307;102010;11;266;44;43,13303;0;5;1;207
12.09.2020 00:00:00;Gänserndorf;308;103686;2;248;32;30,86241;0;5;2;197
12.09.2020 00:00:00;Gmünd;309;36773;0;19;2;5,438773;0;0;0;17
12.09.2020 00:00:00;Hollabrunn;310;50858;1;65;7;13,76381;0;0;0;56
12.09.2020 00:00:00;Horn;311;31090;0;102;3;9,649405;0;5;0;94
12.09.2020 00:00:00;Korneuburg;312;90889;6;297;33;36,30803;0;5;1;252
12.09.2020 00:00:00;Krems(Land);313;56596;2;205;11;19,436;0;8;1;186
12.09.2020 00:00:00;Lilienfeld;314;25812;2;80;18;69,73501;0;5;0;55
12.09.2020 00:00:00;Melk;315;77962;0;210;8;10,26141;0;4;0;198
12.09.2020 00:00:00;Mistelbach;316;75483;1;209;26;34,44484;0;7;2;171
12.09.2020 00:00:00;Mödling;317;118998;8;386;66;55,46312;0;7;11;300
12.09.2020 00:00:00;Neunkirchen;318;86291;10;327;54;62,57895;0;8;2;261
12.09.2020 00:00:00;Sankt Pölten(Land);319;131044;3;391;27;20,60377;0;11;4;347
12.09.2020 00:00:00;Scheibbs;320;41403;2;112;2;4,830568;0;1;0;109
12.09.2020 00:00:00;Tulln;321;103771;4;272;20;19,27321;0;6;0;246
12.09.2020 00:00:00;Waidhofen an der Thaya;322;25888;0;83;1;3,862794;0;2;0;80
12.09.2020 00:00:00;Wiener Neustadt(Land);323;77991;4;199;37;47,44137;0;6;0;151
12.09.2020 00:00:00;Zwettl;325;42222;1;97;10;23,68434;0;2;0;83
12.09.2020 00:00:00;Linz(Stadt);401;205726;13;1015;62;30,13717;0;17;7;931
12.09.2020 00:00:00;Steyr(Stadt);402;38193;0;142;18;47,12906;0;2;0;118
12.09.2020 00:00:00;Wels(Stadt);403;61727;8;295;36;58,32132;0;0;0;248
12.09.2020 00:00:00;Braunau am Inn;404;104408;3;254;18;17,24006;0;3;1;223
12.09.2020 00:00:00;Eferding;405;33156;2;112;8;24,12836;0;6;0;98
12.09.2020 00:00:00;Freistadt;406;66621;1;228;48;72,04935;0;6;2;159
12.09.2020 00:00:00;Gmunden;407;101631;0;208;11;10,82347;0;2;0;191
12.09.2020 00:00:00;Grieskirchen;408;64721;2;129;7;10,81565;0;1;1;115
12.09.2020 00:00:00;Kirchdorf an der Krems;409;56866;1;123;16;28,13632;0;2;0;93
12.09.2020 00:00:00;Linz-Land;410;150273;12;755;62;41,25824;0;9;0;668
12.09.2020 00:00:00;Perg;411;68459;2;407;8;11,68583;0;3;0;393
12.09.2020 00:00:00;Ried im Innkreis;412;61204;4;116;7;11,43716;0;0;1;108
12.09.2020 00:00:00;Rohrbach;413;56524;0;215;1;1,76916;0;0;1;210
12.09.2020 00:00:00;Schärding;414;57307;0;79;8;13,9599;0;1;0;67
12.09.2020 00:00:00;Steyr-Land;415;60427;0;256;13;21,51356;0;7;5;236
12.09.2020 00:00:00;Urfahr-Umgebung;416;85505;2;384;18;21,0514;0;5;0;361
12.09.2020 00:00:00;Vöcklabruck;417;136253;0;308;53;38,89823;0;4;0;242
12.09.2020 00:00:00;Wels-Land;418;73094;3;217;14;19,15342;0;1;1;193
12.09.2020 00:00:00;Salzburg(Stadt);501;154211;10;380;58;37,61081;0;1;1;317
12.09.2020 00:00:00;Hallein;502;60374;0;117;9;14,90708;0;1;0;106
12.09.2020 00:00:00;Salzburg-Umgebung;503;152281;6;378;21;13,7903;0;11;0;344
12.09.2020 00:00:00;Sankt Johann im Pongau;504;80573;3;503;13;16,13444;1;17;0;469
12.09.2020 00:00:00;Tamsweg;505;20320;1;30;1;4,92126;0;1;0;28
12.09.2020 00:00:00;Zell am See;506;87462;0;423;16;18,29366;0;9;0;395
12.09.2020 00:00:00;Graz(Stadt);601;288806;21;981;114;39,47286;0;43;10;791
12.09.2020 00:00:00;Deutschlandsberg;603;60821;2;76;12;19,73003;0;2;0;60
12.09.2020 00:00:00;Graz-Umgebung;606;154260;5;359;36;23,33722;0;35;0;283
12.09.2020 00:00:00;Leibnitz;610;82484;1;217;12;14,54828;0;4;0;199
12.09.2020 00:00:00;Leoben;611;60060;3;68;10;16,65002;0;3;0;51
12.09.2020 00:00:00;Liezen;612;79901;1;136;7;8,760841;0;1;0;121
12.09.2020 00:00:00;Murau;614;27659;2;20;8;28,92368;0;0;0;12
12.09.2020 00:00:00;Voitsberg;616;51161;0;119;4;7,818456;0;5;0;110
12.09.2020 00:00:00;Weiz;617;90343;2;248;7;7,748249;0;18;0;213
12.09.2020 00:00:00;Murtal;620;72004;0;94;5;6,944059;0;1;0;83
12.09.2020 00:00:00;Bruck-Mürzzuschlag;621;98984;1;114;7;7,07185;0;4;2;96
12.09.2020 00:00:00;Hartberg-Fürstenfeld;622;90622;1;348;10;11,03485;0;39;0;295
12.09.2020 00:00:00;Südoststeiermark;623;85947;2;82;8;9,308062;0;2;0;71
12.09.2020 00:00:00;Innsbruck-Stadt;701;132110;7;905;150;113,5417;0;6;20;734
12.09.2020 00:00:00;Imst;702;60056;4;365;46;76,59518;0;6;4;314
12.09.2020 00:00:00;Innsbruck-Land;703;179318;6;666;86;47,95949;1;14;19;547
12.09.2020 00:00:00;Kitzbühel;704;63881;3;422;13;20,35034;0;11;3;399
12.09.2020 00:00:00;Kufstein;705;109682;17;821;95;86,61403;0;35;20;688
12.09.2020 00:00:00;Landeck;706;44362;4;1044;13;29,30436;0;16;1;1015
12.09.2020 00:00:00;Lienz;707;48753;0;164;1;2,051156;0;6;0;157
12.09.2020 00:00:00;Reutte;708;32670;4;102;21;64,27915;0;1;0;82
12.09.2020 00:00:00;Schwaz;709;83873;4;520;57;67,95989;0;14;5;448
12.09.2020 00:00:00;Bludenz;801;63714;2;371;43;67,48909;0;4;2;315
12.09.2020 00:00:00;Bregenz;802;134383;2;394;52;38,69537;0;10;1;323
12.09.2020 00:00:00;Dornbirn;803;89041;7;298;86;96,58472;0;4;6;199
12.09.2020 00:00:00;Feldkirch;804;107159;0;317;49;45,72644;0;2;1;258
12.09.2020 00:00:00;Wien;900;1897491;153;10773;2028;106,878;0;234;71;7627
13.09.2020 00:00:00;Eisenstadt(Stadt);101;14637;3;40;7;47,82401;0;0;1;27
13.09.2020 00:00:00;Rust(Stadt);102;1940;0;3;2;103,0928;0;0;0;2
13.09.2020 00:00:00;Eisenstadt-Umgebung;103;42927;1;76;12;27,95443;0;1;1;53
13.09.2020 00:00:00;Güssing;104;25797;0;40;3;11,62926;0;0;0;39
13.09.2020 00:00:00;Jennersdorf;105;17066;0;14;1;5,859604;0;0;0;14
13.09.2020 00:00:00;Mattersburg;106;39925;1;115;7;17,53288;0;1;0;101
13.09.2020 00:00:00;Neusiedl am See;107;59552;0;101;11;18,47125;0;4;0;80
13.09.2020 00:00:00;Oberpullendorf;108;37513;2;38;3;7,997228;0;1;0;32
13.09.2020 00:00:00;Oberwart;109;54076;2;175;11;20,34174;0;4;1;159
13.09.2020 00:00:00;Klagenfurt Stadt;201;100817;0;175;6;5,951377;0;3;1;165
13.09.2020 00:00:00;Villach Stadt;202;62243;4;66;9;14,45946;0;0;1;57
13.09.2020 00:00:00;Hermagor;203;18224;0;5;0;0;0;0;0;5
13.09.2020 00:00:00;Klagenfurt Land;204;59800;0;73;3;5,016722;0;2;0;67
13.09.2020 00:00:00;Sankt Veit an der Glan;205;54555;1;61;1;1,833013;0;0;0;60
13.09.2020 00:00:00;Spittal an der Drau;206;76091;0;67;5;6,571079;0;1;0;61
13.09.2020 00:00:00;Villach Land;207;64668;1;84;7;10,82452;0;2;0;74
13.09.2020 00:00:00;Völkermarkt;208;41878;0;68;9;21,491;0;4;0;54
13.09.2020 00:00:00;Wolfsberg;209;52726;0;77;5;9,482987;0;1;2;71
13.09.2020 00:00:00;Feldkirchen;210;29937;0;30;3;10,02104;0;0;0;24
13.09.2020 00:00:00;Krems an der Donau(Stadt);301;24876;4;61;11;44,21933;0;4;0;44
13.09.2020 00:00:00;Sankt Pölten(Stadt);302;55044;1;161;20;36,33457;0;4;0;132
13.09.2020 00:00:00;Waidhofen an der Ybbs(Stadt);303;11261;0;27;1;8,880206;0;3;0;23
13.09.2020 00:00:00;Wiener Neustadt(Stadt);304;45277;2;170;33;72,88469;0;0;1;127
13.09.2020 00:00:00;Amstetten;305;116114;1;357;11;9,473449;0;16;0;329
13.09.2020 00:00:00;Baden;306;146203;3;429;82;56,0864;0;4;3;325
13.09.2020 00:00:00;Bruck an der Leitha;307;102010;3;269;45;44,11332;0;5;3;210
13.09.2020 00:00:00;Gänserndorf;308;103686;8;256;37;35,68466;0;5;1;198
13.09.2020 00:00:00;Gmünd;309;36773;0;19;1;2,719387;0;0;1;18
13.09.2020 00:00:00;Hollabrunn;310;50858;5;70;11;21,62885;0;0;0;56
13.09.2020 00:00:00;Horn;311;31090;1;103;4;12,86587;0;5;0;94
13.09.2020 00:00:00;Korneuburg;312;90889;3;300;31;34,10754;0;5;4;256
13.09.2020 00:00:00;Krems(Land);313;56596;2;207;13;22,96982;0;8;0;186
13.09.2020 00:00:00;Lilienfeld;314;25812;1;81;19;73,60918;0;5;1;56
13.09.2020 00:00:00;Melk;315;77962;5;215;13;16,67479;0;4;0;198
13.09.2020 00:00:00;Mistelbach;316;75483;7;216;24;31,79524;0;7;4;175
13.09.2020 00:00:00;Mödling;317;118998;4;390;68;57,14382;0;7;4;304
13.09.2020 00:00:00;Neunkirchen;318;86291;5;332;57;66,05556;0;8;1;262
13.09.2020 00:00:00;Sankt Pölten(Land);319;131044;3;394;29;22,12997;0;11;2;349
13.09.2020 00:00:00;Scheibbs;320;41403;0;112;2;4,830568;0;1;0;109
13.09.2020 00:00:00;Tulln;321;103771;2;274;19;18,30955;0;6;0;246
13.09.2020 00:00:00;Waidhofen an der Thaya;322;25888;0;83;1;3,862794;0;2;0;80
13.09.2020 00:00:00;Wiener Neustadt(Land);323;77991;1;200;36;46,15917;0;6;2;153
13.09.2020 00:00:00;Zwettl;325;42222;9;106;19;45,00024;0;2;0;83
13.09.2020 00:00:00;Linz(Stadt);401;205726;24;1039;79;38,40059;0;17;0;931
13.09.2020 00:00:00;Steyr(Stadt);402;38193;0;142;17;44,51077;0;2;2;120
13.09.2020 00:00:00;Wels(Stadt);403;61727;0;295;29;46,98106;0;0;1;249
13.09.2020 00:00:00;Braunau am Inn;404;104408;0;254;18;17,24006;0;3;0;223
13.09.2020 00:00:00;Eferding;405;33156;0;112;8;24,12836;0;6;0;98
13.09.2020 00:00:00;Freistadt;406;66621;1;229;41;61,54216;0;6;3;162
13.09.2020 00:00:00;Gmunden;407;101631;3;211;14;13,77532;0;2;0;191
13.09.2020 00:00:00;Grieskirchen;408;64721;1;130;7;10,81565;0;1;1;116
13.09.2020 00:00:00;Kirchdorf an der Krems;409;56866;0;123;13;22,86076;0;2;4;97
13.09.2020 00:00:00;Linz-Land;410;150273;13;768;69;45,91643;0;9;0;668
13.09.2020 00:00:00;Perg;411;68459;2;409;10;14,60728;0;3;1;394
13.09.2020 00:00:00;Ried im Innkreis;412;61204;1;117;8;13,07104;0;0;0;108
13.09.2020 00:00:00;Rohrbach;413;56524;1;216;2;3,53832;0;0;0;210
13.09.2020 00:00:00;Schärding;414;57307;2;81;9;15,70489;0;1;0;67
13.09.2020 00:00:00;Steyr-Land;415;60427;2;258;13;21,51356;0;7;1;237
13.09.2020 00:00:00;Urfahr-Umgebung;416;85505;1;385;18;21,0514;0;5;0;361
13.09.2020 00:00:00;Vöcklabruck;417;136253;6;314;59;43,3018;0;4;1;243
13.09.2020 00:00:00;Wels-Land;418;73094;0;217;13;17,78532;0;1;4;197
13.09.2020 00:00:00;Salzburg(Stadt);501;154211;0;380;46;29,82926;0;1;0;317
13.09.2020 00:00:00;Hallein;502;60374;0;117;5;8,281711;0;1;1;107
13.09.2020 00:00:00;Salzburg-Umgebung;503;152281;0;378;18;11,82025;0;11;4;348
13.09.2020 00:00:00;Sankt Johann im Pongau;504;80573;0;503;13;16,13444;0;17;0;469
13.09.2020 00:00:00;Tamsweg;505;20320;0;30;1;4,92126;0;1;0;28
13.09.2020 00:00:00;Zell am See;506;87462;0;423;16;18,29366;0;9;0;395
13.09.2020 00:00:00;Graz(Stadt);601;288806;10;991;119;41,20413;0;43;9;800
13.09.2020 00:00:00;Deutschlandsberg;603;60821;5;81;17;27,95087;0;2;0;60
13.09.2020 00:00:00;Graz-Umgebung;606;154260;2;361;36;23,33722;0;35;1;284
13.09.2020 00:00:00;Leibnitz;610;82484;0;217;11;13,33592;0;4;0;199
13.09.2020 00:00:00;Leoben;611;60060;2;70;11;18,31502;0;3;0;51
13.09.2020 00:00:00;Liezen;612;79901;1;137;8;10,01239;0;1;0;121
13.09.2020 00:00:00;Murau;614;27659;0;20;8;28,92368;0;0;0;12
13.09.2020 00:00:00;Voitsberg;616;51161;0;119;4;7,818456;0;5;0;110
13.09.2020 00:00:00;Weiz;617;90343;0;248;6;6,641356;0;18;3;216
13.09.2020 00:00:00;Murtal;620;72004;0;94;1;1,388812;0;1;1;84
13.09.2020 00:00:00;Bruck-Mürzzuschlag;621;98984;1;115;8;8,082114;0;4;1;97
13.09.2020 00:00:00;Hartberg-Fürstenfeld;622;90622;3;351;12;13,24182;0;39;0;295
13.09.2020 00:00:00;Südoststeiermark;623;85947;2;84;9;10,47157;0;2;0;71
13.09.2020 00:00:00;Innsbruck-Stadt;701;132110;20;925;165;124,8959;0;6;5;739
13.09.2020 00:00:00;Imst;702;60056;1;366;47;78,26029;0;6;6;320
13.09.2020 00:00:00;Innsbruck-Land;703;179318;11;677;94;52,42084;0;14;13;560
13.09.2020 00:00:00;Kitzbühel;704;63881;0;422;12;18,78493;0;11;0;399
13.09.2020 00:00:00;Kufstein;705;109682;2;823;92;83,87885;0;35;10;698
13.09.2020 00:00:00;Landeck;706;44362;2;1046;15;33,81272;0;16;1;1016
13.09.2020 00:00:00;Lienz;707;48753;0;164;1;2,051156;0;6;0;157
13.09.2020 00:00:00;Reutte;708;32670;0;102;18;55,09642;0;1;2;84
13.09.2020 00:00:00;Schwaz;709;83873;0;520;56;66,76762;0;14;0;448
13.09.2020 00:00:00;Bludenz;801;63714;5;376;47;73,76714;0;4;2;317
13.09.2020 00:00:00;Bregenz;802;134383;4;398;54;40,18365;0;10;6;329
13.09.2020 00:00:00;Dornbirn;803;89041;9;307;90;101,077;0;4;4;203
13.09.2020 00:00:00;Feldkirch;804;107159;11;328;59;55,05837;0;2;2;260
13.09.2020 00:00:00;Wien;900;1897491;182;10955;2147;113,1494;0;234;141;7768
14.09.2020 00:00:00;Eisenstadt(Stadt);101;14637;0;40;7;47,82401;0;0;1;28
14.09.2020 00:00:00;Rust(Stadt);102;1940;0;3;1;51,54639;0;0;0;2
14.09.2020 00:00:00;Eisenstadt-Umgebung;103;42927;2;78;13;30,28397;0;1;1;54
14.09.2020 00:00:00;Güssing;104;25797;0;40;3;11,62926;0;0;1;40
14.09.2020 00:00:00;Jennersdorf;105;17066;0;14;1;5,859604;0;0;0;14
14.09.2020 00:00:00;Mattersburg;106;39925;0;115;7;17,53288;0;1;2;103
14.09.2020 00:00:00;Neusiedl am See;107;59552;2;103;12;20,15046;0;4;0;80
14.09.2020 00:00:00;Oberpullendorf;108;37513;2;40;5;13,32871;0;1;0;32
14.09.2020 00:00:00;Oberwart;109;54076;1;176;12;22,19099;0;4;0;159
14.09.2020 00:00:00;Klagenfurt Stadt;201;100817;1;176;7;6,943274;0;3;1;166
14.09.2020 00:00:00;Villach Stadt;202;62243;2;68;11;17,67267;0;0;0;57
14.09.2020 00:00:00;Hermagor;203;18224;0;5;0;0;0;0;0;5
14.09.2020 00:00:00;Klagenfurt Land;204;59800;0;73;3;5,016722;0;2;0;67
14.09.2020 00:00:00;Sankt Veit an der Glan;205;54555;1;62;2;3,666025;0;0;0;60
14.09.2020 00:00:00;Spittal an der Drau;206;76091;1;68;6;7,885295;0;1;0;61
14.09.2020 00:00:00;Villach Land;207;64668;0;84;6;9,278159;0;2;0;74
14.09.2020 00:00:00;Völkermarkt;208;41878;1;69;7;16,71522;0;4;0;54
14.09.2020 00:00:00;Wolfsberg;209;52726;0;77;5;9,482987;0;1;0;71
14.09.2020 00:00:00;Feldkirchen;210;29937;0;30;3;10,02104;0;0;0;24
14.09.2020 00:00:00;Krems an der Donau(Stadt);301;24876;3;64;14;56,27914;0;4;1;45
14.09.2020 00:00:00;Sankt Pölten(Stadt);302;55044;1;162;21;38,1513;0;4;1;133
14.09.2020 00:00:00;Waidhofen an der Ybbs(Stadt);303;11261;0;27;1;8,880206;0;3;0;23
14.09.2020 00:00:00;Wiener Neustadt(Stadt);304;45277;8;178;37;81,71919;0;0;7;134
14.09.2020 00:00:00;Amstetten;305;116114;1;358;12;10,33467;0;16;2;331
14.09.2020 00:00:00;Baden;306;146203;12;441;83;56,77038;0;4;7;332
14.09.2020 00:00:00;Bruck an der Leitha;307;102010;8;277;49;48,03451;0;5;8;218
14.09.2020 00:00:00;Gänserndorf;308;103686;8;264;39;37,61356;0;5;8;206
14.09.2020 00:00:00;Gmünd;309;36773;1;20;2;5,438773;0;0;0;18
14.09.2020 00:00:00;Hollabrunn;310;50858;3;73;14;27,52763;0;0;0;56
14.09.2020 00:00:00;Horn;311;31090;1;104;5;16,08234;0;5;0;94
14.09.2020 00:00:00;Korneuburg;312;90889;5;305;29;31,90705;1;6;7;263
14.09.2020 00:00:00;Krems(Land);313;56596;5;212;18;31,80437;0;8;1;187
14.09.2020 00:00:00;Lilienfeld;314;25812;1;82;19;73,60918;0;5;0;56
14.09.2020 00:00:00;Melk;315;77962;9;224;21;26,9362;0;4;0;198
14.09.2020 00:00:00;Mistelbach;316;75483;1;217;23;30,47044;0;7;6;181
14.09.2020 00:00:00;Mödling;317;118998;7;397;67;56,30347;0;7;6;310
14.09.2020 00:00:00;Neunkirchen;318;86291;21;353;76;88,07407;0;8;3;265
14.09.2020 00:00:00;Sankt Pölten(Land);319;131044;5;399;32;24,41928;0;11;1;350
14.09.2020 00:00:00;Scheibbs;320;41403;0;112;2;4,830568;0;1;0;109
14.09.2020 00:00:00;Tulln;321;103771;3;277;21;20,23687;0;6;1;247
14.09.2020 00:00:00;Waidhofen an der Thaya;322;25888;0;83;1;3,862794;0;2;0;80
14.09.2020 00:00:00;Wiener Neustadt(Land);323;77991;9;209;40;51,28797;0;6;7;160
14.09.2020 00:00:00;Zwettl;325;42222;6;112;24;56,8424;0;2;0;83
14.09.2020 00:00:00;Linz(Stadt);401;205726;15;1054;93;45,20576;0;17;0;931
14.09.2020 00:00:00;Steyr(Stadt);402;38193;0;142;15;39,27421;0;2;1;121
14.09.2020 00:00:00;Wels(Stadt);403;61727;7;302;35;56,70128;0;0;3;252
14.09.2020 00:00:00;Braunau am Inn;404;104408;5;259;23;22,02896;0;3;1;224
14.09.2020 00:00:00;Eferding;405;33156;0;112;8;24,12836;0;6;0;98
14.09.2020 00:00:00;Freistadt;406;66621;1;230;33;49,53393;0;6;0;162
14.09.2020 00:00:00;Gmunden;407;101631;1;212;10;9,839518;0;2;1;192
14.09.2020 00:00:00;Grieskirchen;408;64721;1;131;8;12,36075;0;1;0;116
14.09.2020 00:00:00;Kirchdorf an der Krems;409;56866;0;123;9;15,82668;0;2;9;106
14.09.2020 00:00:00;Linz-Land;410;150273;9;777;77;51,24008;0;9;9;677
14.09.2020 00:00:00;Perg;411;68459;0;409;10;14,60728;0;3;0;394
14.09.2020 00:00:00;Ried im Innkreis;412;61204;2;119;10;16,3388;0;0;0;108
14.09.2020 00:00:00;Rohrbach;413;56524;1;217;3;5,30748;0;0;0;210
14.09.2020 00:00:00;Schärding;414;57307;0;81;6;10,46992;0;1;1;68
14.09.2020 00:00:00;Steyr-Land;415;60427;0;258;11;18,20378;0;7;1;238
14.09.2020 00:00:00;Urfahr-Umgebung;416;85505;1;386;19;22,22092;0;5;0;361
14.09.2020 00:00:00;Vöcklabruck;417;136253;1;315;52;38,1643;0;4;0;243
14.09.2020 00:00:00;Wels-Land;418;73094;7;224;20;27,36203;0;1;0;197
14.09.2020 00:00:00;Salzburg(Stadt);501;154211;11;391;57;36,96235;0;1;9;326
14.09.2020 00:00:00;Hallein;502;60374;6;123;10;16,56342;0;1;0;107
14.09.2020 00:00:00;Salzburg-Umgebung;503;152281;1;379;19;12,47693;0;11;0;348
14.09.2020 00:00:00;Sankt Johann im Pongau;504;80573;0;503;13;16,13444;0;17;1;470
14.09.2020 00:00:00;Tamsweg;505;20320;0;30;1;4,92126;0;1;0;28
14.09.2020 00:00:00;Zell am See;506;87462;0;423;14;16,00695;0;9;6;401
14.09.2020 00:00:00;Graz(Stadt);601;288806;16;1007;130;45,01292;0;43;10;810
14.09.2020 00:00:00;Deutschlandsberg;603;60821;5;86;21;34,52755;0;2;0;60
14.09.2020 00:00:00;Graz-Umgebung;606;154260;6;367;39;25,28199;0;35;6;290
14.09.2020 00:00:00;Leibnitz;610;82484;2;219;12;14,54828;0;4;1;200
14.09.2020 00:00:00;Leoben;611;60060;5;75;16;26,64003;0;3;0;51
14.09.2020 00:00:00;Liezen;612;79901;1;138;9;11,26394;0;1;0;121
14.09.2020 00:00:00;Murau;614;27659;1;21;9;32,53914;0;0;0;12
14.09.2020 00:00:00;Voitsberg;616;51161;0;119;4;7,818456;0;5;0;110
14.09.2020 00:00:00;Weiz;617;90343;4;252;10;11,06893;0;18;2;218
14.09.2020 00:00:00;Murtal;620;72004;3;97;4;5,555247;0;1;0;84
14.09.2020 00:00:00;Bruck-Mürzzuschlag;621;98984;2;117;9;9,092379;0;4;0;97
14.09.2020 00:00:00;Hartberg-Fürstenfeld;622;90622;1;352;12;13,24182;0;39;0;295
14.09.2020 00:00:00;Südoststeiermark;623;85947;1;85;10;11,63508;0;2;0;71
14.09.2020 00:00:00;Innsbruck-Stadt;701;132110;33;958;184;139,2779;0;6;14;753
14.09.2020 00:00:00;Imst;702;60056;2;368;48;79,9254;0;6;2;322
14.09.2020 00:00:00;Innsbruck-Land;703;179318;38;715;125;69,70856;0;14;4;564
14.09.2020 00:00:00;Kitzbühel;704;63881;1;423;13;20,35034;0;11;2;401
14.09.2020 00:00:00;Kufstein;705;109682;8;831;100;91,17266;0;35;6;704
14.09.2020 00:00:00;Landeck;706;44362;8;1054;23;51,84618;0;16;1;1017
14.09.2020 00:00:00;Lienz;707;48753;1;165;1;2,051156;0;6;0;157
14.09.2020 00:00:00;Reutte;708;32670;2;104;11;33,67003;0;1;0;84
14.09.2020 00:00:00;Schwaz;709;83873;7;527;61;72,729;0;14;0;448
14.09.2020 00:00:00;Bludenz;801;63714;8;384;53;83,18423;0;4;1;318
14.09.2020 00:00:00;Bregenz;802;134383;10;408;60;44,64851;0;10;0;329
14.09.2020 00:00:00;Dornbirn;803;89041;20;327;105;117,9232;0;4;2;205
14.09.2020 00:00:00;Feldkirch;804;107159;14;342;66;61,59072;0;2;6;266
14.09.2020 00:00:00;Wien;900;1897491;421;11376;2364;124,5856;0;234;106;7874
15.09.2020 00:00:00;Eisenstadt(Stadt);101;14637;0;40;7;47,82401;0;0;5;33
15.09.2020 00:00:00;Rust(Stadt);102;1940;0;3;1;51,54639;0;0;0;2
15.09.2020 00:00:00;Eisenstadt-Umgebung;103;42927;6;84;17;39,60212;0;1;1;55
15.09.2020 00:00:00;Güssing;104;25797;0;40;3;11,62926;0;0;1;41
15.09.2020 00:00:00;Jennersdorf;105;17066;0;14;1;5,859604;0;0;0;14
15.09.2020 00:00:00;Mattersburg;106;39925;2;117;9;22,54227;0;1;1;104
15.09.2020 00:00:00;Neusiedl am See;107;59552;2;105;13;21,82966;0;4;3;83
15.09.2020 00:00:00;Oberpullendorf;108;37513;0;40;5;13,32871;0;1;0;32
15.09.2020 00:00:00;Oberwart;109;54076;1;177;13;24,04024;0;4;1;160
15.09.2020 00:00:00;Klagenfurt Stadt;201;100817;0;176;7;6,943274;0;3;0;166
15.09.2020 00:00:00;Villach Stadt;202;62243;3;71;14;22,49249;0;0;0;57
15.09.2020 00:00:00;Hermagor;203;18224;0;5;0;0;0;0;0;5
15.09.2020 00:00:00;Klagenfurt Land;204;59800;0;73;3;5,016722;0;2;1;68
15.09.2020 00:00:00;Sankt Veit an der Glan;205;54555;1;63;3;5,499038;0;0;0;60
15.09.2020 00:00:00;Spittal an der Drau;206;76091;0;68;6;7,885295;0;1;0;61
15.09.2020 00:00:00;Villach Land;207;64668;1;85;6;9,278159;0;2;0;74
15.09.2020 00:00:00;Völkermarkt;208;41878;1;70;6;14,32733;0;4;0;54
15.09.2020 00:00:00;Wolfsberg;209;52726;1;78;6;11,37959;0;1;0;71
15.09.2020 00:00:00;Feldkirchen;210;29937;0;30;2;6,680696;0;0;3;27
15.09.2020 00:00:00;Krems an der Donau(Stadt);301;24876;9;73;23;92,4586;0;4;1;46
15.09.2020 00:00:00;Sankt Pölten(Stadt);302;55044;5;167;23;41,78476;0;4;1;134
15.09.2020 00:00:00;Waidhofen an der Ybbs(Stadt);303;11261;0;27;1;8,880206;0;3;0;23
15.09.2020 00:00:00;Wiener Neustadt(Stadt);304;45277;5;183;36;79,51057;0;0;1;135
15.09.2020 00:00:00;Amstetten;305;116114;1;359;9;7,751003;0;16;0;331
15.09.2020 00:00:00;Baden;306;146203;12;453;88;60,19028;0;4;11;343
15.09.2020 00:00:00;Bruck an der Leitha;307;102010;5;282;51;49,9951;0;5;1;219
15.09.2020 00:00:00;Gänserndorf;308;103686;10;274;48;46,29362;0;5;0;206
15.09.2020 00:00:00;Gmünd;309;36773;2;22;4;10,87755;0;0;0;18
15.09.2020 00:00:00;Hollabrunn;310;50858;0;73;14;27,52763;0;0;2;58
15.09.2020 00:00:00;Horn;311;31090;2;106;7;22,51528;0;5;0;94
15.09.2020 00:00:00;Korneuburg;312;90889;10;315;37;40,709;0;6;4;267
15.09.2020 00:00:00;Krems(Land);313;56596;2;214;20;35,33819;0;8;0;187
15.09.2020 00:00:00;Lilienfeld;314;25812;0;82;18;69,73501;0;5;2;58
15.09.2020 00:00:00;Melk;315;77962;3;227;24;30,78423;0;4;0;198
15.09.2020 00:00:00;Mistelbach;316;75483;9;226;32;42,39365;0;7;5;186
15.09.2020 00:00:00;Mödling;317;118998;2;399;65;54,62277;0;7;5;315
15.09.2020 00:00:00;Neunkirchen;318;86291;7;360;78;90,39182;0;8;1;266
15.09.2020 00:00:00;Sankt Pölten(Land);319;131044;3;402;30;22,89307;0;11;0;350
15.09.2020 00:00:00;Scheibbs;320;41403;3;115;5;12,07642;0;1;0;109
15.09.2020 00:00:00;Tulln;321;103771;8;285;29;27,94615;0;6;3;250
15.09.2020 00:00:00;Waidhofen an der Thaya;322;25888;8;91;9;34,76514;0;2;0;80
15.09.2020 00:00:00;Wiener Neustadt(Land);323;77991;5;214;43;55,13457;0;6;1;161
15.09.2020 00:00:00;Zwettl;325;42222;5;117;28;66,31614;0;2;1;84
15.09.2020 00:00:00;Linz(Stadt);401;205726;20;1074;110;53,46918;0;17;6;937
15.09.2020 00:00:00;Steyr(Stadt);402;38193;4;146;15;39,27421;0;2;3;124
15.09.2020 00:00:00;Wels(Stadt);403;61727;3;305;36;58,32132;0;0;10;262
15.09.2020 00:00:00;Braunau am Inn;404;104408;10;269;32;30,64899;0;3;5;229
15.09.2020 00:00:00;Eferding;405;33156;2;114;10;30,16045;0;6;0;98
15.09.2020 00:00:00;Freistadt;406;66621;3;233;32;48,0329;0;6;7;169
15.09.2020 00:00:00;Gmunden;407;101631;0;212;10;9,839518;0;2;3;195
15.09.2020 00:00:00;Grieskirchen;408;64721;6;137;13;20,08622;0;1;3;119
15.09.2020 00:00:00;Kirchdorf an der Krems;409;56866;2;125;9;15,82668;0;2;0;106
15.09.2020 00:00:00;Linz-Land;410;150273;19;796;92;61,22191;0;9;6;683
15.09.2020 00:00:00;Perg;411;68459;2;411;12;17,52874;0;3;1;395
15.09.2020 00:00:00;Ried im Innkreis;412;61204;1;120;11;17,97268;0;0;0;108
15.09.2020 00:00:00;Rohrbach;413;56524;0;217;3;5,30748;0;0;1;211
15.09.2020 00:00:00;Schärding;414;57307;1;82;7;12,21491;0;1;1;69
15.09.2020 00:00:00;Steyr-Land;415;60427;5;263;14;23,16845;0;7;0;238
15.09.2020 00:00:00;Urfahr-Umgebung;416;85505;2;388;21;24,55997;0;5;0;361
15.09.2020 00:00:00;Vöcklabruck;417;136253;7;322;58;42,56787;0;4;2;245
15.09.2020 00:00:00;Wels-Land;418;73094;4;228;24;32,83443;0;1;2;199
15.09.2020 00:00:00;Salzburg(Stadt);501;154211;9;400;61;39,55619;0;1;3;329
15.09.2020 00:00:00;Hallein;502;60374;0;123;10;16,56342;0;1;2;109
15.09.2020 00:00:00;Salzburg-Umgebung;503;152281;3;382;22;14,44698;0;11;3;351
15.09.2020 00:00:00;Sankt Johann im Pongau;504;80573;7;510;14;17,37555;0;17;5;475
15.09.2020 00:00:00;Tamsweg;505;20320;1;31;2;9,84252;0;1;0;28
15.09.2020 00:00:00;Zell am See;506;87462;2;425;16;18,29366;0;9;2;403
15.09.2020 00:00:00;Graz(Stadt);601;288806;20;1027;144;49,86046;0;43;10;820
15.09.2020 00:00:00;Deutschlandsberg;603;60821;1;87;22;36,17172;0;2;2;62
15.09.2020 00:00:00;Graz-Umgebung;606;154260;7;374;43;27,87502;0;35;1;291
15.09.2020 00:00:00;Leibnitz;610;82484;1;220;13;15,76063;0;4;3;203
15.09.2020 00:00:00;Leoben;611;60060;3;78;19;31,63503;0;3;1;52
15.09.2020 00:00:00;Liezen;612;79901;5;143;14;17,52168;0;1;0;121
15.09.2020 00:00:00;Murau;614;27659;2;23;11;39,77006;0;0;0;12
15.09.2020 00:00:00;Voitsberg;616;51161;0;119;4;7,818456;0;5;0;110
15.09.2020 00:00:00;Weiz;617;90343;4;256;13;14,3896;0;18;1;219
15.09.2020 00:00:00;Murtal;620;72004;0;97;4;5,555247;0;1;2;86
15.09.2020 00:00:00;Bruck-Mürzzuschlag;621;98984;3;120;12;12,12317;0;4;1;98
15.09.2020 00:00:00;Hartberg-Fürstenfeld;622;90622;3;355;14;15,44879;0;39;0;295
15.09.2020 00:00:00;Südoststeiermark;623;85947;0;85;10;11,63508;0;2;0;71
15.09.2020 00:00:00;Innsbruck-Stadt;701;132110;20;978;181;137,007;0;6;10;763
15.09.2020 00:00:00;Imst;702;60056;1;369;42;69,93473;0;6;3;325
15.09.2020 00:00:00;Innsbruck-Land;703;179318;21;736;136;75,84292;0;14;6;570
15.09.2020 00:00:00;Kitzbühel;704;63881;1;424;14;21,91575;0;11;1;402
15.09.2020 00:00:00;Kufstein;705;109682;16;847;107;97,55475;0;35;9;713
15.09.2020 00:00:00;Landeck;706;44362;5;1059;27;60,8629;0;16;2;1019
15.09.2020 00:00:00;Lienz;707;48753;6;171;7;14,35809;0;6;0;157
15.09.2020 00:00:00;Reutte;708;32670;1;105;10;30,60912;0;1;4;88
15.09.2020 00:00:00;Schwaz;709;83873;13;540;70;83,45952;0;14;10;458
15.09.2020 00:00:00;Bludenz;801;63714;3;387;54;84,75375;0;4;4;322
15.09.2020 00:00:00;Bregenz;802;134383;6;414;61;45,39265;0;10;8;337
15.09.2020 00:00:00;Dornbirn;803;89041;8;335;102;114,554;0;4;9;214
15.09.2020 00:00:00;Feldkirch;804;107159;3;345;61;56,92476;0;2;3;269
15.09.2020 00:00:00;Wien;900;1897491;319;11695;2466;129,9611;0;234;146;8020
16.09.2020 00:00:00;Eisenstadt(Stadt);101;14637;1;41;7;47,82401;0;0;0;33
16.09.2020 00:00:00;Rust(Stadt);102;1940;0;3;0;0;0;0;0;2
16.09.2020 00:00:00;Eisenstadt-Umgebung;103;42927;4;88;20;46,59072;0;1;1;56
16.09.2020 00:00:00;Güssing;104;25797;1;41;3;11,62926;0;0;0;41
16.09.2020 00:00:00;Jennersdorf;105;17066;0;14;0;0;0;0;0;14
16.09.2020 00:00:00;Mattersburg;106;39925;1;118;8;20,03757;0;1;0;104
16.09.2020 00:00:00;Neusiedl am See;107;59552;6;111;18;30,22569;0;4;1;84
16.09.2020 00:00:00;Oberpullendorf;108;37513;3;43;8;21,32594;0;1;0;32
16.09.2020 00:00:00;Oberwart;109;54076;5;182;17;31,43724;0;4;0;160
16.09.2020 00:00:00;Klagenfurt Stadt;201;100817;2;178;9;8,927066;0;3;0;166
16.09.2020 00:00:00;Villach Stadt;202;62243;3;74;15;24,0991;0;0;0;57
16.09.2020 00:00:00;Hermagor;203;18224;0;5;0;0;0;0;0;5
16.09.2020 00:00:00;Klagenfurt Land;204;59800;2;75;5;8,361204;0;2;1;69
16.09.2020 00:00:00;Sankt Veit an der Glan;205;54555;0;63;3;5,499038;0;0;0;60
16.09.2020 00:00:00;Spittal an der Drau;206;76091;3;71;9;11,82794;0;1;0;61
16.09.2020 00:00:00;Villach Land;207;64668;3;88;9;13,91724;0;2;3;77
16.09.2020 00:00:00;Völkermarkt;208;41878;1;71;5;11,93944;0;4;1;55
16.09.2020 00:00:00;Wolfsberg;209;52726;0;78;6;11,37959;0;1;0;71
16.09.2020 00:00:00;Feldkirchen;210;29937;1;31;3;10,02104;0;0;0;27
16.09.2020 00:00:00;Krems an der Donau(Stadt);301;24876;4;77;27;108,5384;0;4;0;46
16.09.2020 00:00:00;Sankt Pölten(Stadt);302;55044;2;169;20;36,33457;0;4;1;135
16.09.2020 00:00:00;Waidhofen an der Ybbs(Stadt);303;11261;0;27;1;8,880206;0;3;0;23
16.09.2020 00:00:00;Wiener Neustadt(Stadt);304;45277;4;187;38;83,92782;0;0;6;141
16.09.2020 00:00:00;Amstetten;305;116114;2;361;10;8,612226;0;16;2;333
16.09.2020 00:00:00;Baden;306;146203;11;464;92;62,9262;0;4;6;349
16.09.2020 00:00:00;Bruck an der Leitha;307;102010;8;290;53;51,95569;0;5;3;222
16.09.2020 00:00:00;Gänserndorf;308;103686;17;291;64;61,72482;0;5;2;208
16.09.2020 00:00:00;Gmünd;309;36773;5;27;9;24,47448;0;0;0;18
16.09.2020 00:00:00;Hollabrunn;310;50858;2;75;15;29,49389;0;0;0;58
16.09.2020 00:00:00;Horn;311;31090;1;107;8;25,73175;0;5;0;94
16.09.2020 00:00:00;Korneuburg;312;90889;11;326;45;49,51094;0;6;1;268
16.09.2020 00:00:00;Krems(Land);313;56596;7;221;25;44,17273;0;8;0;187
16.09.2020 00:00:00;Lilienfeld;314;25812;0;82;18;69,73501;0;5;0;58
16.09.2020 00:00:00;Melk;315;77962;7;234;30;38,48029;0;4;3;201
16.09.2020 00:00:00;Mistelbach;316;75483;8;234;36;47,69286;0;7;1;187
16.09.2020 00:00:00;Mödling;317;118998;7;406;67;56,30347;0;7;2;317
16.09.2020 00:00:00;Neunkirchen;318;86291;2;362;72;83,4386;0;8;1;267
16.09.2020 00:00:00;Sankt Pölten(Land);319;131044;10;412;36;27,47169;0;11;2;352
16.09.2020 00:00:00;Scheibbs;320;41403;1;116;6;14,4917;0;1;0;109
16.09.2020 00:00:00;Tulln;321;103771;5;290;27;26,01883;0;6;6;256
16.09.2020 00:00:00;Waidhofen an der Thaya;322;25888;4;95;13;50,21632;0;2;0;80
16.09.2020 00:00:00;Wiener Neustadt(Land);323;77991;2;216;45;57,69897;0;6;1;162
16.09.2020 00:00:00;Zwettl;325;42222;8;125;36;85,2636;0;2;0;84
16.09.2020 00:00:00;Linz(Stadt);401;205726;32;1106;135;65,62126;0;17;0;937
16.09.2020 00:00:00;Steyr(Stadt);402;38193;1;147;14;36,65593;0;2;0;124
16.09.2020 00:00:00;Wels(Stadt);403;61727;10;315;41;66,4215;0;0;6;268
16.09.2020 00:00:00;Braunau am Inn;404;104408;3;272;32;30,64899;0;3;1;230
16.09.2020 00:00:00;Eferding;405;33156;0;114;9;27,14441;0;6;0;98
16.09.2020 00:00:00;Freistadt;406;66621;5;238;23;34,52365;0;6;11;180
16.09.2020 00:00:00;Gmunden;407;101631;0;212;10;9,839518;0;2;0;195
16.09.2020 00:00:00;Grieskirchen;408;64721;3;140;15;23,1764;0;1;1;120
16.09.2020 00:00:00;Kirchdorf an der Krems;409;56866;1;126;8;14,06816;0;2;2;108
16.09.2020 00:00:00;Linz-Land;410;150273;12;808;99;65,8801;0;9;4;687
16.09.2020 00:00:00;Perg;411;68459;0;411;12;17,52874;0;3;1;396
16.09.2020 00:00:00;Ried im Innkreis;412;61204;5;125;16;26,14208;0;0;0;108
16.09.2020 00:00:00;Rohrbach;413;56524;1;218;4;7,07664;0;0;1;212
16.09.2020 00:00:00;Schärding;414;57307;1;83;5;8,724937;0;1;0;69
16.09.2020 00:00:00;Steyr-Land;415;60427;2;265;13;21,51356;0;7;1;239
16.09.2020 00:00:00;Urfahr-Umgebung;416;85505;1;389;13;15,20379;0;5;0;361
16.09.2020 00:00:00;Vöcklabruck;417;136253;9;331;53;38,89823;0;4;7;252
16.09.2020 00:00:00;Wels-Land;418;73094;4;232;25;34,20253;0;1;0;199
16.09.2020 00:00:00;Salzburg(Stadt);501;154211;8;408;67;43,44696;0;1;1;330
16.09.2020 00:00:00;Hallein;502;60374;5;128;15;24,84513;0;1;2;111
16.09.2020 00:00:00;Salzburg-Umgebung;503;152281;10;392;31;20,3571;0;11;0;351
16.09.2020 00:00:00;Sankt Johann im Pongau;504;80573;4;514;18;22,33999;0;17;0;475
16.09.2020 00:00:00;Tamsweg;505;20320;0;31;2;9,84252;0;1;0;28
16.09.2020 00:00:00;Zell am See;506;87462;2;427;13;14,8636;0;9;1;404
16.09.2020 00:00:00;Graz(Stadt);601;288806;19;1046;147;50,89922;1;44;13;833
16.09.2020 00:00:00;Deutschlandsberg;603;60821;3;90;24;39,46006;0;2;1;63
16.09.2020 00:00:00;Graz-Umgebung;606;154260;4;378;42;27,22676;0;35;3;294
16.09.2020 00:00:00;Leibnitz;610;82484;4;224;16;19,3977;0;4;0;203
16.09.2020 00:00:00;Leoben;611;60060;0;78;19;31,63503;0;3;1;53
16.09.2020 00:00:00;Liezen;612;79901;3;146;16;20,02478;0;1;1;122
16.09.2020 00:00:00;Murau;614;27659;3;26;13;47,00098;0;0;0;12
16.09.2020 00:00:00;Voitsberg;616;51161;4;123;7;13,6823;0;5;0;110
16.09.2020 00:00:00;Weiz;617;90343;6;262;17;18,81717;0;18;0;219
16.09.2020 00:00:00;Murtal;620;72004;1;98;4;5,555247;0;1;3;89
16.09.2020 00:00:00;Bruck-Mürzzuschlag;621;98984;1;121;12;12,12317;0;4;5;103
16.09.2020 00:00:00;Hartberg-Fürstenfeld;622;90622;3;358;17;18,75924;0;39;2;297
16.09.2020 00:00:00;Südoststeiermark;623;85947;1;86;10;11,63508;0;2;0;71
16.09.2020 00:00:00;Innsbruck-Stadt;701;132110;14;992;174;131,7084;0;6;16;779
16.09.2020 00:00:00;Imst;702;60056;2;371;39;64,93939;0;6;4;329
16.09.2020 00:00:00;Innsbruck-Land;703;179318;16;752;138;76,95825;0;14;6;576
16.09.2020 00:00:00;Kitzbühel;704;63881;0;424;11;17,21952;0;11;0;402
16.09.2020 00:00:00;Kufstein;705;109682;10;857;97;88,43748;0;35;5;718
16.09.2020 00:00:00;Landeck;706;44362;9;1068;34;76,64217;0;16;1;1020
16.09.2020 00:00:00;Lienz;707;48753;4;175;11;22,56271;0;6;0;157
16.09.2020 00:00:00;Reutte;708;32670;1;106;11;33,67003;0;1;2;90
16.09.2020 00:00:00;Schwaz;709;83873;12;552;70;83,45952;0;14;7;465
16.09.2020 00:00:00;Bludenz;801;63714;10;397;57;89,46229;0;4;6;328
16.09.2020 00:00:00;Bregenz;802;134383;8;422;64;47,62507;0;10;3;340
16.09.2020 00:00:00;Dornbirn;803;89041;20;355;118;132,5232;0;4;5;219
16.09.2020 00:00:00;Feldkirch;804;107159;12;357;69;64,3903;0;2;4;273
16.09.2020 00:00:00;Wien;900;1897491;399;12094;2592;136,6014;3;237;158;8178
17.09.2020 00:00:00;Eisenstadt(Stadt);101;14637;0;41;7;47,82401;0;0;0;33
17.09.2020 00:00:00;Rust(Stadt);102;1940;0;3;0;0;0;0;0;2
17.09.2020 00:00:00;Eisenstadt-Umgebung;103;42927;4;92;22;51,2498;0;1;2;58
17.09.2020 00:00:00;Güssing;104;25797;3;44;4;15,50568;0;0;0;41
17.09.2020 00:00:00;Jennersdorf;105;17066;1;15;1;5,859604;0;0;0;14
17.09.2020 00:00:00;Mattersburg;106;39925;1;119;7;17,53288;0;1;0;104
17.09.2020 00:00:00;Neusiedl am See;107;59552;2;113;18;30,22569;0;4;2;86
17.09.2020 00:00:00;Oberpullendorf;108;37513;0;43;8;21,32594;0;1;0;32
17.09.2020 00:00:00;Oberwart;109;54076;0;182;12;22,19099;0;4;1;161
17.09.2020 00:00:00;Klagenfurt Stadt;201;100817;0;178;7;6,943274;0;3;0;166
17.09.2020 00:00:00;Villach Stadt;202;62243;3;77;18;28,91891;0;0;2;59
17.09.2020 00:00:00;Hermagor;203;18224;0;5;0;0;0;0;0;5
17.09.2020 00:00:00;Klagenfurt Land;204;59800;3;78;6;10,03344;0;2;0;69
17.09.2020 00:00:00;Sankt Veit an der Glan;205;54555;1;64;4;7,33205;0;0;0;60
17.09.2020 00:00:00;Spittal an der Drau;206;76091;0;71;9;11,82794;0;1;0;61
17.09.2020 00:00:00;Villach Land;207;64668;2;90;11;17,00996;0;2;0;77
17.09.2020 00:00:00;Völkermarkt;208;41878;0;71;4;9,551555;0;4;3;58
17.09.2020 00:00:00;Wolfsberg;209;52726;0;78;6;11,37959;0;1;0;71
17.09.2020 00:00:00;Feldkirchen;210;29937;0;31;3;10,02104;0;0;0;27
17.09.2020 00:00:00;Krems an der Donau(Stadt);301;24876;7;84;32;128,638;0;4;0;46
17.09.2020 00:00:00;Sankt Pölten(Stadt);302;55044;4;173;21;38,1513;0;4;2;137
17.09.2020 00:00:00;Waidhofen an der Ybbs(Stadt);303;11261;0;27;1;8,880206;0;3;0;23
17.09.2020 00:00:00;Wiener Neustadt(Stadt);304;45277;5;192;40;88,34508;0;0;0;141
17.09.2020 00:00:00;Amstetten;305;116114;3;364;12;10,33467;0;16;0;333
17.09.2020 00:00:00;Baden;306;146203;15;479;94;64,29417;0;4;10;359
17.09.2020 00:00:00;Bruck an der Leitha;307;102010;7;297;53;51,95569;0;5;0;222
17.09.2020 00:00:00;Gänserndorf;308;103686;19;310;74;71,36932;0;5;2;210
17.09.2020 00:00:00;Gmünd;309;36773;2;29;11;29,91325;0;0;0;18
17.09.2020 00:00:00;Hollabrunn;310;50858;2;77;17;33,4264;0;0;0;58
17.09.2020 00:00:00;Horn;311;31090;0;107;7;22,51528;0;5;1;95
17.09.2020 00:00:00;Korneuburg;312;90889;3;329;47;51,71143;0;6;1;269
17.09.2020 00:00:00;Krems(Land);313;56596;2;223;26;45,93964;0;8;0;187
17.09.2020 00:00:00;Lilienfeld;314;25812;2;84;15;58,11251;0;5;1;59
17.09.2020 00:00:00;Melk;315;77962;6;240;33;42,32831;0;4;0;201
17.09.2020 00:00:00;Mistelbach;316;75483;6;240;38;50,34246;0;7;2;189
17.09.2020 00:00:00;Mödling;317;118998;13;419;67;56,30347;0;7;12;329
17.09.2020 00:00:00;Neunkirchen;318;86291;21;383;83;96,18616;0;8;6;273
17.09.2020 00:00:00;Sankt Pölten(Land);319;131044;5;417;36;27,47169;0;11;2;354
17.09.2020 00:00:00;Scheibbs;320;41403;1;117;7;16,90699;0;1;0;109
17.09.2020 00:00:00;Tulln;321;103771;6;296;31;29,87347;0;6;3;259
17.09.2020 00:00:00;Waidhofen an der Thaya;322;25888;6;101;18;69,53028;0;2;0;80
17.09.2020 00:00:00;Wiener Neustadt(Land);323;77991;9;225;50;64,10996;0;6;5;167
17.09.2020 00:00:00;Zwettl;325;42222;7;132;42;99,47421;0;2;1;85
17.09.2020 00:00:00;Linz(Stadt);401;205726;28;1134;155;75,34293;1;18;5;942
17.09.2020 00:00:00;Steyr(Stadt);402;38193;1;148;14;36,65593;0;2;6;130
17.09.2020 00:00:00;Wels(Stadt);403;61727;1;316;39;63,18143;0;0;4;272
17.09.2020 00:00:00;Braunau am Inn;404;104408;3;275;34;32,56456;0;3;0;230
17.09.2020 00:00:00;Eferding;405;33156;3;117;12;36,19254;0;6;0;98
17.09.2020 00:00:00;Freistadt;406;66621;10;248;27;40,52776;0;6;4;184
17.09.2020 00:00:00;Gmunden;407;101631;4;216;14;13,77532;0;2;2;197
17.09.2020 00:00:00;Grieskirchen;408;64721;2;142;16;24,7215;0;1;1;121
17.09.2020 00:00:00;Kirchdorf an der Krems;409;56866;0;126;6;10,55112;0;2;2;110
17.09.2020 00:00:00;Linz-Land;410;150273;25;833;113;75,19647;0;9;0;687
17.09.2020 00:00:00;Perg;411;68459;3;414;15;21,91092;0;3;1;397
17.09.2020 00:00:00;Ried im Innkreis;412;61204;1;126;17;27,77596;0;0;0;108
17.09.2020 00:00:00;Rohrbach;413;56524;1;219;5;8,8458;0;0;0;212
17.09.2020 00:00:00;Schärding;414;57307;0;83;5;8,724937;0;1;3;72
17.09.2020 00:00:00;Steyr-Land;415;60427;0;265;11;18,20378;0;7;5;244
17.09.2020 00:00:00;Urfahr-Umgebung;416;85505;2;391;13;15,20379;0;5;2;363
17.09.2020 00:00:00;Vöcklabruck;417;136253;19;350;61;44,76966;0;4;2;254
17.09.2020 00:00:00;Wels-Land;418;73094;2;234;25;34,20253;0;1;0;199
17.09.2020 00:00:00;Salzburg(Stadt);501;154211;20;428;81;52,52544;0;1;6;336
17.09.2020 00:00:00;Hallein;502;60374;6;134;21;34,78318;0;1;1;112
17.09.2020 00:00:00;Salzburg-Umgebung;503;152281;5;397;30;19,70042;0;11;3;354
17.09.2020 00:00:00;Sankt Johann im Pongau;504;80573;9;523;26;32,26888;0;17;0;475
17.09.2020 00:00:00;Tamsweg;505;20320;0;31;2;9,84252;0;1;0;28
17.09.2020 00:00:00;Zell am See;506;87462;2;429;11;12,57689;0;9;2;406
17.09.2020 00:00:00;Graz(Stadt);601;288806;18;1064;150;51,93798;1;45;12;845
17.09.2020 00:00:00;Deutschlandsberg;603;60821;1;91;23;37,81589;0;2;0;63
17.09.2020 00:00:00;Graz-Umgebung;606;154260;6;384;42;27,22676;0;35;3;297
17.09.2020 00:00:00;Leibnitz;610;82484;3;227;17;20,61006;0;4;1;204
17.09.2020 00:00:00;Leoben;611;60060;2;80;17;28,30503;0;3;4;57
17.09.2020 00:00:00;Liezen;612;79901;2;148;17;21,27633;0;1;0;122
17.09.2020 00:00:00;Murau;614;27659;0;26;12;43,38552;0;0;0;12
17.09.2020 00:00:00;Voitsberg;616;51161;0;123;6;11,72768;0;5;0;110
17.09.2020 00:00:00;Weiz;617;90343;6;268;23;25,45853;0;18;0;219
17.09.2020 00:00:00;Murtal;620;72004;1;99;5;6,944059;0;1;0;89
17.09.2020 00:00:00;Bruck-Mürzzuschlag;621;98984;1;122;11;11,11291;0;4;0;103
17.09.2020 00:00:00;Hartberg-Fürstenfeld;622;90622;7;365;24;26,48363;0;39;0;297
17.09.2020 00:00:00;Südoststeiermark;623;85947;0;86;9;10,47157;0;2;0;71
17.09.2020 00:00:00;Innsbruck-Stadt;701;132110;16;1008;166;125,6529;0;6;10;789
17.09.2020 00:00:00;Imst;702;60056;3;374;38;63,27428;0;6;9;338
17.09.2020 00:00:00;Innsbruck-Land;703;179318;11;763;139;77,51592;0;14;13;589
17.09.2020 00:00:00;Kitzbühel;704;63881;4;428;13;20,35034;0;11;2;404
17.09.2020 00:00:00;Kufstein;705;109682;6;863;89;81,14367;0;35;16;734
17.09.2020 00:00:00;Landeck;706;44362;5;1073;36;81,15054;0;16;3;1023
17.09.2020 00:00:00;Lienz;707;48753;2;177;13;26,66503;0;6;0;157
17.09.2020 00:00:00;Reutte;708;32670;2;108;11;33,67003;0;1;3;93
17.09.2020 00:00:00;Schwaz;709;83873;16;568;73;87,03635;0;14;5;470
17.09.2020 00:00:00;Bludenz;801;63714;7;404;53;83,18423;0;4;2;330
17.09.2020 00:00:00;Bregenz;802;134383;16;438;77;57,29892;0;10;8;348
17.09.2020 00:00:00;Dornbirn;803;89041;6;361;115;129,154;0;4;4;223
17.09.2020 00:00:00;Feldkirch;804;107159;7;364;71;66,25668;0;2;4;277
17.09.2020 00:00:00;Wien;900;1897491;340;12434;2549;134,3353;1;238;200;8378
18.09.2020 00:00:00;Eisenstadt(Stadt);101;14637;1;42;6;40,99201;0;0;0;33
18.09.2020 00:00:00;Rust(Stadt);102;1940;0;3;0;0;0;0;1;3
18.09.2020 00:00:00;Eisenstadt-Umgebung;103;42927;1;93;21;48,92026;0;1;3;61
18.09.2020 00:00:00;Güssing;104;25797;2;46;6;23,25852;0;0;0;41
18.09.2020 00:00:00;Jennersdorf;105;17066;1;16;2;11,71921;0;0;0;14
18.09.2020 00:00:00;Mattersburg;106;39925;0;119;6;15,02818;0;1;1;105
18.09.2020 00:00:00;Neusiedl am See;107;59552;5;118;20;33,5841;0;4;0;86
18.09.2020 00:00:00;Oberpullendorf;108;37513;0;43;7;18,6602;0;1;4;36
18.09.2020 00:00:00;Oberwart;109;54076;2;184;13;24,04024;0;4;3;164
18.09.2020 00:00:00;Klagenfurt Stadt;201;100817;1;179;6;5,951377;0;3;0;166
18.09.2020 00:00:00;Villach Stadt;202;62243;2;79;18;28,91891;0;0;1;60
18.09.2020 00:00:00;Hermagor;203;18224;0;5;0;0;0;0;0;5
18.09.2020 00:00:00;Klagenfurt Land;204;59800;0;78;6;10,03344;0;2;0;69
18.09.2020 00:00:00;Sankt Veit an der Glan;205;54555;0;64;4;7,33205;0;0;0;60
18.09.2020 00:00:00;Spittal an der Drau;206;76091;1;72;10;13,14216;0;1;0;61
18.09.2020 00:00:00;Villach Land;207;64668;2;92;12;18,55632;0;2;0;77
18.09.2020 00:00:00;Völkermarkt;208;41878;1;72;4;9,551555;0;4;3;61
18.09.2020 00:00:00;Wolfsberg;209;52726;1;79;7;13,27618;0;1;0;71
18.09.2020 00:00:00;Feldkirchen;210;29937;0;31;3;10,02104;0;0;0;27
18.09.2020 00:00:00;Krems an der Donau(Stadt);301;24876;5;89;35;140,6979;0;4;0;46
18.09.2020 00:00:00;Sankt Pölten(Stadt);302;55044;5;178;23;41,78476;0;4;4;141
18.09.2020 00:00:00;Waidhofen an der Ybbs(Stadt);303;11261;0;27;1;8,880206;0;3;0;23
18.09.2020 00:00:00;Wiener Neustadt(Stadt);304;45277;6;198;41;90,5537;0;0;8;149
18.09.2020 00:00:00;Amstetten;305;116114;2;366;12;10,33467;0;16;3;336
18.09.2020 00:00:00;Baden;306;146203;8;487;92;62,9262;0;4;7;366
18.09.2020 00:00:00;Bruck an der Leitha;307;102010;6;303;55;53,91628;0;5;13;235
18.09.2020 00:00:00;Gänserndorf;308;103686;11;321;79;76,19158;0;5;3;213
18.09.2020 00:00:00;Gmünd;309;36773;2;31;13;35,35202;0;0;0;18
18.09.2020 00:00:00;Hollabrunn;310;50858;1;78;16;31,46014;0;0;1;59
18.09.2020 00:00:00;Horn;311;31090;0;107;7;22,51528;0;5;0;95
18.09.2020 00:00:00;Korneuburg;312;90889;5;334;48;52,81167;0;6;3;272
18.09.2020 00:00:00;Krems(Land);313;56596;10;233;34;60,07492;0;8;1;188
18.09.2020 00:00:00;Lilienfeld;314;25812;1;85;16;61,98667;0;5;4;63
18.09.2020 00:00:00;Melk;315;77962;5;245;37;47,45902;0;4;2;203
18.09.2020 00:00:00;Mistelbach;316;75483;5;245;40;52,99207;0;7;5;194
18.09.2020 00:00:00;Mödling;317;118998;10;429;68;57,14382;0;7;15;344
18.09.2020 00:00:00;Neunkirchen;318;86291;20;403;99;114,7281;0;8;12;285
18.09.2020 00:00:00;Sankt Pölten(Land);319;131044;6;423;38;28,99789;0;11;0;354
18.09.2020 00:00:00;Scheibbs;320;41403;1;118;8;19,32227;0;1;0;109
18.09.2020 00:00:00;Tulln;321;103771;4;300;34;32,76445;0;6;3;262
18.09.2020 00:00:00;Waidhofen an der Thaya;322;25888;5;106;23;88,84425;0;2;1;81
18.09.2020 00:00:00;Wiener Neustadt(Land);323;77991;5;230;48;61,54556;0;6;11;178
18.09.2020 00:00:00;Zwettl;325;42222;8;140;49;116,0532;0;2;0;85
18.09.2020 00:00:00;Linz(Stadt);401;205726;31;1165;179;87,00893;0;18;2;944
18.09.2020 00:00:00;Steyr(Stadt);402;38193;1;149;12;31,41937;0;2;0;130
18.09.2020 00:00:00;Wels(Stadt);403;61727;2;318;34;55,08125;0;0;3;275
18.09.2020 00:00:00;Braunau am Inn;404;104408;9;284;38;36,39568;0;3;0;230
18.09.2020 00:00:00;Eferding;405;33156;3;120;10;30,16045;0;6;0;98
18.09.2020 00:00:00;Freistadt;406;66621;5;253;26;39,02673;0;6;7;191
18.09.2020 00:00:00;Gmunden;407;101631;9;225;23;22,63089;0;2;2;199
18.09.2020 00:00:00;Grieskirchen;408;64721;2;144;18;27,81168;0;1;1;122
18.09.2020 00:00:00;Kirchdorf an der Krems;409;56866;2;128;7;12,30964;0;2;3;113
18.09.2020 00:00:00;Linz-Land;410;150273;14;847;124;82,51649;0;9;3;690
18.09.2020 00:00:00;Perg;411;68459;6;420;17;24,83238;0;3;0;397
18.09.2020 00:00:00;Ried im Innkreis;412;61204;6;132;22;35,94536;0;0;2;110
18.09.2020 00:00:00;Rohrbach;413;56524;2;221;6;10,61496;0;0;0;212
18.09.2020 00:00:00;Schärding;414;57307;0;83;5;8,724937;0;1;0;72
18.09.2020 00:00:00;Steyr-Land;415;60427;0;265;10;16,54889;0;7;1;245
18.09.2020 00:00:00;Urfahr-Umgebung;416;85505;3;394;14;16,37331;1;6;1;364
18.09.2020 00:00:00;Vöcklabruck;417;136253;11;361;68;49,90716;0;4;17;271
18.09.2020 00:00:00;Wels-Land;418;73094;3;237;25;34,20253;0;1;4;203
18.09.2020 00:00:00;Salzburg(Stadt);501;154211;13;441;88;57,06467;0;1;4;340
18.09.2020 00:00:00;Hallein;502;60374;3;137;21;34,78318;0;1;0;112
18.09.2020 00:00:00;Salzburg-Umgebung;503;152281;15;412;40;26,26723;0;11;4;358
18.09.2020 00:00:00;Sankt Johann im Pongau;504;80573;4;527;29;35,99221;0;17;2;477
18.09.2020 00:00:00;Tamsweg;505;20320;2;33;4;19,68504;0;1;0;28
18.09.2020 00:00:00;Zell am See;506;87462;2;431;11;12,57689;0;9;0;406
18.09.2020 00:00:00;Graz(Stadt);601;288806;13;1077;135;46,74418;0;45;16;861
18.09.2020 00:00:00;Deutschlandsberg;603;60821;1;92;22;36,17172;0;2;0;63
18.09.2020 00:00:00;Graz-Umgebung;606;154260;2;386;41;26,5785;0;35;4;301
18.09.2020 00:00:00;Leibnitz;610;82484;4;231;17;20,61006;1;5;3;207
18.09.2020 00:00:00;Leoben;611;60060;0;80;15;24,97503;0;3;2;59
18.09.2020 00:00:00;Liezen;612;79901;0;148;15;18,77323;0;1;1;123
18.09.2020 00:00:00;Murau;614;27659;4;30;16;57,84735;0;0;1;13
18.09.2020 00:00:00;Voitsberg;616;51161;1;124;7;13,6823;0;5;0;110
18.09.2020 00:00:00;Weiz;617;90343;0;268;22;24,35164;0;18;7;226
18.09.2020 00:00:00;Murtal;620;72004;0;99;5;6,944059;0;1;0;89
18.09.2020 00:00:00;Bruck-Mürzzuschlag;621;98984;0;122;10;10,10264;0;4;1;104
18.09.2020 00:00:00;Hartberg-Fürstenfeld;622;90622;4;369;24;26,48363;0;39;2;299
18.09.2020 00:00:00;Südoststeiermark;623;85947;1;87;9;10,47157;0;2;2;73
18.09.2020 00:00:00;Innsbruck-Stadt;701;132110;32;1040;172;130,1945;0;6;31;820
18.09.2020 00:00:00;Imst;702;60056;5;379;40;66,6045;0;6;7;345
18.09.2020 00:00:00;Innsbruck-Land;703;179318;14;777;138;76,95825;0;14;20;609
18.09.2020 00:00:00;Kitzbühel;704;63881;1;429;12;18,78493;0;11;3;407
18.09.2020 00:00:00;Kufstein;705;109682;4;867;80;72,93813;0;35;15;749
18.09.2020 00:00:00;Landeck;706;44362;9;1082;45;101,4382;0;16;0;1023
18.09.2020 00:00:00;Lienz;707;48753;2;179;15;30,76734;0;6;0;157
18.09.2020 00:00:00;Reutte;708;32670;4;112;15;45,91368;0;1;2;95
18.09.2020 00:00:00;Schwaz;709;83873;17;585;80;95,3823;0;14;6;476
18.09.2020 00:00:00;Bludenz;801;63714;9;413;54;84,75375;0;4;7;337
18.09.2020 00:00:00;Bregenz;802;134383;13;451;79;58,7872;0;10;6;354
18.09.2020 00:00:00;Dornbirn;803;89041;16;377;115;129,154;0;4;15;238
18.09.2020 00:00:00;Feldkirch;804;107159;3;367;64;59,72433;0;2;8;285
18.09.2020 00:00:00;Wien;900;1897491;420;12854;2687;141,608;1;239;151;8529
19.09.2020 00:00:00;Eisenstadt(Stadt);101;14637;0;42;6;40,99201;0;0;1;34
19.09.2020 00:00:00;Rust(Stadt);102;1940;0;3;0;0;0;0;0;3
19.09.2020 00:00:00;Eisenstadt-Umgebung;103;42927;1;94;20;46,59072;0;1;3;64
19.09.2020 00:00:00;Güssing;104;25797;0;46;6;23,25852;0;0;0;41
19.09.2020 00:00:00;Jennersdorf;105;17066;0;16;2;11,71921;0;0;0;14
19.09.2020 00:00:00;Mattersburg;106;39925;1;120;6;15,02818;0;1;0;105
19.09.2020 00:00:00;Neusiedl am See;107;59552;7;125;24;40,30091;0;4;0;86
19.09.2020 00:00:00;Oberpullendorf;108;37513;2;45;9;23,99168;0;1;1;37
19.09.2020 00:00:00;Oberwart;109;54076;2;186;13;24,04024;0;4;1;165
19.09.2020 00:00:00;Klagenfurt Stadt;201;100817;0;179;5;4,959481;0;3;1;167
19.09.2020 00:00:00;Villach Stadt;202;62243;6;85;24;38,55855;0;0;1;61
19.09.2020 00:00:00;Hermagor;203;18224;0;5;0;0;0;0;0;5
19.09.2020 00:00:00;Klagenfurt Land;204;59800;2;80;7;11,70569;0;2;0;69
19.09.2020 00:00:00;Sankt Veit an der Glan;205;54555;0;64;4;7,33205;0;0;0;60
19.09.2020 00:00:00;Spittal an der Drau;206;76091;0;72;9;11,82794;0;1;0;61
19.09.2020 00:00:00;Villach Land;207;64668;7;99;19;29,38084;0;2;0;77
19.09.2020 00:00:00;Völkermarkt;208;41878;0;72;4;9,551555;0;4;0;61
19.09.2020 00:00:00;Wolfsberg;209;52726;0;79;6;11,37959;0;1;0;71
19.09.2020 00:00:00;Feldkirchen;210;29937;0;31;2;6,680696;0;0;0;27
19.09.2020 00:00:00;Krems an der Donau(Stadt);301;24876;0;89;33;132,658;0;4;2;48
19.09.2020 00:00:00;Sankt Pölten(Stadt);302;55044;6;184;25;45,41821;0;4;4;145
19.09.2020 00:00:00;Waidhofen an der Ybbs(Stadt);303;11261;0;27;1;8,880206;0;3;0;23
19.09.2020 00:00:00;Wiener Neustadt(Stadt);304;45277;9;207;42;92,76233;0;0;2;151
19.09.2020 00:00:00;Amstetten;305;116114;1;367;12;10,33467;0;16;0;336
19.09.2020 00:00:00;Baden;306;146203;12;499;80;54,71844;0;4;15;381
19.09.2020 00:00:00;Bruck an der Leitha;307;102010;4;307;52;50,9754;0;5;1;236
19.09.2020 00:00:00;Gänserndorf;308;103686;14;335;89;85,83608;0;5;4;217
19.09.2020 00:00:00;Gmünd;309;36773;4;35;16;43,51019;0;0;0;18
19.09.2020 00:00:00;Hollabrunn;310;50858;1;79;15;29,49389;0;0;1;60
19.09.2020 00:00:00;Horn;311;31090;0;107;5;16,08234;0;5;0;95
19.09.2020 00:00:00;Korneuburg;312;90889;6;340;49;53,91191;0;6;1;273
19.09.2020 00:00:00;Krems(Land);313;56596;4;237;34;60,07492;0;8;0;188
19.09.2020 00:00:00;Lilienfeld;314;25812;0;85;7;27,11917;0;5;0;63
19.09.2020 00:00:00;Melk;315;77962;8;253;43;55,15508;0;4;1;204
19.09.2020 00:00:00;Mistelbach;316;75483;7;252;44;58,29127;0;7;1;195
19.09.2020 00:00:00;Mödling;317;118998;6;435;57;47,89996;0;7;2;346
19.09.2020 00:00:00;Neunkirchen;318;86291;4;407;90;104,2982;0;8;3;288
19.09.2020 00:00:00;Sankt Pölten(Land);319;131044;3;426;38;28,99789;0;11;6;360
19.09.2020 00:00:00;Scheibbs;320;41403;4;122;12;28,98341;0;1;0;109
19.09.2020 00:00:00;Tulln;321;103771;7;307;39;37,58276;0;6;1;263
19.09.2020 00:00:00;Waidhofen an der Thaya;322;25888;2;108;25;96,56984;0;2;0;81
19.09.2020 00:00:00;Wiener Neustadt(Land);323;77991;3;233;38;48,72357;0;6;5;183
19.09.2020 00:00:00;Zwettl;325;42222;7;147;51;120,7901;0;2;3;88
19.09.2020 00:00:00;Linz(Stadt);401;205726;13;1178;176;85,55068;0;18;18;962
19.09.2020 00:00:00;Steyr(Stadt);402;38193;1;150;8;20,94625;0;2;0;130
19.09.2020 00:00:00;Wels(Stadt);403;61727;4;322;35;56,70128;0;0;0;275
19.09.2020 00:00:00;Braunau am Inn;404;104408;1;285;34;32,56456;0;3;0;230
19.09.2020 00:00:00;Eferding;405;33156;2;122;12;36,19254;0;6;1;99
19.09.2020 00:00:00;Freistadt;406;66621;2;255;28;42,02879;0;6;16;207
19.09.2020 00:00:00;Gmunden;407;101631;1;226;18;17,71113;0;2;1;200
19.09.2020 00:00:00;Grieskirchen;408;64721;4;148;21;32,44696;0;1;2;124
19.09.2020 00:00:00;Kirchdorf an der Krems;409;56866;3;131;9;15,82668;0;2;1;114
19.09.2020 00:00:00;Linz-Land;410;150273;11;858;115;76,52739;0;9;5;695
19.09.2020 00:00:00;Perg;411;68459;2;422;17;24,83238;0;3;1;398
19.09.2020 00:00:00;Ried im Innkreis;412;61204;2;134;22;35,94536;0;0;0;110
19.09.2020 00:00:00;Rohrbach;413;56524;0;221;6;10,61496;0;0;1;213
19.09.2020 00:00:00;Schärding;414;57307;0;83;4;6,97995;0;1;0;72
19.09.2020 00:00:00;Steyr-Land;415;60427;0;265;9;14,894;0;7;2;247
19.09.2020 00:00:00;Urfahr-Umgebung;416;85505;2;396;14;16,37331;0;6;6;370
19.09.2020 00:00:00;Vöcklabruck;417;136253;1;362;54;39,63216;0;4;4;275
19.09.2020 00:00:00;Wels-Land;418;73094;2;239;25;34,20253;0;1;2;205
19.09.2020 00:00:00;Salzburg(Stadt);501;154211;6;447;77;49,93159;0;1;6;346
19.09.2020 00:00:00;Hallein;502;60374;6;143;26;43,0649;0;1;3;115
19.09.2020 00:00:00;Salzburg-Umgebung;503;152281;7;419;47;30,86399;0;11;2;360
19.09.2020 00:00:00;Sankt Johann im Pongau;504;80573;9;536;36;44,67998;0;17;1;478
19.09.2020 00:00:00;Tamsweg;505;20320;0;33;4;19,68504;0;1;0;28
19.09.2020 00:00:00;Zell am See;506;87462;1;432;9;10,29018;0;9;2;408
19.09.2020 00:00:00;Graz(Stadt);601;288806;20;1097;137;47,43669;0;45;16;877
19.09.2020 00:00:00;Deutschlandsberg;603;60821;1;93;19;31,23921;0;2;2;65
19.09.2020 00:00:00;Graz-Umgebung;606;154260;14;400;46;29,81978;0;35;0;301
19.09.2020 00:00:00;Leibnitz;610;82484;4;235;19;23,03477;0;5;1;208
19.09.2020 00:00:00;Leoben;611;60060;0;80;15;24,97503;0;3;0;59
19.09.2020 00:00:00;Liezen;612;79901;4;152;17;21,27633;0;1;0;123
19.09.2020 00:00:00;Murau;614;27659;2;32;14;50,61644;0;0;2;15
19.09.2020 00:00:00;Voitsberg;616;51161;1;125;6;11,72768;0;5;2;112
19.09.2020 00:00:00;Weiz;617;90343;3;271;25;27,67232;0;18;0;226
19.09.2020 00:00:00;Murtal;620;72004;1;100;6;8,33287;0;1;0;89
19.09.2020 00:00:00;Bruck-Mürzzuschlag;621;98984;4;126;13;13,13344;0;4;0;104
19.09.2020 00:00:00;Hartberg-Fürstenfeld;622;90622;4;373;26;28,69061;0;39;0;299
19.09.2020 00:00:00;Südoststeiermark;623;85947;3;90;10;11,63508;0;2;0;73
19.09.2020 00:00:00;Innsbruck-Stadt;701;132110;14;1054;156;118,0834;0;6;23;843
19.09.2020 00:00:00;Imst;702;60056;3;382;21;34,96737;0;6;3;348
19.09.2020 00:00:00;Innsbruck-Land;703;179318;5;782;122;68,03556;0;14;18;627
19.09.2020 00:00:00;Kitzbühel;704;63881;7;436;17;26,61198;0;11;0;407
19.09.2020 00:00:00;Kufstein;705;109682;9;876;72;65,64432;0;35;12;761
19.09.2020 00:00:00;Landeck;706;44362;6;1088;48;108,2007;0;16;0;1023
19.09.2020 00:00:00;Lienz;707;48753;0;179;15;30,76734;0;6;0;157
19.09.2020 00:00:00;Reutte;708;32670;4;116;18;55,09642;0;1;3;98
19.09.2020 00:00:00;Schwaz;709;83873;4;589;73;87,03635;0;14;5;481
19.09.2020 00:00:00;Bludenz;801;63714;5;418;49;76,90617;0;4;6;343
19.09.2020 00:00:00;Bregenz;802;134383;13;464;72;53,57821;0;10;11;365
19.09.2020 00:00:00;Dornbirn;803;89041;18;395;104;116,8001;0;4;10;248
19.09.2020 00:00:00;Feldkirch;804;107159;6;373;56;52,25879;0;2;8;293
19.09.2020 00:00:00;Wien;900;1897491;288;13142;2522;132,9124;0;239;76;8605
20.09.2020 00:00:00;Eisenstadt(Stadt);101;14637;1;43;6;40,99201;0;0;0;34
20.09.2020 00:00:00;Rust(Stadt);102;1940;0;3;0;0;0;0;0;3
20.09.2020 00:00:00;Eisenstadt-Umgebung;103;42927;0;94;19;44,26119;0;1;2;66
20.09.2020 00:00:00;Güssing;104;25797;1;47;7;27,13494;0;0;1;42
20.09.2020 00:00:00;Jennersdorf;105;17066;0;16;2;11,71921;0;0;0;14
20.09.2020 00:00:00;Mattersburg;106;39925;1;121;7;17,53288;0;1;1;106
20.09.2020 00:00:00;Neusiedl am See;107;59552;0;125;24;40,30091;0;4;1;87
20.09.2020 00:00:00;Oberpullendorf;108;37513;0;45;9;23,99168;0;1;0;37
20.09.2020 00:00:00;Oberwart;109;54076;0;186;13;24,04024;0;4;0;165
20.09.2020 00:00:00;Klagenfurt Stadt;201;100817;1;180;5;4,959481;0;3;0;167
20.09.2020 00:00:00;Villach Stadt;202;62243;2;87;25;40,16516;0;0;0;61
20.09.2020 00:00:00;Hermagor;203;18224;0;5;0;0;0;0;0;5
20.09.2020 00:00:00;Klagenfurt Land;204;59800;2;82;9;15,05017;0;2;0;69
20.09.2020 00:00:00;Sankt Veit an der Glan;205;54555;2;66;6;10,99808;0;0;0;60
20.09.2020 00:00:00;Spittal an der Drau;206;76091;0;72;5;6,571079;0;1;0;61
20.09.2020 00:00:00;Villach Land;207;64668;6;105;22;34,01992;0;2;2;79
20.09.2020 00:00:00;Völkermarkt;208;41878;0;72;4;9,551555;0;4;0;61
20.09.2020 00:00:00;Wolfsberg;209;52726;1;80;3;5,689793;0;1;3;74
20.09.2020 00:00:00;Feldkirchen;210;29937;0;31;1;3,340348;0;0;0;27
20.09.2020 00:00:00;Krems an der Donau(Stadt);301;24876;2;91;34;136,6779;0;4;4;52
20.09.2020 00:00:00;Sankt Pölten(Stadt);302;55044;2;186;26;47,23494;0;4;0;145
20.09.2020 00:00:00;Waidhofen an der Ybbs(Stadt);303;11261;1;28;1;8,880206;0;3;0;23
20.09.2020 00:00:00;Wiener Neustadt(Stadt);304;45277;5;212;44;97,17958;0;0;3;154
20.09.2020 00:00:00;Amstetten;305;116114;0;367;11;9,473449;0;16;0;336
20.09.2020 00:00:00;Baden;306;146203;17;516;90;61,55824;1;5;5;386
20.09.2020 00:00:00;Bruck an der Leitha;307;102010;1;308;42;41,17244;0;5;16;252
20.09.2020 00:00:00;Gänserndorf;308;103686;2;337;89;85,83608;0;5;4;221
20.09.2020 00:00:00;Gmünd;309;36773;2;37;18;48,94896;0;0;1;19
20.09.2020 00:00:00;Hollabrunn;310;50858;1;80;15;29,49389;0;0;2;62
20.09.2020 00:00:00;Horn;311;31090;0;107;5;16,08234;0;5;0;95
20.09.2020 00:00:00;Korneuburg;312;90889;9;349;52;57,21264;0;6;6;279
20.09.2020 00:00:00;Krems(Land);313;56596;9;246;41;72,44328;0;8;5;193
20.09.2020 00:00:00;Lilienfeld;314;25812;2;87;7;27,11917;0;5;0;63
20.09.2020 00:00:00;Melk;315;77962;9;262;52;66,69916;0;4;4;208
20.09.2020 00:00:00;Mistelbach;316;75483;4;256;47;62,26567;0;7;1;196
20.09.2020 00:00:00;Mödling;317;118998;8;443;57;47,89996;0;7;4;350
20.09.2020 00:00:00;Neunkirchen;318;86291;7;414;87;100,8216;0;8;6;294
20.09.2020 00:00:00;Sankt Pölten(Land);319;131044;4;430;39;29,761;0;11;2;362
20.09.2020 00:00:00;Scheibbs;320;41403;1;123;11;26,56812;0;1;0;109
20.09.2020 00:00:00;Tulln;321;103771;6;313;41;39,51007;0;6;3;266
20.09.2020 00:00:00;Waidhofen an der Thaya;322;25888;1;109;26;100,4326;0;2;0;81
20.09.2020 00:00:00;Wiener Neustadt(Land);323;77991;1;234;35;44,87697;0;6;5;188
20.09.2020 00:00:00;Zwettl;325;42222;3;150;53;125,527;0;2;0;88
20.09.2020 00:00:00;Linz(Stadt);401;205726;2;1180;165;80,20377;0;18;6;968
20.09.2020 00:00:00;Steyr(Stadt);402;38193;0;150;8;20,94625;0;2;3;133
20.09.2020 00:00:00;Wels(Stadt);403;61727;0;322;27;43,74099;0;0;4;279
20.09.2020 00:00:00;Braunau am Inn;404;104408;1;286;32;30,64899;0;3;0;230
20.09.2020 00:00:00;Eferding;405;33156;0;122;10;30,16045;0;6;3;102
20.09.2020 00:00:00;Freistadt;406;66621;2;257;29;43,52982;0;6;1;208
20.09.2020 00:00:00;Gmunden;407;101631;5;231;23;22,63089;0;2;0;200
20.09.2020 00:00:00;Grieskirchen;408;64721;12;160;31;47,8979;0;1;2;126
20.09.2020 00:00:00;Kirchdorf an der Krems;409;56866;2;133;10;17,5852;0;2;0;114
20.09.2020 00:00:00;Linz-Land;410;150273;5;863;108;71,8692;0;9;2;697
20.09.2020 00:00:00;Perg;411;68459;8;430;23;33,59675;0;3;1;399
20.09.2020 00:00:00;Ried im Innkreis;412;61204;7;141;25;40,847;0;0;0;110
20.09.2020 00:00:00;Rohrbach;413;56524;1;222;7;12,38412;0;0;0;213
20.09.2020 00:00:00;Schärding;414;57307;1;84;5;8,724937;0;1;1;73
20.09.2020 00:00:00;Steyr-Land;415;60427;2;267;11;18,20378;0;7;0;247
20.09.2020 00:00:00;Urfahr-Umgebung;416;85505;9;405;21;24,55997;0;6;3;373
20.09.2020 00:00:00;Vöcklabruck;417;136253;6;368;60;44,03573;0;4;0;275
20.09.2020 00:00:00;Wels-Land;418;73094;3;242;25;34,20253;0;1;0;205
20.09.2020 00:00:00;Salzburg(Stadt);501;154211;6;453;73;47,33774;0;1;0;346
20.09.2020 00:00:00;Hallein;502;60374;1;144;27;44,72124;0;1;2;117
20.09.2020 00:00:00;Salzburg-Umgebung;503;152281;0;419;41;26,92391;0;11;1;361
20.09.2020 00:00:00;Sankt Johann im Pongau;504;80573;5;541;38;47,1622;0;17;0;478
20.09.2020 00:00:00;Tamsweg;505;20320;0;33;3;14,76378;0;1;0;28
20.09.2020 00:00:00;Zell am See;506;87462;9;441;18;20,58037;0;9;0;408
20.09.2020 00:00:00;Graz(Stadt);601;288806;17;1114;133;46,05167;0;45;7;884
20.09.2020 00:00:00;Deutschlandsberg;603;60821;2;95;19;31,23921;0;2;0;65
20.09.2020 00:00:00;Graz-Umgebung;606;154260;4;404;45;29,17153;0;35;6;307
20.09.2020 00:00:00;Leibnitz;610;82484;11;246;29;35,15833;0;5;1;209
20.09.2020 00:00:00;Leoben;611;60060;2;82;14;23,31002;0;3;0;59
20.09.2020 00:00:00;Liezen;612;79901;3;155;19;23,77943;0;1;0;123
20.09.2020 00:00:00;Murau;614;27659;0;32;12;43,38552;0;0;2;17
20.09.2020 00:00:00;Voitsberg;616;51161;4;129;10;19,54614;0;5;0;112
20.09.2020 00:00:00;Weiz;617;90343;1;272;24;26,56542;0;18;1;227
20.09.2020 00:00:00;Murtal;620;72004;0;100;6;8,33287;0;1;0;89
20.09.2020 00:00:00;Bruck-Mürzzuschlag;621;98984;3;129;15;15,15396;0;4;2;106
20.09.2020 00:00:00;Hartberg-Fürstenfeld;622;90622;2;375;27;29,79409;1;40;2;301
20.09.2020 00:00:00;Südoststeiermark;623;85947;1;91;9;10,47157;0;2;0;73
20.09.2020 00:00:00;Innsbruck-Stadt;701;132110;10;1064;159;120,3542;0;6;29;872
20.09.2020 00:00:00;Imst;702;60056;1;383;18;29,97203;0;6;10;358
20.09.2020 00:00:00;Innsbruck-Land;703;179318;7;789;123;68,59322;0;14;20;647
20.09.2020 00:00:00;Kitzbühel;704;63881;0;436;14;21,91575;0;11;2;409
20.09.2020 00:00:00;Kufstein;705;109682;1;877;56;51,05669;0;35;16;777
20.09.2020 00:00:00;Landeck;706;44362;0;1088;44;99,18398;0;16;3;1026
20.09.2020 00:00:00;Lienz;707;48753;0;179;15;30,76734;0;6;1;158
20.09.2020 00:00:00;Reutte;708;32670;0;116;14;42,85277;0;1;1;99
20.09.2020 00:00:00;Schwaz;709;83873;4;593;73;87,03635;0;14;6;487
20.09.2020 00:00:00;Bludenz;801;63714;5;423;52;81,61472;0;4;7;350
20.09.2020 00:00:00;Bregenz;802;134383;16;480;86;63,99619;0;10;9;374
20.09.2020 00:00:00;Dornbirn;803;89041;10;405;107;120,1694;0;4;18;266
20.09.2020 00:00:00;Feldkirch;804;107159;3;376;59;55,05837;1;3;6;299
20.09.2020 00:00:00;Wien;900;1897491;160;13302;2529;133,2813;1;240;100;8705
21.09.2020 00:00:00;Eisenstadt(Stadt);101;14637;0;43;3;20,496;0;0;0;34
21.09.2020 00:00:00;Rust(Stadt);102;1940;0;3;0;0;0;0;0;3
21.09.2020 00:00:00;Eisenstadt-Umgebung;103;42927;0;94;18;41,93165;0;1;10;76
21.09.2020 00:00:00;Güssing;104;25797;7;54;14;54,26987;0;0;1;43
21.09.2020 00:00:00;Jennersdorf;105;17066;1;17;3;17,57881;0;0;0;14
21.09.2020 00:00:00;Mattersburg;106;39925;2;123;8;20,03757;0;1;1;107
21.09.2020 00:00:00;Neusiedl am See;107;59552;13;138;37;62,13057;0;4;0;87
21.09.2020 00:00:00;Oberpullendorf;108;37513;1;46;8;21,32594;0;1;0;37
21.09.2020 00:00:00;Oberwart;109;54076;7;193;18;33,28649;0;4;1;166
21.09.2020 00:00:00;Klagenfurt Stadt;201;100817;2;182;7;6,943274;0;3;3;170
21.09.2020 00:00:00;Villach Stadt;202;62243;2;89;23;36,95195;0;0;1;62
21.09.2020 00:00:00;Hermagor;203;18224;0;5;0;0;0;0;0;5
21.09.2020 00:00:00;Klagenfurt Land;204;59800;2;84;11;18,39465;0;2;0;69
21.09.2020 00:00:00;Sankt Veit an der Glan;205;54555;0;66;5;9,165063;0;0;1;61
21.09.2020 00:00:00;Spittal an der Drau;206;76091;2;74;7;9,199512;0;1;0;61
21.09.2020 00:00:00;Villach Land;207;64668;0;105;21;32,47356;0;2;2;81
21.09.2020 00:00:00;Völkermarkt;208;41878;0;72;4;9,551555;0;4;2;63
21.09.2020 00:00:00;Wolfsberg;209;52726;0;80;3;5,689793;0;1;0;74
21.09.2020 00:00:00;Feldkirchen;210;29937;1;32;2;6,680696;0;0;0;27
21.09.2020 00:00:00;Krems an der Donau(Stadt);301;24876;1;92;31;124,6181;0;4;1;53
21.09.2020 00:00:00;Sankt Pölten(Stadt);302;55044;3;189;28;50,8684;0;4;2;147
21.09.2020 00:00:00;Waidhofen an der Ybbs(Stadt);303;11261;0;28;1;8,880206;0;3;0;23
21.09.2020 00:00:00;Wiener Neustadt(Stadt);304;45277;1;213;43;94,97095;0;0;6;160
21.09.2020 00:00:00;Amstetten;305;116114;0;367;10;8,612226;0;16;2;338
21.09.2020 00:00:00;Baden;306;146203;4;520;91;62,24223;0;5;12;398
21.09.2020 00:00:00;Bruck an der Leitha;307;102010;3;311;42;41,17244;0;5;4;256
21.09.2020 00:00:00;Gänserndorf;308;103686;12;349;93;89,69389;0;5;15;236
21.09.2020 00:00:00;Gmünd;309;36773;6;43;24;65,26527;0;0;0;19
21.09.2020 00:00:00;Hollabrunn;310;50858;0;80;10;19,66259;0;0;2;64
21.09.2020 00:00:00;Horn;311;31090;0;107;4;12,86587;0;5;2;97
21.09.2020 00:00:00;Korneuburg;312;90889;4;353;53;58,31289;0;6;2;281
21.09.2020 00:00:00;Krems(Land);313;56596;5;251;44;77,74401;0;8;3;196
21.09.2020 00:00:00;Lilienfeld;314;25812;1;88;7;27,11917;0;5;8;71
21.09.2020 00:00:00;Melk;315;77962;7;269;54;69,26451;0;4;2;210
21.09.2020 00:00:00;Mistelbach;316;75483;4;260;44;58,29127;0;7;4;200
21.09.2020 00:00:00;Mödling;317;118998;12;455;65;54,62277;0;7;13;363
21.09.2020 00:00:00;Neunkirchen;318;86291;3;417;85;98,5039;0;8;11;305
21.09.2020 00:00:00;Sankt Pölten(Land);319;131044;4;434;40;30,5241;0;11;7;369
21.09.2020 00:00:00;Scheibbs;320;41403;4;127;15;36,22926;0;1;0;109
21.09.2020 00:00:00;Tulln;321;103771;1;314;40;38,54641;0;6;1;267
21.09.2020 00:00:00;Waidhofen an der Thaya;322;25888;4;113;30;115,8838;0;2;0;81
21.09.2020 00:00:00;Wiener Neustadt(Land);323;77991;0;234;34;43,59477;0;6;1;189
21.09.2020 00:00:00;Zwettl;325;42222;1;151;45;106,5795;0;2;1;89
21.09.2020 00:00:00;Linz(Stadt);401;205726;11;1191;152;73,88468;0;18;14;982
21.09.2020 00:00:00;Steyr(Stadt);402;38193;4;154;12;31,41937;0;2;3;136
21.09.2020 00:00:00;Wels(Stadt);403;61727;4;326;31;50,22113;0;0;5;284
21.09.2020 00:00:00;Braunau am Inn;404;104408;5;291;37;35,4379;1;4;9;239
21.09.2020 00:00:00;Eferding;405;33156;1;123;11;33,1765;0;6;1;103
21.09.2020 00:00:00;Freistadt;406;66621;3;260;31;46,53188;0;6;4;212
21.09.2020 00:00:00;Gmunden;407;101631;0;231;20;19,67904;0;2;2;202
21.09.2020 00:00:00;Grieskirchen;408;64721;0;160;30;46,35281;0;1;0;126
21.09.2020 00:00:00;Kirchdorf an der Krems;409;56866;0;133;10;17,5852;0;2;0;114
21.09.2020 00:00:00;Linz-Land;410;150273;3;866;98;65,21465;0;9;8;705
21.09.2020 00:00:00;Perg;411;68459;5;435;26;37,97894;0;3;0;399
21.09.2020 00:00:00;Ried im Innkreis;412;61204;33;174;57;93,13116;0;0;1;111
21.09.2020 00:00:00;Rohrbach;413;56524;0;222;6;10,61496;0;0;0;213
21.09.2020 00:00:00;Schärding;414;57307;1;85;4;6,97995;0;1;2;75
21.09.2020 00:00:00;Steyr-Land;415;60427;1;268;10;16,54889;0;7;0;247
21.09.2020 00:00:00;Urfahr-Umgebung;416;85505;1;406;21;24,55997;0;6;0;373
21.09.2020 00:00:00;Vöcklabruck;417;136253;4;372;58;42,56787;0;4;17;292
21.09.2020 00:00:00;Wels-Land;418;73094;7;249;32;43,77924;0;1;4;209
21.09.2020 00:00:00;Salzburg(Stadt);501;154211;5;458;78;50,58005;0;1;12;358
21.09.2020 00:00:00;Hallein;502;60374;2;146;29;48,03392;0;1;2;119
21.09.2020 00:00:00;Salzburg-Umgebung;503;152281;1;420;42;27,58059;0;11;7;368
21.09.2020 00:00:00;Sankt Johann im Pongau;504;80573;7;548;45;55,84998;0;17;2;480
21.09.2020 00:00:00;Tamsweg;505;20320;0;33;3;14,76378;0;1;1;29
21.09.2020 00:00:00;Zell am See;506;87462;3;444;21;24,01043;0;9;0;408
21.09.2020 00:00:00;Graz(Stadt);601;288806;21;1135;144;49,86046;1;46;4;888
21.09.2020 00:00:00;Deutschlandsberg;603;60821;1;96;15;24,66253;0;2;2;67
21.09.2020 00:00:00;Graz-Umgebung;606;154260;2;406;45;29,17153;0;35;4;311
21.09.2020 00:00:00;Leibnitz;610;82484;1;247;30;36,37069;0;5;3;212
21.09.2020 00:00:00;Leoben;611;60060;1;83;13;21,64502;0;3;0;59
21.09.2020 00:00:00;Liezen;612;79901;2;157;20;25,03098;0;1;2;125
21.09.2020 00:00:00;Murau;614;27659;1;33;13;47,00098;0;0;0;17
21.09.2020 00:00:00;Voitsberg;616;51161;0;129;10;19,54614;0;5;1;113
21.09.2020 00:00:00;Weiz;617;90343;0;272;24;26,56542;0;18;2;229
21.09.2020 00:00:00;Murtal;620;72004;0;100;6;8,33287;0;1;3;92
21.09.2020 00:00:00;Bruck-Mürzzuschlag;621;98984;2;131;16;16,16423;0;4;3;109
21.09.2020 00:00:00;Hartberg-Fürstenfeld;622;90622;3;378;27;29,79409;0;40;2;303
21.09.2020 00:00:00;Südoststeiermark;623;85947;0;91;7;8,144554;0;2;0;73
21.09.2020 00:00:00;Innsbruck-Stadt;701;132110;33;1097;172;130,1945;0;6;25;897
21.09.2020 00:00:00;Imst;702;60056;1;384;18;29,97203;0;6;1;359
21.09.2020 00:00:00;Innsbruck-Land;703;179318;15;804;127;70,8239;0;14;20;667
21.09.2020 00:00:00;Kitzbühel;704;63881;5;441;19;29,7428;0;11;2;411
21.09.2020 00:00:00;Kufstein;705;109682;2;879;56;51,05669;0;35;16;793
21.09.2020 00:00:00;Landeck;706;44362;2;1090;44;99,18398;0;16;8;1034
21.09.2020 00:00:00;Lienz;707;48753;0;179;15;30,76734;0;6;0;158
21.09.2020 00:00:00;Reutte;708;32670;0;116;14;42,85277;0;1;1;100
21.09.2020 00:00:00;Schwaz;709;83873;2;595;75;89,42091;0;14;10;497
21.09.2020 00:00:00;Bludenz;801;63714;2;425;49;76,90617;0;4;4;354
21.09.2020 00:00:00;Bregenz;802;134383;14;494;96;71,43761;0;10;6;380
21.09.2020 00:00:00;Dornbirn;803;89041;6;411;104;116,8001;0;4;24;290
21.09.2020 00:00:00;Feldkirch;804;107159;13;389;61;56,92476;0;3;5;304
21.09.2020 00:00:00;Wien;900;1897491;230;13532;2577;135,8109;1;241;300;9005
22.09.2020 00:00:00;Eisenstadt(Stadt);101;14637;0;43;3;20,496;0;0;2;36
22.09.2020 00:00:00;Rust(Stadt);102;1940;0;3;0;0;0;0;0;3
22.09.2020 00:00:00;Eisenstadt-Umgebung;103;42927;1;95;17;39,60212;0;1;1;77
22.09.2020 00:00:00;Güssing;104;25797;2;56;16;62,02272;0;0;0;43
22.09.2020 00:00:00;Jennersdorf;105;17066;0;17;3;17,57881;0;0;0;14
22.09.2020 00:00:00;Mattersburg;106;39925;0;123;8;20,03757;0;1;3;110
22.09.2020 00:00:00;Neusiedl am See;107;59552;6;144;41;68,8474;0;4;3;90
22.09.2020 00:00:00;Oberpullendorf;108;37513;1;47;7;18,6602;0;1;1;38
22.09.2020 00:00:00;Oberwart;109;54076;3;196;20;36,98499;0;4;0;166
22.09.2020 00:00:00;Klagenfurt Stadt;201;100817;1;183;7;6,943274;0;3;1;171
22.09.2020 00:00:00;Villach Stadt;202;62243;2;91;23;36,95195;0;0;3;65
22.09.2020 00:00:00;Hermagor;203;18224;0;5;0;0;0;0;0;5
22.09.2020 00:00:00;Klagenfurt Land;204;59800;2;86;13;21,73913;0;2;0;69
22.09.2020 00:00:00;Sankt Veit an der Glan;205;54555;2;68;6;10,99808;0;0;0;61
22.09.2020 00:00:00;Spittal an der Drau;206;76091;1;75;7;9,199512;0;1;4;65
22.09.2020 00:00:00;Villach Land;207;64668;5;110;26;40,20536;0;2;0;81
22.09.2020 00:00:00;Völkermarkt;208;41878;0;72;3;7,163666;0;4;0;63
22.09.2020 00:00:00;Wolfsberg;209;52726;1;81;4;7,58639;0;1;1;75
22.09.2020 00:00:00;Feldkirchen;210;29937;0;32;2;6,680696;0;0;0;27
22.09.2020 00:00:00;Krems an der Donau(Stadt);301;24876;6;98;34;136,6779;0;4;3;56
22.09.2020 00:00:00;Sankt Pölten(Stadt);302;55044;3;192;30;54,50185;0;4;1;148
22.09.2020 00:00:00;Waidhofen an der Ybbs(Stadt);303;11261;0;28;1;8,880206;0;3;1;24
22.09.2020 00:00:00;Wiener Neustadt(Stadt);304;45277;4;217;39;86,13645;0;0;8;168
22.09.2020 00:00:00;Amstetten;305;116114;2;369;11;9,473449;0;16;0;338
22.09.2020 00:00:00;Baden;306;146203;15;535;94;64,29417;0;5;18;416
22.09.2020 00:00:00;Bruck an der Leitha;307;102010;8;319;42;41,17244;0;5;4;260
22.09.2020 00:00:00;Gänserndorf;308;103686;6;355;91;87,76498;0;5;8;244
22.09.2020 00:00:00;Gmünd;309;36773;12;55;35;95,17853;0;0;0;19
22.09.2020 00:00:00;Hollabrunn;310;50858;2;82;9;17,69633;0;0;2;66
22.09.2020 00:00:00;Horn;311;31090;3;110;6;19,29881;0;5;1;98
22.09.2020 00:00:00;Korneuburg;312;90889;5;358;53;58,31289;0;6;8;289
22.09.2020 00:00:00;Krems(Land);313;56596;4;255;43;75,9771;0;8;3;199
22.09.2020 00:00:00;Lilienfeld;314;25812;1;89;7;27,11917;0;5;0;71
22.09.2020 00:00:00;Melk;315;77962;9;278;54;69,26451;0;4;4;214
22.09.2020 00:00:00;Mistelbach;316;75483;3;263;46;60,94088;0;7;1;201
22.09.2020 00:00:00;Mödling;317;118998;13;468;71;59,66487;0;7;1;364
22.09.2020 00:00:00;Neunkirchen;318;86291;11;428;75;86,91521;0;8;7;312
22.09.2020 00:00:00;Sankt Pölten(Land);319;131044;10;444;45;34,33961;0;11;0;369
22.09.2020 00:00:00;Scheibbs;320;41403;4;131;19;45,8904;0;1;0;109
22.09.2020 00:00:00;Tulln;321;103771;6;320;43;41,4374;0;6;2;269
22.09.2020 00:00:00;Waidhofen an der Thaya;322;25888;3;116;33;127,4722;0;2;0;81
22.09.2020 00:00:00;Wiener Neustadt(Land);323;77991;1;235;26;33,33718;1;7;2;191
22.09.2020 00:00:00;Zwettl;325;42222;2;153;41;97,10577;0;2;9;98
22.09.2020 00:00:00;Linz(Stadt);401;205726;21;1212;158;76,80119;0;18;14;996
22.09.2020 00:00:00;Steyr(Stadt);402;38193;2;156;14;36,65593;0;2;0;136
22.09.2020 00:00:00;Wels(Stadt);403;61727;3;329;27;43,74099;0;0;6;290
22.09.2020 00:00:00;Braunau am Inn;404;104408;1;292;33;31,60677;1;5;6;245
22.09.2020 00:00:00;Eferding;405;33156;3;126;14;42,22464;0;6;2;105
22.09.2020 00:00:00;Freistadt;406;66621;1;261;31;46,53188;0;6;5;217
22.09.2020 00:00:00;Gmunden;407;101631;4;235;23;22,63089;0;2;6;208
22.09.2020 00:00:00;Grieskirchen;408;64721;10;170;39;60,25865;0;1;0;126
22.09.2020 00:00:00;Kirchdorf an der Krems;409;56866;2;135;12;21,10224;0;2;0;114
22.09.2020 00:00:00;Linz-Land;410;150273;12;878;101;67,21101;0;9;15;720
22.09.2020 00:00:00;Perg;411;68459;2;437;28;40,90039;0;3;2;401
22.09.2020 00:00:00;Ried im Innkreis;412;61204;14;188;69;112,7377;0;0;1;112
22.09.2020 00:00:00;Rohrbach;413;56524;0;222;5;8,8458;0;0;1;214
22.09.2020 00:00:00;Schärding;414;57307;6;91;10;17,44987;0;1;1;76
22.09.2020 00:00:00;Steyr-Land;415;60427;1;269;11;18,20378;0;7;1;248
22.09.2020 00:00:00;Urfahr-Umgebung;416;85505;0;406;20;23,39045;0;6;1;374
22.09.2020 00:00:00;Vöcklabruck;417;136253;4;376;61;44,76966;0;4;8;300
22.09.2020 00:00:00;Wels-Land;418;73094;1;250;26;35,57064;0;1;3;212
22.09.2020 00:00:00;Salzburg(Stadt);501;154211;2;460;69;44,74389;0;1;12;370
22.09.2020 00:00:00;Hallein;502;60374;5;151;28;46,37758;0;1;1;120
22.09.2020 00:00:00;Salzburg-Umgebung;503;152281;0;420;41;26,92391;0;11;3;371
22.09.2020 00:00:00;Sankt Johann im Pongau;504;80573;2;550;47;58,3322;0;17;2;482
22.09.2020 00:00:00;Tamsweg;505;20320;0;33;3;14,76378;0;1;0;29
22.09.2020 00:00:00;Zell am See;506;87462;2;446;23;26,29713;0;9;1;409
22.09.2020 00:00:00;Graz(Stadt);601;288806;18;1153;146;50,55297;1;47;20;908
22.09.2020 00:00:00;Deutschlandsberg;603;60821;1;97;11;18,08586;0;2;5;72
22.09.2020 00:00:00;Graz-Umgebung;606;154260;1;407;40;25,93025;0;35;6;317
22.09.2020 00:00:00;Leibnitz;610;82484;2;249;30;36,37069;0;5;0;212
22.09.2020 00:00:00;Leoben;611;60060;1;84;9;14,98501;0;3;4;63
22.09.2020 00:00:00;Liezen;612;79901;1;158;20;25,03098;0;1;2;127
22.09.2020 00:00:00;Murau;614;27659;1;34;13;47,00098;0;0;0;17
22.09.2020 00:00:00;Voitsberg;616;51161;0;129;10;19,54614;0;5;0;113
22.09.2020 00:00:00;Weiz;617;90343;0;272;20;22,13785;0;18;1;230
22.09.2020 00:00:00;Murtal;620;72004;2;102;5;6,944059;0;1;0;92
22.09.2020 00:00:00;Bruck-Mürzzuschlag;621;98984;4;135;18;18,18476;0;4;0;109
22.09.2020 00:00:00;Hartberg-Fürstenfeld;622;90622;1;379;27;29,79409;0;40;2;305
22.09.2020 00:00:00;Südoststeiermark;623;85947;0;91;6;6,981047;0;2;0;73
22.09.2020 00:00:00;Innsbruck-Stadt;701;132110;16;1113;155;117,3265;0;6;30;927
22.09.2020 00:00:00;Imst;702;60056;5;389;21;34,96737;0;6;3;362
22.09.2020 00:00:00;Innsbruck-Land;703;179318;16;820;105;58,55519;0;14;16;683
22.09.2020 00:00:00;Kitzbühel;704;63881;2;443;20;31,30821;0;11;1;412
22.09.2020 00:00:00;Kufstein;705;109682;1;880;49;44,67461;0;35;3;796
22.09.2020 00:00:00;Landeck;706;44362;3;1093;39;87,91308;0;16;0;1034
22.09.2020 00:00:00;Lienz;707;48753;1;180;15;30,76734;0;6;0;158
22.09.2020 00:00:00;Reutte;708;32670;0;116;12;36,73095;0;1;0;100
22.09.2020 00:00:00;Schwaz;709;83873;20;615;88;104,9205;0;14;12;509
22.09.2020 00:00:00;Bludenz;801;63714;3;428;44;69,05861;0;4;7;361
22.09.2020 00:00:00;Bregenz;802;134383;4;498;90;66,97276;0;10;6;386
22.09.2020 00:00:00;Dornbirn;803;89041;7;418;91;102,2001;0;4;14;304
22.09.2020 00:00:00;Feldkirch;804;107159;5;394;52;48,52602;0;3;11;315
22.09.2020 00:00:00;Wien;900;1897491;341;13873;2497;131,5948;0;241;277;9282
23.09.2020 00:00:00;Eisenstadt(Stadt);101;14637;0;43;3;20,496;0;0;2;38
23.09.2020 00:00:00;Rust(Stadt);102;1940;0;3;0;0;0;0;0;3
23.09.2020 00:00:00;Eisenstadt-Umgebung;103;42927;3;98;14;32,61351;0;1;5;82
23.09.2020 00:00:00;Güssing;104;25797;0;56;16;62,02272;0;0;0;43
23.09.2020 00:00:00;Jennersdorf;105;17066;1;18;4;23,43842;0;0;0;14
23.09.2020 00:00:00;Mattersburg;106;39925;0;123;6;15,02818;0;1;2;112
23.09.2020 00:00:00;Neusiedl am See;107;59552;6;150;45;75,56421;0;4;1;91
23.09.2020 00:00:00;Oberpullendorf;108;37513;0;47;7;18,6602;0;1;0;38
23.09.2020 00:00:00;Oberwart;109;54076;6;202;25;46,23123;0;4;1;167
23.09.2020 00:00:00;Klagenfurt Stadt;201;100817;5;188;12;11,90275;0;3;0;171
23.09.2020 00:00:00;Villach Stadt;202;62243;4;95;24;38,55855;0;0;2;67
23.09.2020 00:00:00;Hermagor;203;18224;1;6;1;5,487269;0;0;0;5
23.09.2020 00:00:00;Klagenfurt Land;204;59800;1;87;14;23,41137;0;2;2;71
23.09.2020 00:00:00;Sankt Veit an der Glan;205;54555;1;69;6;10,99808;0;0;0;61
23.09.2020 00:00:00;Spittal an der Drau;206;76091;1;76;8;10,51373;0;1;0;65
23.09.2020 00:00:00;Villach Land;207;64668;1;111;26;40,20536;0;2;1;82
23.09.2020 00:00:00;Völkermarkt;208;41878;0;72;2;4,775777;0;4;0;63
23.09.2020 00:00:00;Wolfsberg;209;52726;0;81;3;5,689793;0;1;1;76
23.09.2020 00:00:00;Feldkirchen;210;29937;0;32;2;6,680696;0;0;1;28
23.09.2020 00:00:00;Krems an der Donau(Stadt);301;24876;6;104;31;124,6181;0;4;2;58
23.09.2020 00:00:00;Sankt Pölten(Stadt);302;55044;2;194;27;49,05167;0;4;0;148
23.09.2020 00:00:00;Waidhofen an der Ybbs(Stadt);303;11261;0;28;1;8,880206;0;3;0;24
23.09.2020 00:00:00;Wiener Neustadt(Stadt);304;45277;8;225;42;92,76233;0;0;3;171
23.09.2020 00:00:00;Amstetten;305;116114;3;372;13;11,19589;0;16;2;340
23.09.2020 00:00:00;Baden;306;146203;12;547;94;64,29417;0;5;17;433
23.09.2020 00:00:00;Bruck an der Leitha;307;102010;4;323;41;40,19214;0;5;8;268
23.09.2020 00:00:00;Gänserndorf;308;103686;6;361;87;83,90718;0;5;1;245
23.09.2020 00:00:00;Gmünd;309;36773;10;65;43;116,9336;0;0;1;20
23.09.2020 00:00:00;Hollabrunn;310;50858;1;83;10;19,66259;0;0;1;67
23.09.2020 00:00:00;Horn;311;31090;1;111;5;16,08234;0;5;2;100
23.09.2020 00:00:00;Korneuburg;312;90889;6;364;49;53,91191;0;6;3;292
23.09.2020 00:00:00;Krems(Land);313;56596;5;260;46;81,27783;0;8;1;200
23.09.2020 00:00:00;Lilienfeld;314;25812;3;92;10;38,74167;0;5;0;71
23.09.2020 00:00:00;Melk;315;77962;7;285;58;74,39522;0;4;1;215
23.09.2020 00:00:00;Mistelbach;316;75483;4;267;41;54,31687;0;7;2;203
23.09.2020 00:00:00;Mödling;317;118998;6;474;75;63,02627;0;7;13;377
23.09.2020 00:00:00;Neunkirchen;318;86291;5;433;73;84,59747;0;8;18;330
23.09.2020 00:00:00;Sankt Pölten(Land);319;131044;6;450;48;36,62892;0;11;2;371
23.09.2020 00:00:00;Scheibbs;320;41403;7;138;23;55,55153;0;1;1;110
23.09.2020 00:00:00;Tulln;321;103771;10;330;45;43,36472;0;6;5;274
23.09.2020 00:00:00;Waidhofen an der Thaya;322;25888;4;120;29;112,021;0;2;0;81
23.09.2020 00:00:00;Wiener Neustadt(Land);323;77991;4;239;25;32,05498;0;7;7;198
23.09.2020 00:00:00;Zwettl;325;42222;3;156;39;92,3689;0;2;4;102
23.09.2020 00:00:00;Linz(Stadt);401;205726;8;1220;146;70,96818;0;18;17;1013
23.09.2020 00:00:00;Steyr(Stadt);402;38193;7;163;17;44,51077;0;2;0;136
23.09.2020 00:00:00;Wels(Stadt);403;61727;1;330;25;40,50092;0;0;3;293
23.09.2020 00:00:00;Braunau am Inn;404;104408;5;297;28;26,81787;0;5;0;245
23.09.2020 00:00:00;Eferding;405;33156;0;126;12;36,19254;0;6;0;105
23.09.2020 00:00:00;Freistadt;406;66621;6;267;34;51,03496;0;6;0;217
23.09.2020 00:00:00;Gmunden;407;101631;1;236;24;23,61484;0;2;1;209
23.09.2020 00:00:00;Grieskirchen;408;64721;0;170;33;50,98809;0;1;1;127
23.09.2020 00:00:00;Kirchdorf an der Krems;409;56866;0;135;10;17,5852;0;2;0;114
23.09.2020 00:00:00;Linz-Land;410;150273;2;880;84;55,89827;0;9;10;730
23.09.2020 00:00:00;Perg;411;68459;0;437;26;37,97894;1;4;0;401
23.09.2020 00:00:00;Ried im Innkreis;412;61204;6;194;74;120,9071;0;0;0;112
23.09.2020 00:00:00;Rohrbach;413;56524;0;222;5;8,8458;0;0;0;214
23.09.2020 00:00:00;Schärding;414;57307;3;94;12;20,93985;0;1;1;77
23.09.2020 00:00:00;Steyr-Land;415;60427;1;270;7;11,58423;0;7;2;250
23.09.2020 00:00:00;Urfahr-Umgebung;416;85505;8;414;26;30,40758;0;6;5;379
23.09.2020 00:00:00;Vöcklabruck;417;136253;10;386;64;46,97144;0;4;6;306
23.09.2020 00:00:00;Wels-Land;418;73094;2;252;24;32,83443;0;1;5;217
23.09.2020 00:00:00;Salzburg(Stadt);501;154211;9;469;69;44,74389;0;1;3;373
23.09.2020 00:00:00;Hallein;502;60374;6;157;34;56,31563;0;1;1;121
23.09.2020 00:00:00;Salzburg-Umgebung;503;152281;7;427;45;29,55063;0;11;1;372
23.09.2020 00:00:00;Sankt Johann im Pongau;504;80573;9;559;49;60,81441;0;17;1;483
23.09.2020 00:00:00;Tamsweg;505;20320;0;33;2;9,84252;0;1;0;29
23.09.2020 00:00:00;Zell am See;506;87462;1;447;22;25,15378;0;9;0;409
23.09.2020 00:00:00;Graz(Stadt);601;288806;13;1166;139;48,12919;0;47;16;924
23.09.2020 00:00:00;Deutschlandsberg;603;60821;0;97;10;16,44169;0;2;4;76
23.09.2020 00:00:00;Graz-Umgebung;606;154260;6;413;39;25,28199;0;35;3;320
23.09.2020 00:00:00;Leibnitz;610;82484;3;252;32;38,7954;0;5;1;213
23.09.2020 00:00:00;Leoben;611;60060;2;86;8;13,32001;0;3;0;63
23.09.2020 00:00:00;Liezen;612;79901;5;163;20;25,03098;0;1;0;127
23.09.2020 00:00:00;Murau;614;27659;1;35;12;43,38552;0;0;0;17
23.09.2020 00:00:00;Voitsberg;616;51161;5;134;15;29,31921;0;5;0;113
23.09.2020 00:00:00;Weiz;617;90343;2;274;18;19,92407;0;18;0;230
23.09.2020 00:00:00;Murtal;620;72004;1;103;6;8,33287;0;1;0;92
23.09.2020 00:00:00;Bruck-Mürzzuschlag;621;98984;3;138;18;18,18476;0;4;1;110
23.09.2020 00:00:00;Hartberg-Fürstenfeld;622;90622;5;384;29;32,00106;1;41;2;307
23.09.2020 00:00:00;Südoststeiermark;623;85947;0;91;6;6,981047;0;2;0;73
23.09.2020 00:00:00;Innsbruck-Stadt;701;132110;12;1125;147;111,2709;0;6;27;954
23.09.2020 00:00:00;Imst;702;60056;5;394;25;41,62782;0;6;0;362
23.09.2020 00:00:00;Innsbruck-Land;703;179318;7;827;91;50,74783;0;14;9;692
23.09.2020 00:00:00;Kitzbühel;704;63881;8;451;27;42,26609;0;11;3;415
23.09.2020 00:00:00;Kufstein;705;109682;13;893;46;41,93943;0;35;6;802
23.09.2020 00:00:00;Landeck;706;44362;4;1097;38;85,6589;0;16;5;1039
23.09.2020 00:00:00;Lienz;707;48753;0;180;9;18,4604;0;6;4;162
23.09.2020 00:00:00;Reutte;708;32670;1;117;12;36,73095;0;1;3;103
23.09.2020 00:00:00;Schwaz;709;83873;4;619;79;94,19003;0;14;6;515
23.09.2020 00:00:00;Bludenz;801;63714;4;432;45;70,62812;0;4;3;364
23.09.2020 00:00:00;Bregenz;802;134383;11;509;95;70,69347;0;10;4;390
23.09.2020 00:00:00;Dornbirn;803;89041;7;425;90;101,077;0;4;7;311
23.09.2020 00:00:00;Feldkirch;804;107159;5;399;54;50,39241;0;3;15;330
23.09.2020 00:00:00;Wien;900;1897491;433;14306;2611;137,6028;3;244;347;9629
24.09.2020 00:00:00;Eisenstadt(Stadt);101;14637;1;44;3;20,496;0;0;1;39
24.09.2020 00:00:00;Rust(Stadt);102;1940;0;3;0;0;0;0;0;3
24.09.2020 00:00:00;Eisenstadt-Umgebung;103;42927;2;100;12;27,95443;0;1;2;84
24.09.2020 00:00:00;Güssing;104;25797;3;59;18;69,77556;0;0;1;44
24.09.2020 00:00:00;Jennersdorf;105;17066;0;18;4;23,43842;0;0;0;14
24.09.2020 00:00:00;Mattersburg;106;39925;3;126;8;20,03757;0;1;0;112
24.09.2020 00:00:00;Neusiedl am See;107;59552;3;153;42;70,5266;0;4;1;92
24.09.2020 00:00:00;Oberpullendorf;108;37513;1;48;5;13,32871;0;1;1;39
24.09.2020 00:00:00;Oberwart;109;54076;0;202;20;36,98499;0;4;0;167
24.09.2020 00:00:00;Klagenfurt Stadt;201;100817;4;192;14;13,88655;0;3;1;172
24.09.2020 00:00:00;Villach Stadt;202;62243;2;97;23;36,95195;0;0;2;69
24.09.2020 00:00:00;Hermagor;203;18224;0;6;1;5,487269;0;0;0;5
24.09.2020 00:00:00;Klagenfurt Land;204;59800;3;90;15;25,08361;0;2;2;73
24.09.2020 00:00:00;Sankt Veit an der Glan;205;54555;5;74;11;20,16314;0;0;0;61
24.09.2020 00:00:00;Spittal an der Drau;206;76091;1;77;6;7,885295;0;1;1;66
24.09.2020 00:00:00;Villach Land;207;64668;3;114;26;40,20536;0;2;1;83
24.09.2020 00:00:00;Völkermarkt;208;41878;0;72;1;2,387889;0;4;1;64
24.09.2020 00:00:00;Wolfsberg;209;52726;1;82;4;7,58639;0;1;0;76
24.09.2020 00:00:00;Feldkirchen;210;29937;2;34;3;10,02104;0;0;0;28
24.09.2020 00:00:00;Krems an der Donau(Stadt);301;24876;5;109;32;128,638;0;4;8;66
24.09.2020 00:00:00;Sankt Pölten(Stadt);302;55044;3;197;28;50,8684;0;4;5;153
24.09.2020 00:00:00;Waidhofen an der Ybbs(Stadt);303;11261;2;30;3;26,64062;0;3;0;24
24.09.2020 00:00:00;Wiener Neustadt(Stadt);304;45277;6;231;44;97,17958;0;0;7;178
24.09.2020 00:00:00;Amstetten;305;116114;2;374;13;11,19589;0;16;0;340
24.09.2020 00:00:00;Baden;306;146203;12;559;95;64,97815;0;5;13;446
24.09.2020 00:00:00;Bruck an der Leitha;307;102010;6;329;39;38,23154;0;5;3;271
24.09.2020 00:00:00;Gänserndorf;308;103686;9;370;79;76,19158;0;5;14;259
24.09.2020 00:00:00;Gmünd;309;36773;8;73;46;125,0918;0;0;0;20
24.09.2020 00:00:00;Hollabrunn;310;50858;0;83;8;15,73007;0;0;0;67
24.09.2020 00:00:00;Horn;311;31090;0;111;4;12,86587;0;5;1;101
24.09.2020 00:00:00;Korneuburg;312;90889;5;369;43;47,31046;0;6;1;293
24.09.2020 00:00:00;Krems(Land);313;56596;5;265;44;77,74401;0;8;5;205
24.09.2020 00:00:00;Lilienfeld;314;25812;1;93;11;42,61584;0;5;0;71
24.09.2020 00:00:00;Melk;315;77962;11;296;62;79,52592;0;4;3;218
24.09.2020 00:00:00;Mistelbach;316;75483;5;272;38;50,34246;0;7;2;205
24.09.2020 00:00:00;Mödling;317;118998;15;489;83;69,74907;0;7;5;382
24.09.2020 00:00:00;Neunkirchen;318;86291;8;441;79;91,55068;0;8;9;339
24.09.2020 00:00:00;Sankt Pölten(Land);319;131044;9;459;47;35,86581;0;11;8;379
24.09.2020 00:00:00;Scheibbs;320;41403;10;148;32;77,28909;0;1;1;111
24.09.2020 00:00:00;Tulln;321;103771;5;335;45;43,36472;0;6;5;279
24.09.2020 00:00:00;Waidhofen an der Thaya;322;25888;2;122;27;104,2954;0;2;3;84
24.09.2020 00:00:00;Wiener Neustadt(Land);323;77991;7;246;30;38,46598;0;7;9;207
24.09.2020 00:00:00;Zwettl;325;42222;1;157;32;75,78987;0;2;7;109
24.09.2020 00:00:00;Linz(Stadt);401;205726;4;1224;118;57,35785;1;19;13;1026
24.09.2020 00:00:00;Steyr(Stadt);402;38193;3;166;19;49,74734;0;2;1;137
24.09.2020 00:00:00;Wels(Stadt);403;61727;4;334;19;30,78069;0;0;1;294
24.09.2020 00:00:00;Braunau am Inn;404;104408;5;302;30;28,73343;0;5;2;247
24.09.2020 00:00:00;Eferding;405;33156;1;127;13;39,20859;0;6;0;105
24.09.2020 00:00:00;Freistadt;406;66621;7;274;36;54,03701;0;6;2;219
24.09.2020 00:00:00;Gmunden;407;101631;3;239;27;26,5667;0;2;0;209
24.09.2020 00:00:00;Grieskirchen;408;64721;5;175;35;54,07827;0;1;2;129
24.09.2020 00:00:00;Kirchdorf an der Krems;409;56866;1;136;10;17,5852;0;2;2;116
24.09.2020 00:00:00;Linz-Land;410;150273;4;884;76;50,57462;0;9;15;745
24.09.2020 00:00:00;Perg;411;68459;2;439;28;40,90039;0;4;1;402
24.09.2020 00:00:00;Ried im Innkreis;412;61204;1;195;70;114,3716;0;0;1;113
24.09.2020 00:00:00;Rohrbach;413;56524;0;222;4;7,07664;0;0;2;216
24.09.2020 00:00:00;Schärding;414;57307;8;102;19;33,15476;0;1;0;77
24.09.2020 00:00:00;Steyr-Land;415;60427;1;271;6;9,929337;0;7;5;255
24.09.2020 00:00:00;Urfahr-Umgebung;416;85505;2;416;27;31,5771;0;6;3;382
24.09.2020 00:00:00;Vöcklabruck;417;136253;6;392;61;44,76966;0;4;8;314
24.09.2020 00:00:00;Wels-Land;418;73094;9;261;29;39,67494;0;1;0;217
24.09.2020 00:00:00;Salzburg(Stadt);501;154211;14;483;75;48,63466;1;2;15;388
24.09.2020 00:00:00;Hallein;502;60374;9;166;38;62,941;0;1;3;124
24.09.2020 00:00:00;Salzburg-Umgebung;503;152281;3;430;38;24,95387;0;11;6;378
24.09.2020 00:00:00;Sankt Johann im Pongau;504;80573;3;562;48;59,57331;0;17;1;484
24.09.2020 00:00:00;Tamsweg;505;20320;0;33;2;9,84252;0;1;0;29
24.09.2020 00:00:00;Zell am See;506;87462;3;450;23;26,29713;0;9;0;409
24.09.2020 00:00:00;Graz(Stadt);601;288806;2;1168;122;42,24289;1;48;20;944
24.09.2020 00:00:00;Deutschlandsberg;603;60821;0;97;7;11,50918;0;2;2;78
24.09.2020 00:00:00;Graz-Umgebung;606;154260;0;413;35;22,68897;0;35;4;324
24.09.2020 00:00:00;Leibnitz;610;82484;0;252;28;33,94598;0;5;0;213
24.09.2020 00:00:00;Leoben;611;60060;0;86;8;13,32001;0;3;0;63
24.09.2020 00:00:00;Liezen;612;79901;0;163;17;21,27633;0;1;0;127
24.09.2020 00:00:00;Murau;614;27659;2;37;11;39,77006;0;0;1;18
24.09.2020 00:00:00;Voitsberg;616;51161;1;135;12;23,45537;0;5;0;113
24.09.2020 00:00:00;Weiz;617;90343;3;277;15;16,60339;0;18;3;233
24.09.2020 00:00:00;Murtal;620;72004;0;103;5;6,944059;0;1;0;92
24.09.2020 00:00:00;Bruck-Mürzzuschlag;621;98984;1;139;18;18,18476;0;4;1;111
24.09.2020 00:00:00;Hartberg-Fürstenfeld;622;90622;0;384;26;28,69061;0;41;6;313
24.09.2020 00:00:00;Südoststeiermark;623;85947;1;92;6;6,981047;0;2;0;73
24.09.2020 00:00:00;Innsbruck-Stadt;701;132110;15;1140;148;112,0279;0;6;16;970
24.09.2020 00:00:00;Imst;702;60056;9;403;32;53,2836;0;6;2;364
24.09.2020 00:00:00;Innsbruck-Land;703;179318;5;832;80;44,61348;0;14;17;709
24.09.2020 00:00:00;Kitzbühel;704;63881;3;454;30;46,96232;0;11;2;417
24.09.2020 00:00:00;Kufstein;705;109682;8;901;44;40,11597;0;35;5;807
24.09.2020 00:00:00;Landeck;706;44362;3;1100;32;72,13381;0;16;10;1049
24.09.2020 00:00:00;Lienz;707;48753;1;181;6;12,30694;0;6;1;163
24.09.2020 00:00:00;Reutte;708;32670;0;117;11;33,67003;0;1;1;104
24.09.2020 00:00:00;Schwaz;709;83873;16;635;83;98,95914;0;14;7;522
24.09.2020 00:00:00;Bludenz;801;63714;2;434;37;58,07201;0;4;6;370
24.09.2020 00:00:00;Bregenz;802;134383;10;519;97;72,18175;0;10;5;395
24.09.2020 00:00:00;Dornbirn;803;89041;2;427;72;80,86163;0;4;10;321
24.09.2020 00:00:00;Feldkirch;804;107159;6;405;48;44,79325;0;3;6;336
24.09.2020 00:00:00;Wien;900;1897491;302;14608;2514;132,4908;0;244;248;9877
25.09.2020 00:00:00;Eisenstadt(Stadt);101;14637;0;44;3;20,496;0;0;0;39
25.09.2020 00:00:00;Rust(Stadt);102;1940;0;3;0;0;0;0;0;3
25.09.2020 00:00:00;Eisenstadt-Umgebung;103;42927;2;102;10;23,29536;0;1;2;86
25.09.2020 00:00:00;Güssing;104;25797;1;60;16;62,02272;0;0;0;44
25.09.2020 00:00:00;Jennersdorf;105;17066;0;18;3;17,57881;0;0;1;15
25.09.2020 00:00:00;Mattersburg;106;39925;2;128;9;22,54227;0;1;3;115
25.09.2020 00:00:00;Neusiedl am See;107;59552;7;160;47;78,92262;0;4;4;96
25.09.2020 00:00:00;Oberpullendorf;108;37513;2;50;7;18,6602;0;1;0;39
25.09.2020 00:00:00;Oberwart;109;54076;4;206;24;44,38198;0;4;0;167
25.09.2020 00:00:00;Klagenfurt Stadt;201;100817;7;199;21;20,82982;0;3;1;173
25.09.2020 00:00:00;Villach Stadt;202;62243;3;100;23;36,95195;0;0;3;72
25.09.2020 00:00:00;Hermagor;203;18224;0;6;1;5,487269;0;0;0;5
25.09.2020 00:00:00;Klagenfurt Land;204;59800;1;91;13;21,73913;0;2;2;75
25.09.2020 00:00:00;Sankt Veit an der Glan;205;54555;0;74;10;18,33013;0;0;0;61
25.09.2020 00:00:00;Spittal an der Drau;206;76091;0;77;6;7,885295;0;1;0;66
25.09.2020 00:00:00;Villach Land;207;64668;2;116;26;40,20536;0;2;3;86
25.09.2020 00:00:00;Völkermarkt;208;41878;0;72;1;2,387889;0;4;0;64
25.09.2020 00:00:00;Wolfsberg;209;52726;0;82;4;7,58639;0;1;1;77
25.09.2020 00:00:00;Feldkirchen;210;29937;0;34;3;10,02104;0;0;0;28
25.09.2020 00:00:00;Krems an der Donau(Stadt);301;24876;2;111;27;108,5384;0;4;6;72
25.09.2020 00:00:00;Sankt Pölten(Stadt);302;55044;9;206;33;59,95204;0;4;3;156
25.09.2020 00:00:00;Waidhofen an der Ybbs(Stadt);303;11261;0;30;3;26,64062;0;3;0;24
25.09.2020 00:00:00;Wiener Neustadt(Stadt);304;45277;1;232;40;88,34508;0;0;6;184
25.09.2020 00:00:00;Amstetten;305;116114;2;376;12;10,33467;0;16;2;342
25.09.2020 00:00:00;Baden;306;146203;6;565;86;58,82232;0;5;9;455
25.09.2020 00:00:00;Bruck an der Leitha;307;102010;9;338;41;40,19214;0;5;7;278
25.09.2020 00:00:00;Gänserndorf;308;103686;13;383;73;70,40488;0;5;13;272
25.09.2020 00:00:00;Gmünd;309;36773;4;77;48;130,5305;0;0;5;25
25.09.2020 00:00:00;Hollabrunn;310;50858;0;83;6;11,79755;0;0;2;69
25.09.2020 00:00:00;Horn;311;31090;0;111;4;12,86587;0;5;0;101
25.09.2020 00:00:00;Korneuburg;312;90889;10;379;50;55,01216;0;6;7;300
25.09.2020 00:00:00;Krems(Land);313;56596;12;277;54;95,4131;0;8;3;208
25.09.2020 00:00:00;Lilienfeld;314;25812;1;94;10;38,74167;0;5;3;74
25.09.2020 00:00:00;Melk;315;77962;17;313;73;93,63536;0;4;6;224
25.09.2020 00:00:00;Mistelbach;316;75483;7;279;39;51,66726;0;7;14;219
25.09.2020 00:00:00;Mödling;317;118998;11;500;81;68,06837;0;7;12;394
25.09.2020 00:00:00;Neunkirchen;318;86291;3;444;61;70,69103;0;8;7;346
25.09.2020 00:00:00;Sankt Pölten(Land);319;131044;13;472;55;41,97063;0;11;2;381
25.09.2020 00:00:00;Scheibbs;320;41403;5;153;36;86,95022;0;1;1;112
25.09.2020 00:00:00;Tulln;321;103771;4;339;43;41,4374;0;6;4;283
25.09.2020 00:00:00;Waidhofen an der Thaya;322;25888;1;123;22;84,98146;0;2;8;92
25.09.2020 00:00:00;Wiener Neustadt(Land);323;77991;4;250;25;32,05498;0;7;4;211
25.09.2020 00:00:00;Zwettl;325;42222;1;158;26;61,57927;0;2;6;115
25.09.2020 00:00:00;Linz(Stadt);401;205726;35;1259;125;60,76043;0;19;29;1055
25.09.2020 00:00:00;Steyr(Stadt);402;38193;2;168;20;52,36562;0;2;3;140
25.09.2020 00:00:00;Wels(Stadt);403;61727;6;340;24;38,88088;0;0;9;303
25.09.2020 00:00:00;Braunau am Inn;404;104408;3;305;30;28,73343;0;5;11;258
25.09.2020 00:00:00;Eferding;405;33156;0;127;10;30,16045;0;6;2;107
25.09.2020 00:00:00;Freistadt;406;66621;2;276;28;42,02879;0;6;11;230
25.09.2020 00:00:00;Gmunden;407;101631;2;241;25;24,59879;0;2;0;209
25.09.2020 00:00:00;Grieskirchen;408;64721;4;179;37;57,16846;0;1;10;139
25.09.2020 00:00:00;Kirchdorf an der Krems;409;56866;1;137;11;19,34372;0;2;0;116
25.09.2020 00:00:00;Linz-Land;410;150273;7;891;58;38,59642;0;9;5;750
25.09.2020 00:00:00;Perg;411;68459;2;441;27;39,43966;0;4;2;404
25.09.2020 00:00:00;Ried im Innkreis;412;61204;9;204;78;127,4426;0;0;3;116
25.09.2020 00:00:00;Rohrbach;413;56524;2;224;5;8,8458;0;0;1;217
25.09.2020 00:00:00;Schärding;414;57307;9;111;28;48,85965;0;1;2;79
25.09.2020 00:00:00;Steyr-Land;415;60427;0;271;6;9,929337;0;7;1;256
25.09.2020 00:00:00;Urfahr-Umgebung;416;85505;5;421;30;35,08567;0;6;3;385
25.09.2020 00:00:00;Vöcklabruck;417;136253;8;400;50;36,69644;0;4;5;319
25.09.2020 00:00:00;Wels-Land;418;73094;20;281;47;64,30077;0;1;4;221
25.09.2020 00:00:00;Salzburg(Stadt);501;154211;14;497;69;44,74389;0;2;7;395
25.09.2020 00:00:00;Hallein;502;60374;4;170;36;59,62831;0;1;1;125
25.09.2020 00:00:00;Salzburg-Umgebung;503;152281;9;439;42;27,58059;0;11;3;381
25.09.2020 00:00:00;Sankt Johann im Pongau;504;80573;3;565;42;52,12664;0;17;4;488
25.09.2020 00:00:00;Tamsweg;505;20320;0;33;2;9,84252;0;1;0;29
25.09.2020 00:00:00;Zell am See;506;87462;3;453;24;27,44049;0;9;2;411
25.09.2020 00:00:00;Graz(Stadt);601;288806;32;1200;136;47,09044;0;48;18;962
25.09.2020 00:00:00;Deutschlandsberg;603;60821;2;99;8;13,15335;0;2;5;83
25.09.2020 00:00:00;Graz-Umgebung;606;154260;11;424;40;25,93025;0;35;3;327
25.09.2020 00:00:00;Leibnitz;610;82484;3;255;28;33,94598;0;5;1;214
25.09.2020 00:00:00;Leoben;611;60060;2;88;8;13,32001;0;3;5;68
25.09.2020 00:00:00;Liezen;612;79901;5;168;20;25,03098;0;1;1;128
25.09.2020 00:00:00;Murau;614;27659;0;37;11;39,77006;0;0;4;22
25.09.2020 00:00:00;Voitsberg;616;51161;8;143;20;39,09228;0;5;1;114
25.09.2020 00:00:00;Weiz;617;90343;5;282;14;15,4965;0;18;2;235
25.09.2020 00:00:00;Murtal;620;72004;1;104;5;6,944059;0;1;1;93
25.09.2020 00:00:00;Bruck-Mürzzuschlag;621;98984;3;142;20;20,20529;0;4;2;113
25.09.2020 00:00:00;Hartberg-Fürstenfeld;622;90622;3;387;22;24,27667;0;41;4;317
25.09.2020 00:00:00;Südoststeiermark;623;85947;0;92;6;6,981047;0;2;0;73
25.09.2020 00:00:00;Innsbruck-Stadt;701;132110;21;1161;153;115,8126;0;6;21;991
25.09.2020 00:00:00;Imst;702;60056;5;408;34;56,61383;0;6;3;367
25.09.2020 00:00:00;Innsbruck-Land;703;179318;15;847;84;46,84415;0;14;15;724
25.09.2020 00:00:00;Kitzbühel;704;63881;1;455;27;42,26609;0;11;3;420
25.09.2020 00:00:00;Kufstein;705;109682;3;904;41;37,38079;0;35;8;815
25.09.2020 00:00:00;Landeck;706;44362;6;1106;33;74,38799;0;16;2;1051
25.09.2020 00:00:00;Lienz;707;48753;1;182;5;10,25578;0;6;3;166
25.09.2020 00:00:00;Reutte;708;32670;1;118;10;30,60912;0;1;2;106
25.09.2020 00:00:00;Schwaz;709;83873;6;641;73;87,03635;0;14;11;533
25.09.2020 00:00:00;Bludenz;801;63714;6;440;36;56,50249;0;4;4;374
25.09.2020 00:00:00;Bregenz;802;134383;6;525;87;64,74033;0;10;11;406
25.09.2020 00:00:00;Dornbirn;803;89041;8;435;74;83,10778;0;4;15;336
25.09.2020 00:00:00;Feldkirch;804;107159;11;416;52;48,52602;0;3;5;341
25.09.2020 00:00:00;Wien;900;1897491;280;14888;2454;129,3287;2;246;399;10276
26.09.2020 00:00:00;Eisenstadt(Stadt);101;14637;0;44;2;13,664;0;0;0;39
26.09.2020 00:00:00;Rust(Stadt);102;1940;0;3;0;0;0;0;0;3
26.09.2020 00:00:00;Eisenstadt-Umgebung;103;42927;2;104;11;25,6249;0;1;0;86
26.09.2020 00:00:00;Güssing;104;25797;2;62;16;62,02272;0;0;1;45
26.09.2020 00:00:00;Jennersdorf;105;17066;1;19;3;17,57881;0;0;1;16
26.09.2020 00:00:00;Mattersburg;106;39925;1;129;10;25,04696;0;1;1;116
26.09.2020 00:00:00;Neusiedl am See;107;59552;2;162;44;73,88501;0;4;3;99
26.09.2020 00:00:00;Oberpullendorf;108;37513;1;51;8;21,32594;0;1;1;40
26.09.2020 00:00:00;Oberwart;109;54076;4;210;26;48,08048;0;4;2;169
26.09.2020 00:00:00;Klagenfurt Stadt;201;100817;1;200;21;20,82982;0;3;1;174
26.09.2020 00:00:00;Villach Stadt;202;62243;0;100;21;33,73874;0;0;2;74
26.09.2020 00:00:00;Hermagor;203;18224;11;17;12;65,84724;0;0;0;5
26.09.2020 00:00:00;Klagenfurt Land;204;59800;1;92;14;23,41137;0;2;0;75
26.09.2020 00:00:00;Sankt Veit an der Glan;205;54555;0;74;10;18,33013;0;0;0;61
26.09.2020 00:00:00;Spittal an der Drau;206;76091;0;77;5;6,571079;0;1;1;67
26.09.2020 00:00:00;Villach Land;207;64668;1;117;25;38,659;0;2;0;86
26.09.2020 00:00:00;Völkermarkt;208;41878;3;75;3;7,163666;0;4;2;66
26.09.2020 00:00:00;Wolfsberg;209;52726;1;83;4;7,58639;0;1;0;77
26.09.2020 00:00:00;Feldkirchen;210;29937;0;34;3;10,02104;0;0;0;28
26.09.2020 00:00:00;Krems an der Donau(Stadt);301;24876;0;111;22;88,43865;0;4;8;80
26.09.2020 00:00:00;Sankt Pölten(Stadt);302;55044;4;210;32;58,13531;0;4;0;156
26.09.2020 00:00:00;Waidhofen an der Ybbs(Stadt);303;11261;0;30;3;26,64062;0;3;0;24
26.09.2020 00:00:00;Wiener Neustadt(Stadt);304;45277;3;235;37;81,71919;0;0;0;184
26.09.2020 00:00:00;Amstetten;305;116114;2;378;12;10,33467;0;16;1;343
26.09.2020 00:00:00;Baden;306;146203;11;576;89;60,87426;0;5;3;458
26.09.2020 00:00:00;Bruck an der Leitha;307;102010;5;343;40;39,21184;0;5;6;284
26.09.2020 00:00:00;Gänserndorf;308;103686;7;390;69;66,54707;0;5;13;285
26.09.2020 00:00:00;Gmünd;309;36773;6;83;52;141,4081;0;0;2;27
26.09.2020 00:00:00;Hollabrunn;310;50858;0;83;5;9,831295;0;0;2;71
26.09.2020 00:00:00;Horn;311;31090;0;111;4;12,86587;0;5;1;102
26.09.2020 00:00:00;Korneuburg;312;90889;5;384;50;55,01216;0;6;3;303
26.09.2020 00:00:00;Krems(Land);313;56596;2;279;46;81,27783;0;8;4;212
26.09.2020 00:00:00;Lilienfeld;314;25812;1;95;10;38,74167;0;5;2;76
26.09.2020 00:00:00;Melk;315;77962;2;315;70;89,78733;0;4;7;231
26.09.2020 00:00:00;Mistelbach;316;75483;9;288;43;56,96647;0;7;3;222
26.09.2020 00:00:00;Mödling;317;118998;10;510;81;68,06837;0;7;5;399
26.09.2020 00:00:00;Neunkirchen;318;86291;7;451;48;55,62573;0;8;21;367
26.09.2020 00:00:00;Sankt Pölten(Land);319;131044;10;482;59;45,02304;0;11;6;387
26.09.2020 00:00:00;Scheibbs;320;41403;0;153;35;84,53493;0;1;0;112
26.09.2020 00:00:00;Tulln;321;103771;7;346;46;44,32838;0;6;3;286
26.09.2020 00:00:00;Waidhofen an der Thaya;322;25888;3;126;20;77,25587;0;2;4;96
26.09.2020 00:00:00;Wiener Neustadt(Land);323;77991;2;252;22;28,20838;0;7;3;214
26.09.2020 00:00:00;Zwettl;325;42222;4;162;22;52,10554;0;2;6;121
26.09.2020 00:00:00;Linz(Stadt);401;205726;4;1263;98;47,63618;0;19;26;1081
26.09.2020 00:00:00;Steyr(Stadt);402;38193;0;168;19;49,74734;0;2;2;142
26.09.2020 00:00:00;Wels(Stadt);403;61727;6;346;28;45,36103;0;0;3;306
26.09.2020 00:00:00;Braunau am Inn;404;104408;3;308;24;22,98674;0;5;1;259
26.09.2020 00:00:00;Eferding;405;33156;0;127;7;21,11232;0;6;0;107
26.09.2020 00:00:00;Freistadt;406;66621;3;279;26;39,02673;0;6;4;234
26.09.2020 00:00:00;Gmunden;407;101631;0;241;16;15,74323;0;2;2;211
26.09.2020 00:00:00;Grieskirchen;408;64721;3;182;38;58,71355;0;1;1;140
26.09.2020 00:00:00;Kirchdorf an der Krems;409;56866;1;138;10;17,5852;0;2;1;117
26.09.2020 00:00:00;Linz-Land;410;150273;4;895;48;31,94187;0;9;14;764
26.09.2020 00:00:00;Perg;411;68459;0;441;21;30,67529;0;4;3;407
26.09.2020 00:00:00;Ried im Innkreis;412;61204;5;209;77;125,8088;0;0;0;116
26.09.2020 00:00:00;Rohrbach;413;56524;1;225;4;7,07664;0;0;1;218
26.09.2020 00:00:00;Schärding;414;57307;7;118;35;61,07456;0;1;0;79
26.09.2020 00:00:00;Steyr-Land;415;60427;0;271;6;9,929337;0;7;0;256
26.09.2020 00:00:00;Urfahr-Umgebung;416;85505;3;424;30;35,08567;0;6;2;387
26.09.2020 00:00:00;Vöcklabruck;417;136253;7;407;46;33,76072;0;4;0;319
26.09.2020 00:00:00;Wels-Land;418;73094;7;288;51;69,77317;0;1;1;222
26.09.2020 00:00:00;Salzburg(Stadt);501;154211;6;503;62;40,20465;0;2;9;404
26.09.2020 00:00:00;Hallein;502;60374;4;174;37;61,28466;0;1;4;129
26.09.2020 00:00:00;Salzburg-Umgebung;503;152281;3;442;30;19,70042;0;11;7;388
26.09.2020 00:00:00;Sankt Johann im Pongau;504;80573;3;568;41;50,88553;0;17;5;493
26.09.2020 00:00:00;Tamsweg;505;20320;0;33;0;0;0;1;0;29
26.09.2020 00:00:00;Zell am See;506;87462;4;457;26;29,7272;0;9;2;413
26.09.2020 00:00:00;Graz(Stadt);601;288806;8;1208;131;45,35917;0;48;11;973
26.09.2020 00:00:00;Deutschlandsberg;603;60821;1;100;8;13,15335;0;2;0;83
26.09.2020 00:00:00;Graz-Umgebung;606;154260;4;428;42;27,22676;0;35;11;338
26.09.2020 00:00:00;Leibnitz;610;82484;0;255;24;29,09655;0;5;4;218
26.09.2020 00:00:00;Leoben;611;60060;1;89;9;14,98501;0;3;0;68
26.09.2020 00:00:00;Liezen;612;79901;3;171;23;28,78562;0;1;0;128
26.09.2020 00:00:00;Murau;614;27659;0;37;7;25,30822;0;0;2;24
26.09.2020 00:00:00;Voitsberg;616;51161;0;143;19;37,13766;0;5;0;114
26.09.2020 00:00:00;Weiz;617;90343;0;282;14;15,4965;0;18;0;235
26.09.2020 00:00:00;Murtal;620;72004;1;105;6;8,33287;0;1;0;93
26.09.2020 00:00:00;Bruck-Mürzzuschlag;621;98984;3;145;23;23,23608;0;4;0;113
26.09.2020 00:00:00;Hartberg-Fürstenfeld;622;90622;4;391;22;24,27667;0;41;2;319
26.09.2020 00:00:00;Südoststeiermark;623;85947;1;93;6;6,981047;0;2;0;73
26.09.2020 00:00:00;Innsbruck-Stadt;701;132110;9;1170;130;98,40285;0;6;19;1010
26.09.2020 00:00:00;Imst;702;60056;3;411;32;53,2836;0;6;2;369
26.09.2020 00:00:00;Innsbruck-Land;703;179318;15;862;85;47,40182;0;14;1;725
26.09.2020 00:00:00;Kitzbühel;704;63881;3;458;29;45,39691;0;11;0;420
26.09.2020 00:00:00;Kufstein;705;109682;10;914;47;42,85115;0;35;6;821
26.09.2020 00:00:00;Landeck;706;44362;4;1110;28;63,11708;0;16;1;1052
26.09.2020 00:00:00;Lienz;707;48753;0;182;3;6,153468;0;6;0;166
26.09.2020 00:00:00;Reutte;708;32670;0;118;6;18,36547;0;1;3;109
26.09.2020 00:00:00;Schwaz;709;83873;7;648;63;75,11356;0;14;10;543
26.09.2020 00:00:00;Bludenz;801;63714;0;440;27;42,37687;0;4;16;390
26.09.2020 00:00:00;Bregenz;802;134383;15;540;89;66,22861;0;10;10;416
26.09.2020 00:00:00;Dornbirn;803;89041;4;439;62;69,63084;0;4;11;347
26.09.2020 00:00:00;Feldkirch;804;107159;4;420;53;49,45921;0;3;1;342
26.09.2020 00:00:00;Wien;900;1897491;280;15168;2314;121,9505;3;249;236;10512
27.09.2020 00:00:00;Eisenstadt(Stadt);101;14637;0;44;2;13,664;0;0;0;39
27.09.2020 00:00:00;Rust(Stadt);102;1940;0;3;0;0;0;0;0;3
27.09.2020 00:00:00;Eisenstadt-Umgebung;103;42927;1;105;11;25,6249;0;1;0;86
27.09.2020 00:00:00;Güssing;104;25797;1;63;17;65,89913;0;0;0;45
27.09.2020 00:00:00;Jennersdorf;105;17066;0;19;3;17,57881;0;0;0;16
27.09.2020 00:00:00;Mattersburg;106;39925;0;129;9;22,54227;0;1;0;116
27.09.2020 00:00:00;Neusiedl am See;107;59552;1;163;38;63,80978;0;4;0;99
27.09.2020 00:00:00;Oberpullendorf;108;37513;2;53;8;21,32594;0;1;0;40
27.09.2020 00:00:00;Oberwart;109;54076;2;212;26;48,08048;0;4;3;172
27.09.2020 00:00:00;Klagenfurt Stadt;201;100817;3;203;24;23,80551;0;3;1;175
27.09.2020 00:00:00;Villach Stadt;202;62243;0;100;15;24,0991;0;0;0;74
27.09.2020 00:00:00;Hermagor;203;18224;0;17;12;65,84724;0;0;0;5
27.09.2020 00:00:00;Klagenfurt Land;204;59800;1;93;13;21,73913;0;2;0;75
27.09.2020 00:00:00;Sankt Veit an der Glan;205;54555;0;74;10;18,33013;0;0;1;62
27.09.2020 00:00:00;Spittal an der Drau;206;76091;0;77;5;6,571079;0;1;0;67
27.09.2020 00:00:00;Villach Land;207;64668;2;119;20;30,9272;0;2;0;86
27.09.2020 00:00:00;Völkermarkt;208;41878;1;76;4;9,551555;0;4;0;66
27.09.2020 00:00:00;Wolfsberg;209;52726;0;83;4;7,58639;0;1;0;77
27.09.2020 00:00:00;Feldkirchen;210;29937;0;34;3;10,02104;0;0;0;28
27.09.2020 00:00:00;Krems an der Donau(Stadt);301;24876;5;116;27;108,5384;0;4;2;82
27.09.2020 00:00:00;Sankt Pölten(Stadt);302;55044;4;214;30;54,50185;0;4;2;158
27.09.2020 00:00:00;Waidhofen an der Ybbs(Stadt);303;11261;0;30;3;26,64062;0;3;0;24
27.09.2020 00:00:00;Wiener Neustadt(Stadt);304;45277;3;238;31;68,46743;0;0;2;186
27.09.2020 00:00:00;Amstetten;305;116114;0;378;11;9,473449;0;16;2;345
27.09.2020 00:00:00;Baden;306;146203;10;586;87;59,5063;0;5;4;462
27.09.2020 00:00:00;Bruck an der Leitha;307;102010;9;352;45;44,11332;0;5;7;291
27.09.2020 00:00:00;Gänserndorf;308;103686;8;398;63;60,76037;0;5;2;287
27.09.2020 00:00:00;Gmünd;309;36773;8;91;56;152,2856;0;0;0;27
27.09.2020 00:00:00;Hollabrunn;310;50858;0;83;4;7,865036;0;0;0;71
27.09.2020 00:00:00;Horn;311;31090;0;111;4;12,86587;0;5;0;102
27.09.2020 00:00:00;Korneuburg;312;90889;2;386;46;50,61118;0;6;3;306
27.09.2020 00:00:00;Krems(Land);313;56596;7;286;49;86,57856;0;8;6;218
27.09.2020 00:00:00;Lilienfeld;314;25812;0;95;10;38,74167;0;5;0;76
27.09.2020 00:00:00;Melk;315;77962;9;324;71;91,07001;0;4;8;239
27.09.2020 00:00:00;Mistelbach;316;75483;4;292;40;52,99207;0;7;0;222
27.09.2020 00:00:00;Mödling;317;118998;10;520;85;71,42977;0;7;7;406
27.09.2020 00:00:00;Neunkirchen;318;86291;6;457;50;57,94347;0;8;10;377
27.09.2020 00:00:00;Sankt Pölten(Land);319;131044;9;491;65;49,60166;0;11;2;389
27.09.2020 00:00:00;Scheibbs;320;41403;6;159;37;89,3655;0;1;2;114
27.09.2020 00:00:00;Tulln;321;103771;4;350;43;41,4374;0;6;1;287
27.09.2020 00:00:00;Waidhofen an der Thaya;322;25888;1;127;19;73,39308;0;2;5;101
27.09.2020 00:00:00;Wiener Neustadt(Land);323;77991;1;253;20;25,64398;0;7;6;220
27.09.2020 00:00:00;Zwettl;325;42222;3;165;18;42,6318;0;2;9;130
27.09.2020 00:00:00;Linz(Stadt);401;205726;19;1282;104;50,55268;0;19;8;1089
27.09.2020 00:00:00;Steyr(Stadt);402;38193;0;168;18;47,12906;0;2;1;143
27.09.2020 00:00:00;Wels(Stadt);403;61727;0;346;24;38,88088;0;0;2;308
27.09.2020 00:00:00;Braunau am Inn;404;104408;1;309;24;22,98674;0;5;0;259
27.09.2020 00:00:00;Eferding;405;33156;0;127;5;15,08023;0;6;2;109
27.09.2020 00:00:00;Freistadt;406;66621;0;279;24;36,02468;0;6;6;240
27.09.2020 00:00:00;Gmunden;407;101631;8;249;23;22,63089;0;2;0;211
27.09.2020 00:00:00;Grieskirchen;408;64721;2;184;36;55,62337;0;1;4;144
27.09.2020 00:00:00;Kirchdorf an der Krems;409;56866;0;138;7;12,30964;0;2;0;117
27.09.2020 00:00:00;Linz-Land;410;150273;4;899;41;27,28368;0;9;6;770
27.09.2020 00:00:00;Perg;411;68459;3;444;22;32,13602;0;4;1;408
27.09.2020 00:00:00;Ried im Innkreis;412;61204;5;214;80;130,7104;0;0;0;116
27.09.2020 00:00:00;Rohrbach;413;56524;1;226;5;8,8458;0;0;0;218
27.09.2020 00:00:00;Schärding;414;57307;1;119;36;62,81955;0;1;0;79
27.09.2020 00:00:00;Steyr-Land;415;60427;1;272;7;11,58423;0;7;0;256
27.09.2020 00:00:00;Urfahr-Umgebung;416;85505;0;424;28;32,74662;0;6;1;388
27.09.2020 00:00:00;Vöcklabruck;417;136253;7;414;52;38,1643;0;4;2;321
27.09.2020 00:00:00;Wels-Land;418;73094;1;289;50;68,40507;0;1;0;222
27.09.2020 00:00:00;Salzburg(Stadt);501;154211;5;508;61;39,55619;0;2;15;419
27.09.2020 00:00:00;Hallein;502;60374;6;180;37;61,28466;0;1;0;129
27.09.2020 00:00:00;Salzburg-Umgebung;503;152281;2;444;25;16,41702;0;11;10;398
27.09.2020 00:00:00;Sankt Johann im Pongau;504;80573;3;571;35;43,43887;0;17;1;494
27.09.2020 00:00:00;Tamsweg;505;20320;0;33;0;0;0;1;1;30
27.09.2020 00:00:00;Zell am See;506;87462;0;457;25;28,58384;0;9;1;414
27.09.2020 00:00:00;Graz(Stadt);601;288806;20;1228;131;45,35917;2;50;15;988
27.09.2020 00:00:00;Deutschlandsberg;603;60821;0;100;7;11,50918;0;2;2;85
27.09.2020 00:00:00;Graz-Umgebung;606;154260;7;435;35;22,68897;0;35;1;339
27.09.2020 00:00:00;Leibnitz;610;82484;5;260;25;30,30891;0;5;3;221
27.09.2020 00:00:00;Leoben;611;60060;1;90;10;16,65002;0;3;0;68
27.09.2020 00:00:00;Liezen;612;79901;4;175;23;28,78562;0;1;0;128
27.09.2020 00:00:00;Murau;614;27659;0;37;5;18,0773;0;0;2;26
27.09.2020 00:00:00;Voitsberg;616;51161;3;146;21;41,04689;0;5;1;115
27.09.2020 00:00:00;Weiz;617;90343;1;283;12;13,28271;0;18;0;235
27.09.2020 00:00:00;Murtal;620;72004;3;108;8;11,11049;0;1;0;93
27.09.2020 00:00:00;Bruck-Mürzzuschlag;621;98984;1;146;20;20,20529;0;4;1;114
27.09.2020 00:00:00;Hartberg-Fürstenfeld;622;90622;2;393;20;22,0697;0;41;0;319
27.09.2020 00:00:00;Südoststeiermark;623;85947;1;94;4;4,654031;0;2;0;73
27.09.2020 00:00:00;Innsbruck-Stadt;701;132110;7;1177;123;93,10423;0;6;31;1041
27.09.2020 00:00:00;Imst;702;60056;0;411;29;48,28827;0;6;4;373
27.09.2020 00:00:00;Innsbruck-Land;703;179318;12;874;92;51,3055;0;14;32;757
27.09.2020 00:00:00;Kitzbühel;704;63881;2;460;24;37,56985;0;11;3;423
27.09.2020 00:00:00;Kufstein;705;109682;1;915;39;35,55734;0;35;7;828
27.09.2020 00:00:00;Landeck;706;44362;8;1118;30;67,62544;0;16;0;1052
27.09.2020 00:00:00;Lienz;707;48753;0;182;3;6,153468;0;6;0;166
27.09.2020 00:00:00;Reutte;708;32670;0;118;2;6,121824;0;1;1;110
27.09.2020 00:00:00;Schwaz;709;83873;2;650;61;72,729;0;14;18;561
27.09.2020 00:00:00;Bludenz;801;63714;1;441;23;36,09882;0;4;13;403
27.09.2020 00:00:00;Bregenz;802;134383;4;544;80;59,53134;0;10;14;430
27.09.2020 00:00:00;Dornbirn;803;89041;3;442;47;52,78467;1;5;12;359
27.09.2020 00:00:00;Feldkirch;804;107159;9;429;56;52,25879;0;3;12;354
27.09.2020 00:00:00;Wien;900;1897491;259;15427;2285;120,4222;1;250;83;10595
28.09.2020 00:00:00;Eisenstadt(Stadt);101;14637;0;44;1;6,832001;0;0;0;39
28.09.2020 00:00:00;Rust(Stadt);102;1940;0;3;0;0;0;0;0;3
28.09.2020 00:00:00;Eisenstadt-Umgebung;103;42927;2;107;13;30,28397;0;1;2;88
28.09.2020 00:00:00;Güssing;104;25797;3;66;19;73,65198;0;0;0;45
28.09.2020 00:00:00;Jennersdorf;105;17066;0;19;3;17,57881;0;0;0;16
28.09.2020 00:00:00;Mattersburg;106;39925;3;132;11;27,55166;0;1;0;116
28.09.2020 00:00:00;Neusiedl am See;107;59552;15;178;53;88,99785;0;4;3;102
28.09.2020 00:00:00;Oberpullendorf;108;37513;2;55;10;26,65742;0;1;0;40
28.09.2020 00:00:00;Oberwart;109;54076;1;213;27;49,92973;0;4;0;172
28.09.2020 00:00:00;Klagenfurt Stadt;201;100817;1;204;24;23,80551;0;3;0;175
28.09.2020 00:00:00;Villach Stadt;202;62243;1;101;14;22,49249;0;0;5;79
28.09.2020 00:00:00;Hermagor;203;18224;11;28;23;126,2072;0;0;0;5
28.09.2020 00:00:00;Klagenfurt Land;204;59800;0;93;11;18,39465;0;2;0;75
28.09.2020 00:00:00;Sankt Veit an der Glan;205;54555;2;76;10;18,33013;0;0;0;62
28.09.2020 00:00:00;Spittal an der Drau;206;76091;1;78;6;7,885295;0;1;0;67
28.09.2020 00:00:00;Villach Land;207;64668;0;119;14;21,64904;0;2;1;87
28.09.2020 00:00:00;Völkermarkt;208;41878;0;76;4;9,551555;0;4;0;66
28.09.2020 00:00:00;Wolfsberg;209;52726;0;83;3;5,689793;0;1;1;78
28.09.2020 00:00:00;Feldkirchen;210;29937;2;36;5;16,70174;0;0;0;28
28.09.2020 00:00:00;Krems an der Donau(Stadt);301;24876;5;121;30;120,5982;0;4;2;84
28.09.2020 00:00:00;Sankt Pölten(Stadt);302;55044;4;218;32;58,13531;0;4;2;160
28.09.2020 00:00:00;Waidhofen an der Ybbs(Stadt);303;11261;0;30;2;17,76041;0;3;0;24
28.09.2020 00:00:00;Wiener Neustadt(Stadt);304;45277;2;240;28;61,84155;0;0;4;190
28.09.2020 00:00:00;Amstetten;305;116114;2;380;13;11,19589;0;16;1;346
28.09.2020 00:00:00;Baden;306;146203;7;593;77;52,6665;0;5;16;478
28.09.2020 00:00:00;Bruck an der Leitha;307;102010;12;364;56;54,89658;0;5;3;294
28.09.2020 00:00:00;Gänserndorf;308;103686;8;406;69;66,54707;0;5;8;295
28.09.2020 00:00:00;Gmünd;309;36773;3;94;57;155,005;0;0;6;33
28.09.2020 00:00:00;Hollabrunn;310;50858;0;83;3;5,898777;0;0;3;74
28.09.2020 00:00:00;Horn;311;31090;0;111;4;12,86587;0;5;0;102
28.09.2020 00:00:00;Korneuburg;312;90889;9;395;46;50,61118;0;6;3;309
28.09.2020 00:00:00;Krems(Land);313;56596;4;290;44;77,74401;0;8;4;222
28.09.2020 00:00:00;Lilienfeld;314;25812;0;95;8;30,99334;0;5;1;77
28.09.2020 00:00:00;Melk;315;77962;2;326;64;82,09128;0;4;7;246
28.09.2020 00:00:00;Mistelbach;316;75483;4;296;40;52,99207;0;7;7;229
28.09.2020 00:00:00;Mödling;317;118998;3;523;80;67,22802;0;7;8;414
28.09.2020 00:00:00;Neunkirchen;318;86291;3;460;46;53,30799;0;8;7;384
28.09.2020 00:00:00;Sankt Pölten(Land);319;131044;14;505;75;57,23269;0;11;0;389
28.09.2020 00:00:00;Scheibbs;320;41403;0;159;36;86,95022;0;1;0;114
28.09.2020 00:00:00;Tulln;321;103771;6;356;43;41,4374;0;6;8;295
28.09.2020 00:00:00;Waidhofen an der Thaya;322;25888;3;130;21;81,11867;0;2;1;102
28.09.2020 00:00:00;Wiener Neustadt(Land);323;77991;0;253;19;24,36179;1;8;0;220
28.09.2020 00:00:00;Zwettl;325;42222;2;167;17;40,26337;0;2;6;136
28.09.2020 00:00:00;Linz(Stadt);401;205726;8;1290;110;53,46918;0;19;12;1101
28.09.2020 00:00:00;Steyr(Stadt);402;38193;0;168;18;47,12906;0;2;2;145
28.09.2020 00:00:00;Wels(Stadt);403;61727;9;355;33;53,46121;0;0;1;309
28.09.2020 00:00:00;Braunau am Inn;404;104408;9;318;32;30,64899;0;5;5;264
28.09.2020 00:00:00;Eferding;405;33156;0;127;5;15,08023;0;6;2;111
28.09.2020 00:00:00;Freistadt;406;66621;7;286;29;43,52982;0;6;5;245
28.09.2020 00:00:00;Gmunden;407;101631;13;262;31;30,5025;0;2;7;218
28.09.2020 00:00:00;Grieskirchen;408;64721;1;185;25;38,62734;0;1;4;148
28.09.2020 00:00:00;Kirchdorf an der Krems;409;56866;3;141;8;14,06816;0;2;1;118
28.09.2020 00:00:00;Linz-Land;410;150273;5;904;41;27,28368;0;9;16;786
28.09.2020 00:00:00;Perg;411;68459;0;444;14;20,4502;0;4;7;415
28.09.2020 00:00:00;Ried im Innkreis;412;61204;6;220;79;129,0765;0;0;12;128
28.09.2020 00:00:00;Rohrbach;413;56524;3;229;7;12,38412;0;0;0;218
28.09.2020 00:00:00;Schärding;414;57307;1;120;36;62,81955;0;1;0;79
28.09.2020 00:00:00;Steyr-Land;415;60427;0;272;5;8,274446;0;7;0;256
28.09.2020 00:00:00;Urfahr-Umgebung;416;85505;2;426;21;24,55997;0;6;5;393
28.09.2020 00:00:00;Vöcklabruck;417;136253;15;429;61;44,76966;0;4;22;343
28.09.2020 00:00:00;Wels-Land;418;73094;9;298;56;76,61368;0;1;5;227
28.09.2020 00:00:00;Salzburg(Stadt);501;154211;9;517;64;41,50158;0;2;5;424
28.09.2020 00:00:00;Hallein;502;60374;5;185;41;67,91003;0;1;3;132
28.09.2020 00:00:00;Salzburg-Umgebung;503;152281;8;452;33;21,67046;0;11;4;402
28.09.2020 00:00:00;Sankt Johann im Pongau;504;80573;2;573;32;39,71554;0;17;11;505
28.09.2020 00:00:00;Tamsweg;505;20320;0;33;0;0;0;1;1;31
28.09.2020 00:00:00;Zell am See;506;87462;0;457;16;18,29366;0;9;1;415
28.09.2020 00:00:00;Graz(Stadt);601;288806;11;1239;125;43,28165;0;50;9;997
28.09.2020 00:00:00;Deutschlandsberg;603;60821;0;100;5;8,220845;0;2;1;86
28.09.2020 00:00:00;Graz-Umgebung;606;154260;4;439;35;22,68897;0;35;0;339
28.09.2020 00:00:00;Leibnitz;610;82484;1;261;15;18,18534;0;5;2;223
28.09.2020 00:00:00;Leoben;611;60060;1;91;9;14,98501;0;3;0;68
28.09.2020 00:00:00;Liezen;612;79901;4;179;24;30,03717;0;1;2;130
28.09.2020 00:00:00;Murau;614;27659;0;37;5;18,0773;0;0;1;27
28.09.2020 00:00:00;Voitsberg;616;51161;2;148;19;37,13766;0;5;0;115
28.09.2020 00:00:00;Weiz;617;90343;2;285;13;14,3896;0;18;9;244
28.09.2020 00:00:00;Murtal;620;72004;3;111;11;15,27693;0;1;3;96
28.09.2020 00:00:00;Bruck-Mürzzuschlag;621;98984;2;148;19;19,19502;0;4;2;116
28.09.2020 00:00:00;Hartberg-Fürstenfeld;622;90622;3;396;21;23,17318;0;41;5;324
28.09.2020 00:00:00;Südoststeiermark;623;85947;0;94;3;3,490523;0;2;0;73
28.09.2020 00:00:00;Innsbruck-Stadt;701;132110;21;1198;134;101,4306;0;6;14;1055
28.09.2020 00:00:00;Imst;702;60056;2;413;30;49,95338;0;6;0;373
28.09.2020 00:00:00;Innsbruck-Land;703;179318;16;890;101;56,32452;0;14;0;757
28.09.2020 00:00:00;Kitzbühel;704;63881;1;461;25;39,13527;0;11;2;425
28.09.2020 00:00:00;Kufstein;705;109682;3;918;41;37,38079;0;35;3;831
28.09.2020 00:00:00;Landeck;706;44362;6;1124;36;81,15054;0;16;0;1052
28.09.2020 00:00:00;Lienz;707;48753;0;182;3;6,153468;0;6;2;168
28.09.2020 00:00:00;Reutte;708;32670;1;119;3;9,182736;0;1;5;115
28.09.2020 00:00:00;Schwaz;709;83873;5;655;62;73,92129;0;14;10;571
28.09.2020 00:00:00;Bludenz;801;63714;3;444;21;32,95979;0;4;8;411
28.09.2020 00:00:00;Bregenz;802;134383;9;553;73;54,32235;0;10;17;447
28.09.2020 00:00:00;Dornbirn;803;89041;10;452;47;52,78467;0;5;10;369
28.09.2020 00:00:00;Feldkirch;804;107159;11;440;64;59,72433;0;3;5;359
28.09.2020 00:00:00;Wien;900;1897491;354;15781;2479;130,6462;0;250;406;11001
29.09.2020 00:00:00;Eisenstadt(Stadt);101;14637;0;44;1;6,832001;0;0;1;40
29.09.2020 00:00:00;Rust(Stadt);102;1940;0;3;0;0;0;0;0;3
29.09.2020 00:00:00;Eisenstadt-Umgebung;103;42927;2;109;15;34,94304;0;1;3;91
29.09.2020 00:00:00;Güssing;104;25797;2;68;14;54,26987;0;0;2;47
29.09.2020 00:00:00;Jennersdorf;105;17066;0;19;2;11,71921;0;0;1;17
29.09.2020 00:00:00;Mattersburg;106;39925;1;133;10;25,04696;0;1;0;116
29.09.2020 00:00:00;Neusiedl am See;107;59552;3;181;43;72,2058;0;4;2;104
29.09.2020 00:00:00;Oberpullendorf;108;37513;2;57;11;29,32317;0;1;1;41
29.09.2020 00:00:00;Oberwart;109;54076;5;218;25;46,23123;0;4;4;176
29.09.2020 00:00:00;Klagenfurt Stadt;201;100817;0;204;22;21,82172;0;3;1;176
29.09.2020 00:00:00;Villach Stadt;202;62243;1;102;13;20,88588;0;0;4;83
29.09.2020 00:00:00;Hermagor;203;18224;10;38;33;181,0799;0;0;0;5
29.09.2020 00:00:00;Klagenfurt Land;204;59800;1;94;10;16,72241;0;2;0;75
29.09.2020 00:00:00;Sankt Veit an der Glan;205;54555;0;76;10;18,33013;0;0;0;62
29.09.2020 00:00:00;Spittal an der Drau;206;76091;2;80;6;7,885295;0;1;2;69
29.09.2020 00:00:00;Villach Land;207;64668;2;121;16;24,74176;0;2;12;99
29.09.2020 00:00:00;Völkermarkt;208;41878;2;78;6;14,32733;0;4;1;67
29.09.2020 00:00:00;Wolfsberg;209;52726;3;86;6;11,37959;0;1;0;78
29.09.2020 00:00:00;Feldkirchen;210;29937;0;36;4;13,36139;0;0;0;28
29.09.2020 00:00:00;Krems an der Donau(Stadt);301;24876;1;122;30;120,5982;0;4;1;85
29.09.2020 00:00:00;Sankt Pölten(Stadt);302;55044;12;230;41;74,48586;1;5;3;163
29.09.2020 00:00:00;Waidhofen an der Ybbs(Stadt);303;11261;0;30;2;17,76041;0;3;0;24
29.09.2020 00:00:00;Wiener Neustadt(Stadt);304;45277;3;243;30;66,2588;0;0;2;192
29.09.2020 00:00:00;Amstetten;305;116114;6;386;19;16,36323;0;16;0;346
29.09.2020 00:00:00;Baden;306;146203;9;602;82;56,0864;0;5;16;494
29.09.2020 00:00:00;Bruck an der Leitha;307;102010;18;382;71;69,60102;0;5;2;296
29.09.2020 00:00:00;Gänserndorf;308;103686;6;412;63;60,76037;0;5;7;302
29.09.2020 00:00:00;Gmünd;309;36773;3;97;54;146,8469;0;0;1;34
29.09.2020 00:00:00;Hollabrunn;310;50858;1;84;4;7,865036;0;0;0;74
29.09.2020 00:00:00;Horn;311;31090;1;112;5;16,08234;0;5;0;102
29.09.2020 00:00:00;Korneuburg;312;90889;9;404;51;56,1124;0;6;15;324
29.09.2020 00:00:00;Krems(Land);313;56596;4;294;43;75,9771;0;8;4;226
29.09.2020 00:00:00;Lilienfeld;314;25812;0;95;7;27,11917;0;5;2;79
29.09.2020 00:00:00;Melk;315;77962;10;336;67;85,9393;0;4;3;249
29.09.2020 00:00:00;Mistelbach;316;75483;13;309;49;64,91528;0;7;9;238
29.09.2020 00:00:00;Mödling;317;118998;10;533;78;65,54732;0;7;11;425
29.09.2020 00:00:00;Neunkirchen;318;86291;3;463;46;53,30799;0;8;8;392
29.09.2020 00:00:00;Sankt Pölten(Land);319;131044;6;511;77;58,75889;0;11;2;391
29.09.2020 00:00:00;Scheibbs;320;41403;2;161;34;82,11965;1;2;1;115
29.09.2020 00:00:00;Tulln;321;103771;7;363;49;47,21936;0;6;4;299
29.09.2020 00:00:00;Waidhofen an der Thaya;322;25888;3;133;20;77,25587;0;2;3;105
29.09.2020 00:00:00;Wiener Neustadt(Land);323;77991;0;253;19;24,36179;0;8;2;222
29.09.2020 00:00:00;Zwettl;325;42222;4;171;20;47,36867;0;2;5;141
29.09.2020 00:00:00;Linz(Stadt);401;205726;19;1309;118;57,35785;0;19;31;1132
29.09.2020 00:00:00;Steyr(Stadt);402;38193;1;169;15;39,27421;0;2;1;146
29.09.2020 00:00:00;Wels(Stadt);403;61727;5;360;34;55,08125;0;0;3;312
29.09.2020 00:00:00;Braunau am Inn;404;104408;3;321;30;28,73343;0;5;5;269
29.09.2020 00:00:00;Eferding;405;33156;0;127;4;12,06418;0;6;3;114
29.09.2020 00:00:00;Freistadt;406;66621;5;291;31;46,53188;0;6;2;247
29.09.2020 00:00:00;Gmunden;407;101631;11;273;42;41,32597;0;2;3;221
29.09.2020 00:00:00;Grieskirchen;408;64721;1;186;26;40,17243;0;1;5;153
29.09.2020 00:00:00;Kirchdorf an der Krems;409;56866;0;141;8;14,06816;0;2;0;118
29.09.2020 00:00:00;Linz-Land;410;150273;15;919;53;35,26914;0;9;13;799
29.09.2020 00:00:00;Perg;411;68459;1;445;10;14,60728;0;4;3;418
29.09.2020 00:00:00;Ried im Innkreis;412;61204;22;242;68;111,1039;0;0;0;128
29.09.2020 00:00:00;Rohrbach;413;56524;0;229;7;12,38412;0;0;3;221
29.09.2020 00:00:00;Schärding;414;57307;4;124;39;68,05451;0;1;0;79
29.09.2020 00:00:00;Steyr-Land;415;60427;0;272;4;6,619557;0;7;1;257
29.09.2020 00:00:00;Urfahr-Umgebung;416;85505;4;430;24;28,06853;0;6;4;397
29.09.2020 00:00:00;Vöcklabruck;417;136253;6;435;63;46,23751;0;4;7;350
29.09.2020 00:00:00;Wels-Land;418;73094;0;298;49;67,03696;0;1;3;230
29.09.2020 00:00:00;Salzburg(Stadt);501;154211;14;531;73;47,33774;0;2;4;428
29.09.2020 00:00:00;Hallein;502;60374;15;200;54;89,44247;0;1;6;138
29.09.2020 00:00:00;Salzburg-Umgebung;503;152281;8;460;40;26,26723;0;11;1;403
29.09.2020 00:00:00;Sankt Johann im Pongau;504;80573;7;580;32;39,71554;0;17;5;510
29.09.2020 00:00:00;Tamsweg;505;20320;1;34;1;4,92126;0;1;0;31
29.09.2020 00:00:00;Zell am See;506;87462;3;460;16;18,29366;0;9;4;419
29.09.2020 00:00:00;Graz(Stadt);601;288806;10;1249;114;39,47286;0;50;18;1015
29.09.2020 00:00:00;Deutschlandsberg;603;60821;1;101;5;8,220845;0;2;4;90
29.09.2020 00:00:00;Graz-Umgebung;606;154260;5;444;38;24,63374;0;35;12;351
29.09.2020 00:00:00;Leibnitz;610;82484;1;262;15;18,18534;0;5;1;224
29.09.2020 00:00:00;Leoben;611;60060;2;93;10;16,65002;0;3;1;69
29.09.2020 00:00:00;Liezen;612;79901;2;181;24;30,03717;0;1;7;137
29.09.2020 00:00:00;Murau;614;27659;0;37;4;14,46184;0;0;0;27
29.09.2020 00:00:00;Voitsberg;616;51161;0;148;19;37,13766;0;5;2;117
29.09.2020 00:00:00;Weiz;617;90343;0;285;13;14,3896;0;18;1;245
29.09.2020 00:00:00;Murtal;620;72004;1;112;12;16,66574;0;1;1;97
29.09.2020 00:00:00;Bruck-Mürzzuschlag;621;98984;0;148;17;17,17449;0;4;6;122
29.09.2020 00:00:00;Hartberg-Fürstenfeld;622;90622;1;397;19;20,96621;0;41;3;327
29.09.2020 00:00:00;Südoststeiermark;623;85947;0;94;3;3,490523;0;2;0;73
29.09.2020 00:00:00;Innsbruck-Stadt;701;132110;20;1218;121;91,59034;0;6;24;1079
29.09.2020 00:00:00;Imst;702;60056;1;414;30;49,95338;0;6;3;376
29.09.2020 00:00:00;Innsbruck-Land;703;179318;15;905;101;56,32452;0;14;12;769
29.09.2020 00:00:00;Kitzbühel;704;63881;3;464;23;36,00444;0;11;3;428
29.09.2020 00:00:00;Kufstein;705;109682;9;927;48;43,76288;0;35;4;835
29.09.2020 00:00:00;Landeck;706;44362;7;1131;41;92,42144;0;16;3;1055
29.09.2020 00:00:00;Lienz;707;48753;1;183;4;8,204623;0;6;0;168
29.09.2020 00:00:00;Reutte;708;32670;0;119;3;9,182736;0;1;0;115
29.09.2020 00:00:00;Schwaz;709;83873;7;662;67;79,88268;0;14;15;586
29.09.2020 00:00:00;Bludenz;801;63714;0;444;19;29,82076;0;4;2;413
29.09.2020 00:00:00;Bregenz;802;134383;2;555;61;45,39265;0;10;14;461
29.09.2020 00:00:00;Dornbirn;803;89041;5;457;46;51,66159;0;5;13;382
29.09.2020 00:00:00;Feldkirch;804;107159;8;448;59;55,05837;0;3;5;364
29.09.2020 00:00:00;Wien;900;1897491;324;16105;2573;135,6001;3;253;317;11318
30.09.2020 00:00:00;Eisenstadt(Stadt);101;14637;0;44;1;6,832001;0;0;0;40
30.09.2020 00:00:00;Rust(Stadt);102;1940;0;3;0;0;0;0;0;3
30.09.2020 00:00:00;Eisenstadt-Umgebung;103;42927;3;112;17;39,60212;0;1;0;91
30.09.2020 00:00:00;Güssing;104;25797;11;79;23;89,15765;0;0;3;50
30.09.2020 00:00:00;Jennersdorf;105;17066;0;19;2;11,71921;0;0;0;17
30.09.2020 00:00:00;Mattersburg;106;39925;5;138;15;37,57045;0;1;4;120
30.09.2020 00:00:00;Neusiedl am See;107;59552;7;188;44;73,88501;0;4;8;112
30.09.2020 00:00:00;Oberpullendorf;108;37513;4;61;14;37,3204;0;1;1;42
30.09.2020 00:00:00;Oberwart;109;54076;2;220;24;44,38198;0;4;1;177
30.09.2020 00:00:00;Klagenfurt Stadt;201;100817;2;206;23;22,81361;0;3;1;177
30.09.2020 00:00:00;Villach Stadt;202;62243;0;102;11;17,67267;0;0;1;84
30.09.2020 00:00:00;Hermagor;203;18224;3;41;36;197,5417;0;0;0;5
30.09.2020 00:00:00;Klagenfurt Land;204;59800;1;95;9;15,05017;0;2;0;75
30.09.2020 00:00:00;Sankt Veit an der Glan;205;54555;1;77;9;16,49711;0;0;3;65
30.09.2020 00:00:00;Spittal an der Drau;206;76091;0;80;5;6,571079;0;1;1;70
30.09.2020 00:00:00;Villach Land;207;64668;1;122;12;18,55632;0;2;3;102
30.09.2020 00:00:00;Völkermarkt;208;41878;0;78;6;14,32733;0;4;0;67
30.09.2020 00:00:00;Wolfsberg;209;52726;0;86;5;9,482987;0;1;1;79
30.09.2020 00:00:00;Feldkirchen;210;29937;0;36;4;13,36139;0;0;1;29
30.09.2020 00:00:00;Krems an der Donau(Stadt);301;24876;5;127;29;116,5782;0;4;1;86
30.09.2020 00:00:00;Sankt Pölten(Stadt);302;55044;8;238;46;83,56951;0;5;0;163
30.09.2020 00:00:00;Waidhofen an der Ybbs(Stadt);303;11261;0;30;2;17,76041;0;3;0;24
30.09.2020 00:00:00;Wiener Neustadt(Stadt);304;45277;0;243;26;57,4243;0;0;0;192
30.09.2020 00:00:00;Amstetten;305;116114;4;390;21;18,08567;0;16;1;347
30.09.2020 00:00:00;Baden;306;146203;12;614;79;54,03446;0;5;13;507
30.09.2020 00:00:00;Bruck an der Leitha;307;102010;12;394;75;73,5222;0;5;9;305
30.09.2020 00:00:00;Gänserndorf;308;103686;7;419;64;61,72482;0;5;12;314
30.09.2020 00:00:00;Gmünd;309;36773;3;100;45;122,3724;0;0;12;46
30.09.2020 00:00:00;Hollabrunn;310;50858;0;84;2;3,932518;0;0;1;75
30.09.2020 00:00:00;Horn;311;31090;2;114;4;12,86587;0;5;1;103
30.09.2020 00:00:00;Korneuburg;312;90889;10;414;56;61,61362;0;6;8;332
30.09.2020 00:00:00;Krems(Land);313;56596;4;298;43;75,9771;0;8;4;230
30.09.2020 00:00:00;Lilienfeld;314;25812;2;97;8;30,99334;0;5;1;80
30.09.2020 00:00:00;Melk;315;77962;12;348;70;89,78733;0;4;5;254
30.09.2020 00:00:00;Mistelbach;316;75483;4;313;50;66,24008;0;7;8;246
30.09.2020 00:00:00;Mödling;317;118998;11;544;76;63,86662;0;7;7;432
30.09.2020 00:00:00;Neunkirchen;318;86291;8;471;43;49,83138;0;8;6;398
30.09.2020 00:00:00;Sankt Pölten(Land);319;131044;11;522;78;59,52199;0;11;2;393
30.09.2020 00:00:00;Scheibbs;320;41403;1;162;31;74,8738;0;2;2;117
30.09.2020 00:00:00;Tulln;321;103771;3;366;46;44,32838;0;6;4;303
30.09.2020 00:00:00;Waidhofen an der Thaya;322;25888;3;136;20;77,25587;0;2;4;109
30.09.2020 00:00:00;Wiener Neustadt(Land);323;77991;4;257;22;28,20838;0;8;3;225
30.09.2020 00:00:00;Zwettl;325;42222;3;174;21;49,7371;0;2;2;143
30.09.2020 00:00:00;Linz(Stadt);401;205726;24;1333;121;58,81609;0;19;13;1145
30.09.2020 00:00:00;Steyr(Stadt);402;38193;1;170;14;36,65593;0;2;3;149
30.09.2020 00:00:00;Wels(Stadt);403;61727;6;366;37;59,94135;0;0;3;315
30.09.2020 00:00:00;Braunau am Inn;404;104408;13;334;42;40,2268;0;5;0;269
30.09.2020 00:00:00;Eferding;405;33156;0;127;1;3,016045;0;6;1;115
30.09.2020 00:00:00;Freistadt;406;66621;9;300;39;58,5401;0;6;1;248
30.09.2020 00:00:00;Gmunden;407;101631;12;285;50;49,19759;0;2;1;222
30.09.2020 00:00:00;Grieskirchen;408;64721;3;189;19;29,35678;0;1;2;155
30.09.2020 00:00:00;Kirchdorf an der Krems;409;56866;1;142;7;12,30964;0;2;0;118
30.09.2020 00:00:00;Linz-Land;410;150273;6;925;47;31,27641;0;9;3;802
30.09.2020 00:00:00;Perg;411;68459;2;447;10;14,60728;0;4;2;420
30.09.2020 00:00:00;Ried im Innkreis;412;61204;9;251;63;102,9344;0;0;16;144
30.09.2020 00:00:00;Rohrbach;413;56524;6;235;13;22,99908;0;0;1;222
30.09.2020 00:00:00;Schärding;414;57307;3;127;36;62,81955;0;1;0;79
30.09.2020 00:00:00;Steyr-Land;415;60427;1;273;4;6,619557;0;7;2;259
30.09.2020 00:00:00;Urfahr-Umgebung;416;85505;16;446;40;46,78089;0;6;3;400
30.09.2020 00:00:00;Vöcklabruck;417;136253;19;454;78;57,24644;0;4;2;352
30.09.2020 00:00:00;Wels-Land;418;73094;6;304;54;73,87747;0;1;7;237
30.09.2020 00:00:00;Salzburg(Stadt);501;154211;5;536;76;49,28313;1;3;12;440
30.09.2020 00:00:00;Hallein;502;60374;12;212;61;101,0369;0;1;2;140
30.09.2020 00:00:00;Salzburg-Umgebung;503;152281;6;466;46;30,20731;0;11;3;406
30.09.2020 00:00:00;Sankt Johann im Pongau;504;80573;3;583;33;40,95665;0;17;4;514
30.09.2020 00:00:00;Tamsweg;505;20320;1;35;2;9,84252;0;1;1;32
30.09.2020 00:00:00;Zell am See;506;87462;1;461;15;17,1503;0;9;8;427
30.09.2020 00:00:00;Graz(Stadt);601;288806;8;1257;104;36,01033;0;50;21;1036
30.09.2020 00:00:00;Deutschlandsberg;603;60821;2;103;6;9,865014;0;2;0;90
30.09.2020 00:00:00;Graz-Umgebung;606;154260;14;458;51;33,06107;0;35;4;355
30.09.2020 00:00:00;Leibnitz;610;82484;2;264;15;18,18534;0;5;2;226
30.09.2020 00:00:00;Leoben;611;60060;2;95;11;18,31502;0;3;1;70
30.09.2020 00:00:00;Liezen;612;79901;6;187;29;36,29491;0;1;5;142
30.09.2020 00:00:00;Murau;614;27659;0;37;3;10,84638;0;0;1;28
30.09.2020 00:00:00;Voitsberg;616;51161;2;150;21;41,04689;0;5;1;118
30.09.2020 00:00:00;Weiz;617;90343;3;288;16;17,71028;0;18;1;246
30.09.2020 00:00:00;Murtal;620;72004;2;114;12;16,66574;0;1;2;99
30.09.2020 00:00:00;Bruck-Mürzzuschlag;621;98984;6;154;19;19,19502;0;4;1;123
30.09.2020 00:00:00;Hartberg-Fürstenfeld;622;90622;3;400;21;23,17318;0;41;8;335
30.09.2020 00:00:00;Südoststeiermark;623;85947;0;94;3;3,490523;0;2;0;73
30.09.2020 00:00:00;Innsbruck-Stadt;701;132110;14;1232;119;90,07645;0;6;10;1089
30.09.2020 00:00:00;Imst;702;60056;7;421;32;53,2836;0;6;4;380
30.09.2020 00:00:00;Innsbruck-Land;703;179318;14;919;99;55,20918;0;14;23;792
30.09.2020 00:00:00;Kitzbühel;704;63881;2;466;23;36,00444;0;11;4;432
30.09.2020 00:00:00;Kufstein;705;109682;9;936;56;51,05669;0;35;10;845
30.09.2020 00:00:00;Landeck;706;44362;21;1152;59;132,9967;0;16;7;1062
30.09.2020 00:00:00;Lienz;707;48753;0;183;3;6,153468;0;6;2;170
30.09.2020 00:00:00;Reutte;708;32670;0;119;3;9,182736;0;1;1;116
30.09.2020 00:00:00;Schwaz;709;83873;11;673;58;69,15217;0;14;11;597
30.09.2020 00:00:00;Bludenz;801;63714;0;444;16;25,11222;0;4;5;418
30.09.2020 00:00:00;Bregenz;802;134383;8;563;65;48,36921;0;10;11;472
30.09.2020 00:00:00;Dornbirn;803;89041;4;461;43;48,29236;0;5;15;397
30.09.2020 00:00:00;Feldkirch;804;107159;9;457;63;58,79114;0;3;5;369
30.09.2020 00:00:00;Wien;900;1897491;367;16472;2599;136,9704;0;253;296;11614
01.10.2020 00:00:00;Eisenstadt(Stadt);101;14637;0;44;1;6,832001;0;0;0;40
01.10.2020 00:00:00;Rust(Stadt);102;1940;0;3;0;0;0;0;0;3
01.10.2020 00:00:00;Eisenstadt-Umgebung;103;42927;4;116;18;41,93165;0;1;3;94
01.10.2020 00:00:00;Güssing;104;25797;1;80;24;93,03407;0;0;1;51
01.10.2020 00:00:00;Jennersdorf;105;17066;0;19;1;5,859604;0;0;0;17
01.10.2020 00:00:00;Mattersburg;106;39925;1;139;16;40,07514;0;1;0;120
01.10.2020 00:00:00;Neusiedl am See;107;59552;9;197;47;78,92262;0;4;10;122
01.10.2020 00:00:00;Oberpullendorf;108;37513;1;62;15;39,98614;0;1;1;43
01.10.2020 00:00:00;Oberwart;109;54076;2;222;20;36,98499;0;4;2;179
01.10.2020 00:00:00;Klagenfurt Stadt;201;100817;1;207;19;18,84603;0;3;1;178
01.10.2020 00:00:00;Villach Stadt;202;62243;3;105;10;16,06606;0;0;3;87
01.10.2020 00:00:00;Hermagor;203;18224;3;44;38;208,5162;0;0;0;5
01.10.2020 00:00:00;Klagenfurt Land;204;59800;1;96;9;15,05017;0;2;0;75
01.10.2020 00:00:00;Sankt Veit an der Glan;205;54555;2;79;10;18,33013;0;0;0;65
01.10.2020 00:00:00;Spittal an der Drau;206;76091;1;81;5;6,571079;0;1;0;70
01.10.2020 00:00:00;Villach Land;207;64668;2;124;13;20,10268;0;2;0;102
01.10.2020 00:00:00;Völkermarkt;208;41878;5;83;11;26,26678;0;4;0;67
01.10.2020 00:00:00;Wolfsberg;209;52726;1;87;6;11,37959;0;1;0;79
01.10.2020 00:00:00;Feldkirchen;210;29937;0;36;4;13,36139;0;0;0;29
01.10.2020 00:00:00;Krems an der Donau(Stadt);301;24876;4;131;27;108,5384;0;4;2;88
01.10.2020 00:00:00;Sankt Pölten(Stadt);302;55044;9;247;53;96,28661;0;5;1;164
01.10.2020 00:00:00;Waidhofen an der Ybbs(Stadt);303;11261;0;30;2;17,76041;0;3;0;24
01.10.2020 00:00:00;Wiener Neustadt(Stadt);304;45277;9;252;27;59,63293;0;0;1;193
01.10.2020 00:00:00;Amstetten;305;116114;4;394;22;18,9469;0;16;0;347
01.10.2020 00:00:00;Baden;306;146203;13;627;80;54,71844;0;5;15;522
01.10.2020 00:00:00;Bruck an der Leitha;307;102010;7;401;78;76,46309;0;5;5;310
01.10.2020 00:00:00;Gänserndorf;308;103686;7;426;65;62,68927;0;5;3;317
01.10.2020 00:00:00;Gmünd;309;36773;11;111;46;125,0918;0;0;2;48
01.10.2020 00:00:00;Hollabrunn;310;50858;7;91;8;15,73007;0;0;3;78
01.10.2020 00:00:00;Horn;311;31090;1;115;4;12,86587;0;5;1;104
01.10.2020 00:00:00;Korneuburg;312;90889;3;417;53;58,31289;0;6;5;337
01.10.2020 00:00:00;Krems(Land);313;56596;2;300;40;70,67638;0;8;7;237
01.10.2020 00:00:00;Lilienfeld;314;25812;1;98;6;23,245;0;5;1;81
01.10.2020 00:00:00;Melk;315;77962;6;354;69;88,50465;0;4;12;266
01.10.2020 00:00:00;Mistelbach;316;75483;8;321;54;71,53928;0;7;0;246
01.10.2020 00:00:00;Mödling;317;118998;13;557;83;69,74907;1;8;14;446
01.10.2020 00:00:00;Neunkirchen;318;86291;5;476;43;49,83138;0;8;8;406
01.10.2020 00:00:00;Sankt Pölten(Land);319;131044;6;528;78;59,52199;0;11;3;396
01.10.2020 00:00:00;Scheibbs;320;41403;3;165;27;65,21267;0;2;4;121
01.10.2020 00:00:00;Tulln;321;103771;12;378;48;46,2557;0;6;4;307
01.10.2020 00:00:00;Waidhofen an der Thaya;322;25888;3;139;19;73,39308;0;2;1;110
01.10.2020 00:00:00;Wiener Neustadt(Land);323;77991;1;258;19;24,36179;0;8;5;230
01.10.2020 00:00:00;Zwettl;325;42222;1;175;19;45,00024;0;2;1;144
01.10.2020 00:00:00;Linz(Stadt);401;205726;25;1358;138;67,07951;0;19;16;1161
01.10.2020 00:00:00;Steyr(Stadt);402;38193;0;170;7;18,32797;0;2;2;151
01.10.2020 00:00:00;Wels(Stadt);403;61727;5;371;41;66,4215;0;0;3;318
01.10.2020 00:00:00;Braunau am Inn;404;104408;1;335;38;36,39568;0;5;6;275
01.10.2020 00:00:00;Eferding;405;33156;0;127;1;3,016045;0;6;0;115
01.10.2020 00:00:00;Freistadt;406;66621;6;306;39;58,5401;0;6;3;251
01.10.2020 00:00:00;Gmunden;407;101631;4;289;53;52,14944;0;2;1;223
01.10.2020 00:00:00;Grieskirchen;408;64721;2;191;21;32,44696;0;1;4;159
01.10.2020 00:00:00;Kirchdorf an der Krems;409;56866;1;143;8;14,06816;0;2;1;119
01.10.2020 00:00:00;Linz-Land;410;150273;11;936;56;37,26551;0;9;0;802
01.10.2020 00:00:00;Perg;411;68459;2;449;12;17,52874;0;4;7;427
01.10.2020 00:00:00;Ried im Innkreis;412;61204;14;265;71;116,0055;0;0;14;158
01.10.2020 00:00:00;Rohrbach;413;56524;1;236;14;24,76824;0;0;2;224
01.10.2020 00:00:00;Schärding;414;57307;2;129;35;61,07456;0;1;1;80
01.10.2020 00:00:00;Steyr-Land;415;60427;1;274;4;6,619557;0;7;0;259
01.10.2020 00:00:00;Urfahr-Umgebung;416;85505;8;454;40;46,78089;0;6;0;400
01.10.2020 00:00:00;Vöcklabruck;417;136253;6;460;74;54,31073;0;4;6;358
01.10.2020 00:00:00;Wels-Land;418;73094;0;304;52;71,14127;0;1;5;242
01.10.2020 00:00:00;Salzburg(Stadt);501;154211;6;542;73;47,33774;0;3;4;444
01.10.2020 00:00:00;Hallein;502;60374;11;223;66;109,3186;0;1;1;141
01.10.2020 00:00:00;Salzburg-Umgebung;503;152281;20;486;59;38,74416;0;11;4;410
01.10.2020 00:00:00;Sankt Johann im Pongau;504;80573;8;591;32;39,71554;0;17;1;515
01.10.2020 00:00:00;Tamsweg;505;20320;0;35;2;9,84252;0;1;0;32
01.10.2020 00:00:00;Zell am See;506;87462;2;463;16;18,29366;0;9;4;431
01.10.2020 00:00:00;Graz(Stadt);601;288806;10;1267;101;34,97157;0;50;16;1052
01.10.2020 00:00:00;Deutschlandsberg;603;60821;0;103;6;9,865014;0;2;3;93
01.10.2020 00:00:00;Graz-Umgebung;606;154260;8;466;53;34,35758;0;35;1;356
01.10.2020 00:00:00;Leibnitz;610;82484;0;264;12;14,54828;1;6;1;227
01.10.2020 00:00:00;Leoben;611;60060;0;95;9;14,98501;0;3;0;70
01.10.2020 00:00:00;Liezen;612;79901;6;193;30;37,54646;0;1;4;146
01.10.2020 00:00:00;Murau;614;27659;0;37;2;7,230919;0;0;1;29
01.10.2020 00:00:00;Voitsberg;616;51161;5;155;21;41,04689;0;5;0;118
01.10.2020 00:00:00;Weiz;617;90343;4;292;18;19,92407;0;18;0;246
01.10.2020 00:00:00;Murtal;620;72004;1;115;12;16,66574;0;1;1;100
01.10.2020 00:00:00;Bruck-Mürzzuschlag;621;98984;2;156;18;18,18476;0;4;3;126
01.10.2020 00:00:00;Hartberg-Fürstenfeld;622;90622;0;400;16;17,65576;0;41;1;336
01.10.2020 00:00:00;Südoststeiermark;623;85947;0;94;3;3,490523;0;2;2;75
01.10.2020 00:00:00;Innsbruck-Stadt;701;132110;20;1252;127;96,13201;0;6;14;1103
01.10.2020 00:00:00;Imst;702;60056;2;423;29;48,28827;0;6;1;381
01.10.2020 00:00:00;Innsbruck-Land;703;179318;22;941;114;63,57421;0;14;0;792
01.10.2020 00:00:00;Kitzbühel;704;63881;4;470;19;29,7428;0;11;10;442
01.10.2020 00:00:00;Kufstein;705;109682;12;948;55;50,14497;0;35;2;847
01.10.2020 00:00:00;Landeck;706;44362;8;1160;63;142,0134;0;16;3;1065
01.10.2020 00:00:00;Lienz;707;48753;0;183;3;6,153468;0;6;1;171
01.10.2020 00:00:00;Reutte;708;32670;0;119;2;6,121824;0;1;0;116
01.10.2020 00:00:00;Schwaz;709;83873;5;678;59;70,34445;0;14;5;602
01.10.2020 00:00:00;Bludenz;801;63714;2;446;14;21,97319;0;4;1;419
01.10.2020 00:00:00;Bregenz;802;134383;17;580;71;52,83406;0;10;8;480
01.10.2020 00:00:00;Dornbirn;803;89041;13;474;49;55,03083;0;5;2;399
01.10.2020 00:00:00;Feldkirch;804;107159;22;479;80;74,65542;0;3;5;374
01.10.2020 00:00:00;Wien;900;1897491;307;16779;2473;130,33;3;256;273;11887
02.10.2020 00:00:00;Eisenstadt(Stadt);101;14637;1;45;1;6,832001;0;0;0;40
02.10.2020 00:00:00;Rust(Stadt);102;1940;0;3;0;0;0;0;0;3
02.10.2020 00:00:00;Eisenstadt-Umgebung;103;42927;2;118;18;41,93165;0;1;1;95
02.10.2020 00:00:00;Güssing;104;25797;4;84;25;96,91049;0;0;2;53
02.10.2020 00:00:00;Jennersdorf;105;17066;0;19;1;5,859604;0;0;1;18
02.10.2020 00:00:00;Mattersburg;106;39925;1;140;14;35,06575;0;1;0;120
02.10.2020 00:00:00;Neusiedl am See;107;59552;3;200;47;78,92262;0;4;1;123
02.10.2020 00:00:00;Oberpullendorf;108;37513;7;69;21;55,98059;0;1;2;45
02.10.2020 00:00:00;Oberwart;109;54076;0;222;20;36,98499;0;4;0;179
02.10.2020 00:00:00;Klagenfurt Stadt;201;100817;2;209;17;16,86224;0;3;4;182
02.10.2020 00:00:00;Villach Stadt;202;62243;3;108;11;17,67267;0;0;3;90
02.10.2020 00:00:00;Hermagor;203;18224;2;46;40;219,4908;0;0;0;5
02.10.2020 00:00:00;Klagenfurt Land;204;59800;2;98;8;13,37793;0;2;1;76
02.10.2020 00:00:00;Sankt Veit an der Glan;205;54555;0;79;5;9,165063;0;0;1;66
02.10.2020 00:00:00;Spittal an der Drau;206;76091;1;82;5;6,571079;0;1;0;70
02.10.2020 00:00:00;Villach Land;207;64668;1;125;11;17,00996;0;2;4;106
02.10.2020 00:00:00;Völkermarkt;208;41878;7;90;18;42,98199;0;4;0;67
02.10.2020 00:00:00;Wolfsberg;209;52726;1;88;6;11,37959;0;1;0;79
02.10.2020 00:00:00;Feldkirchen;210;29937;0;36;2;6,680696;0;0;1;30
02.10.2020 00:00:00;Krems an der Donau(Stadt);301;24876;4;135;26;104,5184;0;4;6;94
02.10.2020 00:00:00;Sankt Pölten(Stadt);302;55044;6;253;56;101,7368;0;5;3;167
02.10.2020 00:00:00;Waidhofen an der Ybbs(Stadt);303;11261;0;30;0;0;0;3;2;26
02.10.2020 00:00:00;Wiener Neustadt(Stadt);304;45277;1;253;22;48,58979;0;0;0;193
02.10.2020 00:00:00;Amstetten;305;116114;17;411;37;31,86524;0;16;0;347
02.10.2020 00:00:00;Baden;306;146203;15;642;83;56,77038;0;5;13;535
02.10.2020 00:00:00;Bruck an der Leitha;307;102010;15;416;87;85,28576;0;5;2;312
02.10.2020 00:00:00;Gänserndorf;308;103686;6;432;62;59,79592;0;5;7;324
02.10.2020 00:00:00;Gmünd;309;36773;7;118;45;122,3724;0;0;12;60
02.10.2020 00:00:00;Hollabrunn;310;50858;3;94;11;21,62885;0;0;0;78
02.10.2020 00:00:00;Horn;311;31090;0;115;4;12,86587;0;5;0;104
02.10.2020 00:00:00;Korneuburg;312;90889;12;429;60;66,01459;0;6;5;342
02.10.2020 00:00:00;Krems(Land);313;56596;5;305;40;70,67638;0;8;3;240
02.10.2020 00:00:00;Lilienfeld;314;25812;3;101;8;30,99334;0;5;2;83
02.10.2020 00:00:00;Melk;315;77962;6;360;64;82,09128;0;4;10;276
02.10.2020 00:00:00;Mistelbach;316;75483;9;330;58;76,83849;0;7;6;252
02.10.2020 00:00:00;Mödling;317;118998;10;567;78;65,54732;0;8;10;456
02.10.2020 00:00:00;Neunkirchen;318;86291;3;479;38;44,03704;0;8;13;419
02.10.2020 00:00:00;Sankt Pölten(Land);319;131044;11;539;80;61,0482;0;11;1;397
02.10.2020 00:00:00;Scheibbs;320;41403;0;165;17;41,05983;0;2;8;129
02.10.2020 00:00:00;Tulln;321;103771;2;380;45;43,36472;0;6;7;314
02.10.2020 00:00:00;Waidhofen an der Thaya;322;25888;2;141;19;73,39308;0;2;7;117
02.10.2020 00:00:00;Wiener Neustadt(Land);323;77991;7;265;19;24,36179;0;8;8;238
02.10.2020 00:00:00;Zwettl;325;42222;3;178;21;49,7371;0;2;4;148
02.10.2020 00:00:00;Linz(Stadt);401;205726;31;1389;165;80,20377;0;19;0;1161
02.10.2020 00:00:00;Steyr(Stadt);402;38193;4;174;8;20,94625;0;2;5;156
02.10.2020 00:00:00;Wels(Stadt);403;61727;7;378;44;71,28161;0;0;6;324
02.10.2020 00:00:00;Braunau am Inn;404;104408;3;338;36;34,48012;0;5;3;278
02.10.2020 00:00:00;Eferding;405;33156;0;127;0;0;0;6;4;119
02.10.2020 00:00:00;Freistadt;406;66621;2;308;34;51,03496;0;6;2;253
02.10.2020 00:00:00;Gmunden;407;101631;13;302;63;61,98896;0;2;2;225
02.10.2020 00:00:00;Grieskirchen;408;64721;0;191;16;24,7215;0;1;8;167
02.10.2020 00:00:00;Kirchdorf an der Krems;409;56866;2;145;9;15,82668;0;2;0;119
02.10.2020 00:00:00;Linz-Land;410;150273;10;946;62;41,25824;0;9;0;802
02.10.2020 00:00:00;Perg;411;68459;2;451;12;17,52874;0;4;1;428
02.10.2020 00:00:00;Ried im Innkreis;412;61204;9;274;79;129,0765;0;0;16;174
02.10.2020 00:00:00;Rohrbach;413;56524;4;240;18;31,84488;0;0;0;224
02.10.2020 00:00:00;Schärding;414;57307;1;130;28;48,85965;0;1;2;82
02.10.2020 00:00:00;Steyr-Land;415;60427;2;276;5;8,274446;0;7;0;259
02.10.2020 00:00:00;Urfahr-Umgebung;416;85505;4;458;42;49,11993;0;6;0;400
02.10.2020 00:00:00;Vöcklabruck;417;136253;17;477;85;62,38395;0;4;5;363
02.10.2020 00:00:00;Wels-Land;418;73094;1;305;44;60,19646;0;1;9;251
02.10.2020 00:00:00;Salzburg(Stadt);501;154211;14;556;73;47,33774;0;3;12;456
02.10.2020 00:00:00;Hallein;502;60374;12;235;69;114,2876;0;1;4;145
02.10.2020 00:00:00;Salzburg-Umgebung;503;152281;5;491;61;40,05753;0;11;4;414
02.10.2020 00:00:00;Sankt Johann im Pongau;504;80573;5;596;34;42,19776;0;17;6;521
02.10.2020 00:00:00;Tamsweg;505;20320;3;38;5;24,6063;0;1;0;32
02.10.2020 00:00:00;Zell am See;506;87462;2;465;15;17,1503;0;9;3;434
02.10.2020 00:00:00;Graz(Stadt);601;288806;6;1273;105;36,35659;0;50;9;1061
02.10.2020 00:00:00;Deutschlandsberg;603;60821;0;103;6;9,865014;0;2;0;93
02.10.2020 00:00:00;Graz-Umgebung;606;154260;4;470;57;36,9506;0;35;10;366
02.10.2020 00:00:00;Leibnitz;610;82484;1;265;13;15,76063;0;6;11;238
02.10.2020 00:00:00;Leoben;611;60060;1;96;10;16,65002;0;3;0;70
02.10.2020 00:00:00;Liezen;612;79901;5;198;35;43,80421;0;1;8;154
02.10.2020 00:00:00;Murau;614;27659;1;38;1;3,61546;0;0;4;33
02.10.2020 00:00:00;Voitsberg;616;51161;2;157;22;43,00151;0;5;1;119
02.10.2020 00:00:00;Weiz;617;90343;3;295;18;19,92407;0;18;1;247
02.10.2020 00:00:00;Murtal;620;72004;1;116;13;18,05455;0;1;3;103
02.10.2020 00:00:00;Bruck-Mürzzuschlag;621;98984;6;162;23;23,23608;1;5;6;132
02.10.2020 00:00:00;Hartberg-Fürstenfeld;622;90622;3;403;19;20,96621;0;41;11;347
02.10.2020 00:00:00;Südoststeiermark;623;85947;1;95;3;3,490523;0;2;1;76
02.10.2020 00:00:00;Innsbruck-Stadt;701;132110;40;1292;152;115,0556;0;6;16;1119
02.10.2020 00:00:00;Imst;702;60056;4;427;24;39,9627;0;6;6;387
02.10.2020 00:00:00;Innsbruck-Land;703;179318;29;970;138;76,95825;0;14;7;799
02.10.2020 00:00:00;Kitzbühel;704;63881;3;473;19;29,7428;0;11;2;444
02.10.2020 00:00:00;Kufstein;705;109682;8;956;55;50,14497;0;35;9;856
02.10.2020 00:00:00;Landeck;706;44362;9;1169;69;155,5385;0;16;3;1068
02.10.2020 00:00:00;Lienz;707;48753;0;183;2;4,102312;0;6;3;174
02.10.2020 00:00:00;Reutte;708;32670;0;119;2;6,121824;0;1;0;116
02.10.2020 00:00:00;Schwaz;709;83873;13;691;56;66,76762;0;14;8;610
02.10.2020 00:00:00;Bludenz;801;63714;8;454;20;31,39028;0;4;5;424
02.10.2020 00:00:00;Bregenz;802;134383;10;590;71;52,83406;0;10;9;489
02.10.2020 00:00:00;Dornbirn;803;89041;10;484;57;64,01546;0;5;11;410
02.10.2020 00:00:00;Feldkirch;804;107159;23;502;97;90,51969;0;3;8;382
02.10.2020 00:00:00;Wien;900;1897491;479;17258;2650;139,6581;4;260;371;12258
03.10.2020 00:00:00;Eisenstadt(Stadt);101;14637;0;45;1;6,832001;0;0;1;41
03.10.2020 00:00:00;Rust(Stadt);102;1940;0;3;0;0;0;0;0;3
03.10.2020 00:00:00;Eisenstadt-Umgebung;103;42927;1;119;17;39,60212;0;1;1;96
03.10.2020 00:00:00;Güssing;104;25797;1;85;25;96,91049;0;0;3;56
03.10.2020 00:00:00;Jennersdorf;105;17066;0;19;1;5,859604;0;0;1;19
03.10.2020 00:00:00;Mattersburg;106;39925;1;141;13;32,56105;0;1;2;122
03.10.2020 00:00:00;Neusiedl am See;107;59552;2;202;42;70,5266;0;4;2;125
03.10.2020 00:00:00;Oberpullendorf;108;37513;1;70;20;53,31485;0;1;0;45
03.10.2020 00:00:00;Oberwart;109;54076;1;223;17;31,43724;0;4;1;180
03.10.2020 00:00:00;Klagenfurt Stadt;201;100817;5;214;15;14,87844;0;3;4;186
03.10.2020 00:00:00;Villach Stadt;202;62243;0;108;8;12,85285;0;0;2;92
03.10.2020 00:00:00;Hermagor;203;18224;2;48;42;230,4653;0;0;0;5
03.10.2020 00:00:00;Klagenfurt Land;204;59800;0;98;7;11,70569;0;2;0;76
03.10.2020 00:00:00;Sankt Veit an der Glan;205;54555;0;79;5;9,165063;0;0;2;68
03.10.2020 00:00:00;Spittal an der Drau;206;76091;0;82;5;6,571079;0;1;1;71
03.10.2020 00:00:00;Villach Land;207;64668;2;127;11;17,00996;0;2;0;106
03.10.2020 00:00:00;Völkermarkt;208;41878;12;102;30;71,63666;0;4;0;67
03.10.2020 00:00:00;Wolfsberg;209;52726;0;88;6;11,37959;0;1;0;79
03.10.2020 00:00:00;Feldkirchen;210;29937;0;36;2;6,680696;0;0;0;30
03.10.2020 00:00:00;Krems an der Donau(Stadt);301;24876;3;138;27;108,5384;0;4;4;98
03.10.2020 00:00:00;Sankt Pölten(Stadt);302;55044;12;265;59;107,187;0;5;2;169
03.10.2020 00:00:00;Waidhofen an der Ybbs(Stadt);303;11261;0;30;0;0;0;3;0;26
03.10.2020 00:00:00;Wiener Neustadt(Stadt);304;45277;3;256;24;53,00705;0;0;0;193
03.10.2020 00:00:00;Amstetten;305;116114;4;415;39;33,58768;0;16;1;348
03.10.2020 00:00:00;Baden;306;146203;11;653;88;60,19028;0;5;6;541
03.10.2020 00:00:00;Bruck an der Leitha;307;102010;16;432;94;92,14783;0;5;3;315
03.10.2020 00:00:00;Gänserndorf;308;103686;14;446;63;60,76037;0;5;8;332
03.10.2020 00:00:00;Gmünd;309;36773;4;122;45;122,3724;0;0;2;62
03.10.2020 00:00:00;Hollabrunn;310;50858;10;104;21;41,29144;0;0;2;80
03.10.2020 00:00:00;Horn;311;31090;0;115;4;12,86587;0;5;1;105
03.10.2020 00:00:00;Korneuburg;312;90889;4;433;54;59,41313;0;6;8;350
03.10.2020 00:00:00;Krems(Land);313;56596;7;312;35;61,84183;0;8;6;246
03.10.2020 00:00:00;Lilienfeld;314;25812;0;101;7;27,11917;0;5;2;85
03.10.2020 00:00:00;Melk;315;77962;1;361;48;61,56845;0;4;6;282
03.10.2020 00:00:00;Mistelbach;316;75483;6;336;57;75,51369;0;7;3;255
03.10.2020 00:00:00;Mödling;317;118998;16;583;83;69,74907;0;8;1;457
03.10.2020 00:00:00;Neunkirchen;318;86291;5;484;40;46,35477;0;8;6;425
03.10.2020 00:00:00;Sankt Pölten(Land);319;131044;5;544;72;54,94338;0;11;0;397
03.10.2020 00:00:00;Scheibbs;320;41403;0;165;12;28,98341;0;2;11;140
03.10.2020 00:00:00;Tulln;321;103771;9;389;50;48,18302;0;6;1;315
03.10.2020 00:00:00;Waidhofen an der Thaya;322;25888;2;143;20;77,25587;0;2;0;117
03.10.2020 00:00:00;Wiener Neustadt(Land);323;77991;1;266;16;20,51519;0;8;2;240
03.10.2020 00:00:00;Zwettl;325;42222;5;183;25;59,21084;0;2;3;151
03.10.2020 00:00:00;Linz(Stadt);401;205726;49;1438;179;87,00893;0;19;19;1180
03.10.2020 00:00:00;Steyr(Stadt);402;38193;0;174;6;15,70969;0;2;1;157
03.10.2020 00:00:00;Wels(Stadt);403;61727;6;384;44;71,28161;0;0;2;326
03.10.2020 00:00:00;Braunau am Inn;404;104408;1;339;34;32,56456;0;5;1;279
03.10.2020 00:00:00;Eferding;405;33156;1;128;1;3,016045;0;6;0;119
03.10.2020 00:00:00;Freistadt;406;66621;0;308;32;48,0329;0;6;7;260
03.10.2020 00:00:00;Gmunden;407;101631;1;303;62;61,00501;0;2;2;227
03.10.2020 00:00:00;Grieskirchen;408;64721;2;193;14;21,63131;0;1;0;167
03.10.2020 00:00:00;Kirchdorf an der Krems;409;56866;0;145;8;14,06816;0;2;1;120
03.10.2020 00:00:00;Linz-Land;410;150273;41;987;96;63,88373;0;9;5;807
03.10.2020 00:00:00;Perg;411;68459;1;452;11;16,06801;0;4;5;433
03.10.2020 00:00:00;Ried im Innkreis;412;61204;0;274;70;114,3716;0;0;1;175
03.10.2020 00:00:00;Rohrbach;413;56524;8;248;24;42,45984;0;0;0;224
03.10.2020 00:00:00;Schärding;414;57307;0;130;19;33,15476;0;1;5;87
03.10.2020 00:00:00;Steyr-Land;415;60427;3;279;8;13,23911;0;7;0;259
03.10.2020 00:00:00;Urfahr-Umgebung;416;85505;1;459;38;44,44184;0;6;0;400
03.10.2020 00:00:00;Vöcklabruck;417;136253;9;486;86;63,11788;0;4;4;367
03.10.2020 00:00:00;Wels-Land;418;73094;2;307;26;35,57064;0;1;5;256
03.10.2020 00:00:00;Salzburg(Stadt);501;154211;6;562;65;42,15004;0;3;8;464
03.10.2020 00:00:00;Hallein;502;60374;8;243;73;120,913;0;1;13;158
03.10.2020 00:00:00;Salzburg-Umgebung;503;152281;5;496;57;37,4308;0;11;1;415
03.10.2020 00:00:00;Sankt Johann im Pongau;504;80573;1;597;32;39,71554;0;17;2;523
03.10.2020 00:00:00;Tamsweg;505;20320;0;38;5;24,6063;0;1;0;32
03.10.2020 00:00:00;Zell am See;506;87462;4;469;16;18,29366;0;9;0;434
03.10.2020 00:00:00;Graz(Stadt);601;288806;19;1292;92;31,85529;0;50;17;1078
03.10.2020 00:00:00;Deutschlandsberg;603;60821;1;104;5;8,220845;0;2;3;96
03.10.2020 00:00:00;Graz-Umgebung;606;154260;4;474;50;32,41281;0;35;1;367
03.10.2020 00:00:00;Leibnitz;610;82484;1;266;11;13,33592;0;6;2;240
03.10.2020 00:00:00;Leoben;611;60060;0;96;8;13,32001;0;3;0;70
03.10.2020 00:00:00;Liezen;612;79901;3;201;33;41,30111;0;1;7;161
03.10.2020 00:00:00;Murau;614;27659;0;38;1;3,61546;0;0;0;33
03.10.2020 00:00:00;Voitsberg;616;51161;4;161;18;35,18305;0;5;0;119
03.10.2020 00:00:00;Weiz;617;90343;0;295;13;14,3896;0;18;6;253
03.10.2020 00:00:00;Murtal;620;72004;2;118;14;19,44337;0;1;0;103
03.10.2020 00:00:00;Bruck-Mürzzuschlag;621;98984;1;163;21;21,21555;0;5;0;132
03.10.2020 00:00:00;Hartberg-Fürstenfeld;622;90622;1;404;17;18,75924;0;41;0;347
03.10.2020 00:00:00;Südoststeiermark;623;85947;1;96;4;4,654031;0;2;0;76
03.10.2020 00:00:00;Innsbruck-Stadt;701;132110;16;1308;147;111,2709;0;6;9;1128
03.10.2020 00:00:00;Imst;702;60056;2;429;21;34,96737;0;6;7;394
03.10.2020 00:00:00;Innsbruck-Land;703;179318;15;985;138;76,95825;0;14;5;804
03.10.2020 00:00:00;Kitzbühel;704;63881;3;476;21;32,87362;0;11;3;447
03.10.2020 00:00:00;Kufstein;705;109682;12;968;64;58,35051;0;35;9;865
03.10.2020 00:00:00;Landeck;706;44362;1;1170;64;144,2676;0;16;3;1071
03.10.2020 00:00:00;Lienz;707;48753;0;183;1;2,051156;0;6;1;175
03.10.2020 00:00:00;Reutte;708;32670;0;119;1;3,060912;0;1;0;116
03.10.2020 00:00:00;Schwaz;709;83873;15;706;65;77,49812;0;14;5;615
03.10.2020 00:00:00;Bludenz;801;63714;6;460;20;31,39028;0;4;2;426
03.10.2020 00:00:00;Bregenz;802;134383;7;597;72;53,57821;0;10;12;501
03.10.2020 00:00:00;Dornbirn;803;89041;3;487;52;58,40006;0;5;5;415
03.10.2020 00:00:00;Feldkirch;804;107159;20;522;106;98,91843;1;4;5;387
03.10.2020 00:00:00;Wien;900;1897491;253;17511;2623;138,2352;2;262;211;12469
04.10.2020 00:00:00;Eisenstadt(Stadt);101;14637;0;45;1;6,832001;0;0;0;41
04.10.2020 00:00:00;Rust(Stadt);102;1940;0;3;0;0;0;0;0;3
04.10.2020 00:00:00;Eisenstadt-Umgebung;103;42927;0;119;15;34,94304;0;1;0;96
04.10.2020 00:00:00;Güssing;104;25797;3;88;26;100,7869;0;0;0;56
04.10.2020 00:00:00;Jennersdorf;105;17066;0;19;0;0;0;0;0;19
04.10.2020 00:00:00;Mattersburg;106;39925;2;143;14;35,06575;0;1;0;122
04.10.2020 00:00:00;Neusiedl am See;107;59552;5;207;45;75,56421;0;4;3;128
04.10.2020 00:00:00;Oberpullendorf;108;37513;2;72;21;55,98059;0;1;0;45
04.10.2020 00:00:00;Oberwart;109;54076;3;226;16;29,58799;0;4;0;180
04.10.2020 00:00:00;Klagenfurt Stadt;201;100817;0;214;14;13,88655;0;3;1;187
04.10.2020 00:00:00;Villach Stadt;202;62243;1;109;9;14,45946;0;0;3;95
04.10.2020 00:00:00;Hermagor;203;18224;0;48;31;170,1054;0;0;0;5
04.10.2020 00:00:00;Klagenfurt Land;204;59800;2;100;8;13,37793;0;2;1;77
04.10.2020 00:00:00;Sankt Veit an der Glan;205;54555;3;82;8;14,6641;0;0;0;68
04.10.2020 00:00:00;Spittal an der Drau;206;76091;0;82;5;6,571079;0;1;1;72
04.10.2020 00:00:00;Villach Land;207;64668;0;127;10;15,4636;0;2;0;106
04.10.2020 00:00:00;Völkermarkt;208;41878;5;107;32;76,41244;0;4;0;67
04.10.2020 00:00:00;Wolfsberg;209;52726;1;89;6;11,37959;0;1;0;79
04.10.2020 00:00:00;Feldkirchen;210;29937;0;36;2;6,680696;0;0;0;30
04.10.2020 00:00:00;Krems an der Donau(Stadt);301;24876;0;138;27;108,5384;0;4;5;103
04.10.2020 00:00:00;Sankt Pölten(Stadt);302;55044;10;275;65;118,0873;0;5;0;169
04.10.2020 00:00:00;Waidhofen an der Ybbs(Stadt);303;11261;0;30;0;0;0;3;0;26
04.10.2020 00:00:00;Wiener Neustadt(Stadt);304;45277;2;258;23;50,79842;0;0;1;194
04.10.2020 00:00:00;Amstetten;305;116114;0;415;37;31,86524;0;16;0;348
04.10.2020 00:00:00;Baden;306;146203;22;675;99;67,71407;1;6;7;548
04.10.2020 00:00:00;Bruck an der Leitha;307;102010;10;442;99;97,04931;0;5;4;319
04.10.2020 00:00:00;Gänserndorf;308;103686;2;448;58;55,93812;0;5;3;335
04.10.2020 00:00:00;Gmünd;309;36773;1;123;40;108,7755;0;0;1;63
04.10.2020 00:00:00;Hollabrunn;310;50858;2;106;23;45,22396;0;0;1;81
04.10.2020 00:00:00;Horn;311;31090;0;115;4;12,86587;0;5;0;105
04.10.2020 00:00:00;Korneuburg;312;90889;6;439;55;60,51337;0;6;15;365
04.10.2020 00:00:00;Krems(Land);313;56596;3;315;36;63,60873;0;8;7;253
04.10.2020 00:00:00;Lilienfeld;314;25812;1;102;7;27,11917;0;5;3;88
04.10.2020 00:00:00;Melk;315;77962;2;363;48;61,56845;0;4;6;288
04.10.2020 00:00:00;Mistelbach;316;75483;3;339;51;67,56488;0;7;6;261
04.10.2020 00:00:00;Mödling;317;118998;14;597;87;73,11047;1;9;8;465
04.10.2020 00:00:00;Neunkirchen;318;86291;8;492;41;47,51365;0;8;4;429
04.10.2020 00:00:00;Sankt Pölten(Land);319;131044;12;556;74;56,46958;0;11;0;397
04.10.2020 00:00:00;Scheibbs;320;41403;1;166;13;31,39869;0;2;0;140
04.10.2020 00:00:00;Tulln;321;103771;2;391;45;43,36472;0;6;3;318
04.10.2020 00:00:00;Waidhofen an der Thaya;322;25888;3;146;20;77,25587;0;2;2;119
04.10.2020 00:00:00;Wiener Neustadt(Land);323;77991;0;266;14;17,95079;0;8;2;242
04.10.2020 00:00:00;Zwettl;325;42222;2;185;23;54,47397;0;2;1;152
04.10.2020 00:00:00;Linz(Stadt);401;205726;11;1449;186;90,41152;0;19;0;1180
04.10.2020 00:00:00;Steyr(Stadt);402;38193;0;174;6;15,70969;0;2;0;157
04.10.2020 00:00:00;Wels(Stadt);403;61727;2;386;40;64,80147;0;0;0;326
04.10.2020 00:00:00;Braunau am Inn;404;104408;0;339;31;29,69121;0;5;0;279
04.10.2020 00:00:00;Eferding;405;33156;0;128;1;3,016045;0;6;0;119
04.10.2020 00:00:00;Freistadt;406;66621;2;310;31;46,53188;0;6;4;264
04.10.2020 00:00:00;Gmunden;407;101631;8;311;70;68,87663;0;2;0;227
04.10.2020 00:00:00;Grieskirchen;408;64721;0;193;11;16,99603;0;1;2;169
04.10.2020 00:00:00;Kirchdorf an der Krems;409;56866;1;146;8;14,06816;0;2;1;121
04.10.2020 00:00:00;Linz-Land;410;150273;15;1002;107;71,20374;0;9;8;815
04.10.2020 00:00:00;Perg;411;68459;4;456;15;21,91092;0;4;0;433
04.10.2020 00:00:00;Ried im Innkreis;412;61204;3;277;68;111,1039;0;0;1;176
04.10.2020 00:00:00;Rohrbach;413;56524;8;256;31;54,84396;0;0;0;224
04.10.2020 00:00:00;Schärding;414;57307;2;132;14;24,42982;0;1;9;96
04.10.2020 00:00:00;Steyr-Land;415;60427;0;279;8;13,23911;0;7;2;261
04.10.2020 00:00:00;Urfahr-Umgebung;416;85505;18;477;53;61,98468;0;6;2;402
04.10.2020 00:00:00;Vöcklabruck;417;136253;11;497;90;66,05359;0;4;3;370
04.10.2020 00:00:00;Wels-Land;418;73094;2;309;21;28,73013;0;1;3;259
04.10.2020 00:00:00;Salzburg(Stadt);501;154211;7;569;66;42,7985;0;3;9;473
04.10.2020 00:00:00;Hallein;502;60374;7;250;76;125,882;0;1;9;167
04.10.2020 00:00:00;Salzburg-Umgebung;503;152281;9;505;63;41,37089;0;11;6;421
04.10.2020 00:00:00;Sankt Johann im Pongau;504;80573;10;607;39;48,40331;0;17;8;531
04.10.2020 00:00:00;Tamsweg;505;20320;2;40;7;34,44882;0;1;0;32
04.10.2020 00:00:00;Zell am See;506;87462;3;472;15;17,1503;0;9;1;435
04.10.2020 00:00:00;Graz(Stadt);601;288806;19;1311;103;35,66408;0;50;19;1097
04.10.2020 00:00:00;Deutschlandsberg;603;60821;2;106;6;9,865014;0;2;0;96
04.10.2020 00:00:00;Graz-Umgebung;606;154260;6;480;52;33,70932;0;35;0;367
04.10.2020 00:00:00;Leibnitz;610;82484;1;267;12;14,54828;2;8;1;241
04.10.2020 00:00:00;Leoben;611;60060;15;111;22;36,63004;0;3;0;70
04.10.2020 00:00:00;Liezen;612;79901;4;205;34;42,55266;0;1;0;161
04.10.2020 00:00:00;Murau;614;27659;0;38;1;3,61546;0;0;0;33
04.10.2020 00:00:00;Voitsberg;616;51161;1;162;19;37,13766;0;5;0;119
04.10.2020 00:00:00;Weiz;617;90343;1;296;14;15,4965;0;18;1;254
04.10.2020 00:00:00;Murtal;620;72004;2;120;15;20,83218;0;1;0;103
04.10.2020 00:00:00;Bruck-Mürzzuschlag;621;98984;4;167;22;22,22581;0;5;0;132
04.10.2020 00:00:00;Hartberg-Fürstenfeld;622;90622;1;405;14;15,44879;0;41;0;347
04.10.2020 00:00:00;Südoststeiermark;623;85947;1;97;4;4,654031;0;2;0;76
04.10.2020 00:00:00;Innsbruck-Stadt;701;132110;28;1336;166;125,6529;0;6;13;1141
04.10.2020 00:00:00;Imst;702;60056;3;432;21;34,96737;0;6;3;397
04.10.2020 00:00:00;Innsbruck-Land;703;179318;25;1010;148;82,53493;0;14;11;815
04.10.2020 00:00:00;Kitzbühel;704;63881;2;478;20;31,30821;0;11;3;450
04.10.2020 00:00:00;Kufstein;705;109682;0;968;54;49,23324;0;35;5;870
04.10.2020 00:00:00;Landeck;706;44362;6;1176;66;148,776;0;16;5;1076
04.10.2020 00:00:00;Lienz;707;48753;0;183;1;2,051156;0;6;0;175
04.10.2020 00:00:00;Reutte;708;32670;0;119;1;3,060912;0;1;1;117
04.10.2020 00:00:00;Schwaz;709;83873;11;717;69;82,26723;0;14;5;620
04.10.2020 00:00:00;Bludenz;801;63714;3;463;23;36,09882;1;5;2;428
04.10.2020 00:00:00;Bregenz;802;134383;14;611;71;52,83406;0;10;3;504
04.10.2020 00:00:00;Dornbirn;803;89041;4;491;52;58,40006;0;5;4;419
04.10.2020 00:00:00;Feldkirch;804;107159;19;541;121;112,9163;0;4;9;396
04.10.2020 00:00:00;Wien;900;1897491;281;17792;2624;138,2879;3;265;143;12612
05.10.2020 00:00:00;Eisenstadt(Stadt);101;14637;1;46;2;13,664;0;0;1;42
05.10.2020 00:00:00;Rust(Stadt);102;1940;0;3;0;0;0;0;0;3
05.10.2020 00:00:00;Eisenstadt-Umgebung;103;42927;6;125;20;46,59072;0;1;0;96
05.10.2020 00:00:00;Güssing;104;25797;6;94;31;120,169;0;0;0;56
05.10.2020 00:00:00;Jennersdorf;105;17066;0;19;0;0;0;0;0;19
05.10.2020 00:00:00;Mattersburg;106;39925;1;144;15;37,57045;0;1;3;125
05.10.2020 00:00:00;Neusiedl am See;107;59552;22;229;66;110,8275;0;4;5;133
05.10.2020 00:00:00;Oberpullendorf;108;37513;6;78;25;66,64356;0;1;1;46
05.10.2020 00:00:00;Oberwart;109;54076;5;231;19;35,13573;0;4;2;182
05.10.2020 00:00:00;Klagenfurt Stadt;201;100817;2;216;13;12,89465;0;3;5;192
05.10.2020 00:00:00;Villach Stadt;202;62243;1;110;10;16,06606;0;0;1;96
05.10.2020 00:00:00;Hermagor;203;18224;2;50;33;181,0799;0;0;0;5
05.10.2020 00:00:00;Klagenfurt Land;204;59800;2;102;9;15,05017;0;2;2;79
05.10.2020 00:00:00;Sankt Veit an der Glan;205;54555;0;82;8;14,6641;0;0;0;68
05.10.2020 00:00:00;Spittal an der Drau;206;76091;0;82;5;6,571079;0;1;0;72
05.10.2020 00:00:00;Villach Land;207;64668;0;127;8;12,37088;0;2;4;110
05.10.2020 00:00:00;Völkermarkt;208;41878;9;116;40;95,51555;0;4;0;67
05.10.2020 00:00:00;Wolfsberg;209;52726;0;89;6;11,37959;0;1;1;80
05.10.2020 00:00:00;Feldkirchen;210;29937;0;36;2;6,680696;0;0;0;30
05.10.2020 00:00:00;Krems an der Donau(Stadt);301;24876;2;140;24;96,47853;0;4;5;108
05.10.2020 00:00:00;Sankt Pölten(Stadt);302;55044;14;289;75;136,2546;0;5;0;169
05.10.2020 00:00:00;Waidhofen an der Ybbs(Stadt);303;11261;0;30;0;0;0;3;0;26
05.10.2020 00:00:00;Wiener Neustadt(Stadt);304;45277;5;263;25;55,21567;0;0;0;194
05.10.2020 00:00:00;Amstetten;305;116114;5;420;42;36,17135;0;16;1;349
05.10.2020 00:00:00;Baden;306;146203;8;683;97;66,34611;0;6;5;553
05.10.2020 00:00:00;Bruck an der Leitha;307;102010;9;451;99;97,04931;0;5;10;329
05.10.2020 00:00:00;Gänserndorf;308;103686;14;462;64;61,72482;0;5;12;347
05.10.2020 00:00:00;Gmünd;309;36773;3;126;35;95,17853;0;0;7;70
05.10.2020 00:00:00;Hollabrunn;310;50858;2;108;25;49,15648;0;0;0;81
05.10.2020 00:00:00;Horn;311;31090;3;118;7;22,51528;0;5;0;105
05.10.2020 00:00:00;Korneuburg;312;90889;4;443;57;62,71386;0;6;0;365
05.10.2020 00:00:00;Krems(Land);313;56596;11;326;40;70,67638;0;8;5;258
05.10.2020 00:00:00;Lilienfeld;314;25812;0;102;7;27,11917;0;5;0;88
05.10.2020 00:00:00;Melk;315;77962;1;364;40;51,30705;0;4;7;295
05.10.2020 00:00:00;Mistelbach;316;75483;8;347;55;72,86409;0;7;2;263
05.10.2020 00:00:00;Mödling;317;118998;13;610;90;75,63152;0;9;15;480
05.10.2020 00:00:00;Neunkirchen;318;86291;1;493;36;41,7193;0;8;5;434
05.10.2020 00:00:00;Sankt Pölten(Land);319;131044;20;576;85;64,86371;0;11;0;397
05.10.2020 00:00:00;Scheibbs;320;41403;1;167;8;19,32227;0;2;5;145
05.10.2020 00:00:00;Tulln;321;103771;8;399;49;47,21936;0;6;6;324
05.10.2020 00:00:00;Waidhofen an der Thaya;322;25888;2;148;21;81,11867;0;2;4;123
05.10.2020 00:00:00;Wiener Neustadt(Land);323;77991;8;274;21;26,92618;1;9;1;243
05.10.2020 00:00:00;Zwettl;325;42222;3;188;23;54,47397;0;2;4;156
05.10.2020 00:00:00;Linz(Stadt);401;205726;27;1476;194;94,30019;0;19;0;1180
05.10.2020 00:00:00;Steyr(Stadt);402;38193;0;174;6;15,70969;0;2;1;158
05.10.2020 00:00:00;Wels(Stadt);403;61727;8;394;48;77,76176;0;0;6;332
05.10.2020 00:00:00;Braunau am Inn;404;104408;4;343;34;32,56456;0;5;7;286
05.10.2020 00:00:00;Eferding;405;33156;0;128;1;3,016045;0;6;0;119
05.10.2020 00:00:00;Freistadt;406;66621;5;315;36;54,03701;0;6;5;269
05.10.2020 00:00:00;Gmunden;407;101631;14;325;76;74,78033;0;2;2;229
05.10.2020 00:00:00;Grieskirchen;408;64721;2;195;11;16,99603;0;1;0;169
05.10.2020 00:00:00;Kirchdorf an der Krems;409;56866;2;148;10;17,5852;0;2;1;122
05.10.2020 00:00:00;Linz-Land;410;150273;7;1009;110;73,20011;0;9;0;815
05.10.2020 00:00:00;Perg;411;68459;3;459;15;21,91092;0;4;1;434
05.10.2020 00:00:00;Ried im Innkreis;412;61204;8;285;71;116,0055;0;0;11;187
05.10.2020 00:00:00;Rohrbach;413;56524;14;270;44;77,84304;0;0;1;225
05.10.2020 00:00:00;Schärding;414;57307;2;134;15;26,17481;0;1;4;100
05.10.2020 00:00:00;Steyr-Land;415;60427;1;280;8;13,23911;0;7;1;262
05.10.2020 00:00:00;Urfahr-Umgebung;416;85505;4;481;57;66,66277;0;6;0;402
05.10.2020 00:00:00;Vöcklabruck;417;136253;14;511;97;71,19109;0;4;7;377
05.10.2020 00:00:00;Wels-Land;418;73094;4;313;24;32,83443;0;1;21;280
05.10.2020 00:00:00;Salzburg(Stadt);501;154211;9;578;70;45,39235;0;3;11;484
05.10.2020 00:00:00;Hallein;502;60374;14;264;84;139,1327;0;1;3;170
05.10.2020 00:00:00;Salzburg-Umgebung;503;152281;17;522;78;51,2211;0;11;9;430
05.10.2020 00:00:00;Sankt Johann im Pongau;504;80573;2;609;38;47,1622;1;18;2;533
05.10.2020 00:00:00;Tamsweg;505;20320;0;40;7;34,44882;0;1;0;32
05.10.2020 00:00:00;Zell am See;506;87462;3;475;18;20,58037;0;9;1;436
05.10.2020 00:00:00;Graz(Stadt);601;288806;10;1321;93;32,20155;1;51;11;1108
05.10.2020 00:00:00;Deutschlandsberg;603;60821;2;108;8;13,15335;0;2;0;96
05.10.2020 00:00:00;Graz-Umgebung;606;154260;5;485;50;32,41281;1;36;10;377
05.10.2020 00:00:00;Leibnitz;610;82484;2;269;9;10,91121;1;9;2;243
05.10.2020 00:00:00;Leoben;611;60060;2;113;23;38,29504;0;3;3;73
05.10.2020 00:00:00;Liezen;612;79901;0;205;30;37,54646;0;1;3;164
05.10.2020 00:00:00;Murau;614;27659;0;38;1;3,61546;0;0;2;35
05.10.2020 00:00:00;Voitsberg;616;51161;1;163;17;33,22844;0;5;5;124
05.10.2020 00:00:00;Weiz;617;90343;1;297;14;15,4965;0;18;6;260
05.10.2020 00:00:00;Murtal;620;72004;1;121;13;18,05455;0;1;1;104
05.10.2020 00:00:00;Bruck-Mürzzuschlag;621;98984;6;173;27;27,27714;0;5;2;134
05.10.2020 00:00:00;Hartberg-Fürstenfeld;622;90622;1;406;13;14,3453;0;41;2;349
05.10.2020 00:00:00;Südoststeiermark;623;85947;0;97;3;3,490523;0;2;0;76
05.10.2020 00:00:00;Innsbruck-Stadt;701;132110;32;1368;191;144,5765;0;6;19;1160
05.10.2020 00:00:00;Imst;702;60056;6;438;27;44,95804;0;6;2;399
05.10.2020 00:00:00;Innsbruck-Land;703;179318;19;1029;155;86,43861;0;14;13;828
05.10.2020 00:00:00;Kitzbühel;704;63881;0;478;18;28,17739;0;11;1;451
05.10.2020 00:00:00;Kufstein;705;109682;1;969;54;49,23324;0;35;4;874
05.10.2020 00:00:00;Landeck;706;44362;1;1177;59;132,9967;0;16;8;1084
05.10.2020 00:00:00;Lienz;707;48753;0;183;1;2,051156;0;6;0;175
05.10.2020 00:00:00;Reutte;708;32670;0;119;1;3,060912;0;1;0;117
05.10.2020 00:00:00;Schwaz;709;83873;7;724;74;88,22863;0;14;7;627
05.10.2020 00:00:00;Bludenz;801;63714;3;466;25;39,23784;0;5;0;428
05.10.2020 00:00:00;Bregenz;802;134383;8;619;75;55,81063;0;10;10;514
05.10.2020 00:00:00;Dornbirn;803;89041;11;502;60;67,38469;0;5;4;423
05.10.2020 00:00:00;Feldkirch;804;107159;7;548;119;111,0499;0;4;7;403
05.10.2020 00:00:00;Wien;900;1897491;393;18185;2758;145,3498;1;266;163;12775
06.10.2020 00:00:00;Eisenstadt(Stadt);101;14637;0;46;2;13,664;0;0;0;42
06.10.2020 00:00:00;Rust(Stadt);102;1940;0;3;0;0;0;0;0;3
06.10.2020 00:00:00;Eisenstadt-Umgebung;103;42927;0;125;18;41,93165;0;1;1;97
06.10.2020 00:00:00;Güssing;104;25797;1;95;29;112,4162;0;0;0;56
06.10.2020 00:00:00;Jennersdorf;105;17066;0;19;0;0;0;0;0;19
06.10.2020 00:00:00;Mattersburg;106;39925;3;147;15;37,57045;0;1;1;126
06.10.2020 00:00:00;Neusiedl am See;107;59552;9;238;60;100,7523;0;4;2;135
06.10.2020 00:00:00;Oberpullendorf;108;37513;3;81;26;69,3093;0;1;0;46
06.10.2020 00:00:00;Oberwart;109;54076;5;236;23;42,53273;0;4;4;186
06.10.2020 00:00:00;Klagenfurt Stadt;201;100817;3;219;15;14,87844;0;3;0;192
06.10.2020 00:00:00;Villach Stadt;202;62243;2;112;11;17,67267;0;0;1;97
06.10.2020 00:00:00;Hermagor;203;18224;2;52;24;131,6945;0;0;4;9
06.10.2020 00:00:00;Klagenfurt Land;204;59800;1;103;10;16,72241;0;2;0;79
06.10.2020 00:00:00;Sankt Veit an der Glan;205;54555;3;85;9;16,49711;0;0;1;69
06.10.2020 00:00:00;Spittal an der Drau;206;76091;1;83;5;6,571079;0;1;0;72
06.10.2020 00:00:00;Villach Land;207;64668;0;127;8;12,37088;0;2;0;110
06.10.2020 00:00:00;Völkermarkt;208;41878;6;122;46;109,8429;0;4;2;69
06.10.2020 00:00:00;Wolfsberg;209;52726;0;89;6;11,37959;0;1;0;80
06.10.2020 00:00:00;Feldkirchen;210;29937;1;37;1;3,340348;0;0;1;31
06.10.2020 00:00:00;Krems an der Donau(Stadt);301;24876;0;140;19;76,37884;0;4;3;111
06.10.2020 00:00:00;Sankt Pölten(Stadt);302;55044;13;302;84;152,6052;0;5;3;172
06.10.2020 00:00:00;Waidhofen an der Ybbs(Stadt);303;11261;1;31;1;8,880206;0;3;1;27
06.10.2020 00:00:00;Wiener Neustadt(Stadt);304;45277;4;267;27;59,63293;0;0;0;194
06.10.2020 00:00:00;Amstetten;305;116114;4;424;44;37,8938;0;16;1;350
06.10.2020 00:00:00;Baden;306;146203;16;699;106;72,50193;0;6;8;561
06.10.2020 00:00:00;Bruck an der Leitha;307;102010;19;470;106;103,9114;0;5;7;336
06.10.2020 00:00:00;Gänserndorf;308;103686;17;479;73;70,40488;0;5;1;348
06.10.2020 00:00:00;Gmünd;309;36773;5;131;37;100,6173;1;1;6;76
06.10.2020 00:00:00;Hollabrunn;310;50858;5;113;30;58,98777;0;0;0;81
06.10.2020 00:00:00;Horn;311;31090;1;119;8;25,73175;0;5;0;105
06.10.2020 00:00:00;Korneuburg;312;90889;14;457;62;68,21507;0;6;2;367
06.10.2020 00:00:00;Krems(Land);313;56596;6;332;42;74,21019;0;8;5;263
06.10.2020 00:00:00;Lilienfeld;314;25812;2;104;9;34,8675;0;5;2;90
06.10.2020 00:00:00;Melk;315;77962;12;376;50;64,13381;0;4;4;299
06.10.2020 00:00:00;Mistelbach;316;75483;5;352;56;74,18889;0;7;6;269
06.10.2020 00:00:00;Mödling;317;118998;19;629;106;89,07713;0;9;7;487
06.10.2020 00:00:00;Neunkirchen;318;86291;9;502;42;48,67252;0;8;6;440
06.10.2020 00:00:00;Sankt Pölten(Land);319;131044;13;589;84;64,10061;0;11;0;397
06.10.2020 00:00:00;Scheibbs;320;41403;0;167;8;19,32227;0;2;4;149
06.10.2020 00:00:00;Tulln;321;103771;9;408;52;50,11034;0;6;3;327
06.10.2020 00:00:00;Waidhofen an der Thaya;322;25888;6;154;24;92,70705;0;2;0;123
06.10.2020 00:00:00;Wiener Neustadt(Land);323;77991;10;284;31;39,74818;0;9;0;243
06.10.2020 00:00:00;Zwettl;325;42222;5;193;26;61,57927;0;2;4;160
06.10.2020 00:00:00;Linz(Stadt);401;205726;21;1497;207;100,6193;1;20;28;1208
06.10.2020 00:00:00;Steyr(Stadt);402;38193;3;177;9;23,56453;0;2;1;159
06.10.2020 00:00:00;Wels(Stadt);403;61727;6;400;45;72,90165;0;0;10;342
06.10.2020 00:00:00;Braunau am Inn;404;104408;9;352;34;32,56456;0;5;4;290
06.10.2020 00:00:00;Eferding;405;33156;0;128;1;3,016045;0;6;0;119
06.10.2020 00:00:00;Freistadt;406;66621;3;318;32;48,0329;0;6;0;269
06.10.2020 00:00:00;Gmunden;407;101631;18;343;81;79,70009;0;2;8;237
06.10.2020 00:00:00;Grieskirchen;408;64721;6;201;16;24,7215;0;1;2;171
06.10.2020 00:00:00;Kirchdorf an der Krems;409;56866;0;148;7;12,30964;0;2;1;123
06.10.2020 00:00:00;Linz-Land;410;150273;13;1022;118;78,52375;0;9;10;825
06.10.2020 00:00:00;Perg;411;68459;3;462;18;26,29311;0;4;0;434
06.10.2020 00:00:00;Ried im Innkreis;412;61204;13;298;78;127,4426;0;0;0;187
06.10.2020 00:00:00;Rohrbach;413;56524;1;271;42;74,30472;0;0;0;225
06.10.2020 00:00:00;Schärding;414;57307;7;141;21;36,64474;0;1;5;105
06.10.2020 00:00:00;Steyr-Land;415;60427;6;286;14;23,16845;0;7;0;262
06.10.2020 00:00:00;Urfahr-Umgebung;416;85505;3;484;58;67,83229;0;6;2;404
06.10.2020 00:00:00;Vöcklabruck;417;136253;19;530;101;74,12681;0;4;10;387
06.10.2020 00:00:00;Wels-Land;418;73094;4;317;19;25,99393;0;1;1;281
06.10.2020 00:00:00;Salzburg(Stadt);501;154211;14;592;75;48,63466;0;3;8;492
06.10.2020 00:00:00;Hallein;502;60374;9;273;88;145,7581;0;1;5;175
06.10.2020 00:00:00;Salzburg-Umgebung;503;152281;9;531;79;51,87778;0;11;5;435
06.10.2020 00:00:00;Sankt Johann im Pongau;504;80573;5;614;41;50,88553;0;18;3;536
06.10.2020 00:00:00;Tamsweg;505;20320;6;46;13;63,97638;0;1;0;32
06.10.2020 00:00:00;Zell am See;506;87462;2;477;20;22,86707;0;9;3;439
06.10.2020 00:00:00;Graz(Stadt);601;288806;9;1330;91;31,50904;1;52;16;1124
06.10.2020 00:00:00;Deutschlandsberg;603;60821;2;110;10;16,44169;0;2;0;96
06.10.2020 00:00:00;Graz-Umgebung;606;154260;6;491;52;33,70932;0;36;1;378
06.10.2020 00:00:00;Leibnitz;610;82484;2;271;10;12,12356;0;9;2;245
06.10.2020 00:00:00;Leoben;611;60060;2;115;24;39,96004;0;3;0;73
06.10.2020 00:00:00;Liezen;612;79901;3;208;29;36,29491;0;1;2;166
06.10.2020 00:00:00;Murau;614;27659;0;38;1;3,61546;0;0;1;36
06.10.2020 00:00:00;Voitsberg;616;51161;5;168;20;39,09228;0;5;1;125
06.10.2020 00:00:00;Weiz;617;90343;0;297;12;13,28271;0;18;0;260
06.10.2020 00:00:00;Murtal;620;72004;10;131;20;27,77624;0;1;0;104
06.10.2020 00:00:00;Bruck-Mürzzuschlag;621;98984;16;189;41;41,42084;0;5;1;135
06.10.2020 00:00:00;Hartberg-Fürstenfeld;622;90622;2;408;12;13,24182;0;41;1;350
06.10.2020 00:00:00;Südoststeiermark;623;85947;0;97;3;3,490523;0;2;0;76
06.10.2020 00:00:00;Innsbruck-Stadt;701;132110;40;1408;210;158,9585;0;6;11;1171
06.10.2020 00:00:00;Imst;702;60056;11;449;36;59,94405;0;6;4;403
06.10.2020 00:00:00;Innsbruck-Land;703;179318;30;1059;169;94,24598;0;14;13;841
06.10.2020 00:00:00;Kitzbühel;704;63881;3;481;20;31,30821;0;11;2;453
06.10.2020 00:00:00;Kufstein;705;109682;9;978;60;54,7036;0;35;9;883
06.10.2020 00:00:00;Landeck;706;44362;7;1184;60;135,2509;0;16;10;1094
06.10.2020 00:00:00;Lienz;707;48753;0;183;1;2,051156;0;6;0;175
06.10.2020 00:00:00;Reutte;708;32670;1;120;1;3,060912;0;1;1;118
06.10.2020 00:00:00;Schwaz;709;83873;21;745;90;107,3051;0;14;6;633
06.10.2020 00:00:00;Bludenz;801;63714;2;468;24;37,66833;0;5;3;431
06.10.2020 00:00:00;Bregenz;802;134383;11;630;77;57,29892;0;10;5;519
06.10.2020 00:00:00;Dornbirn;803;89041;5;507;55;61,7693;0;5;1;424
06.10.2020 00:00:00;Feldkirch;804;107159;25;573;133;124,1146;0;4;9;412
06.10.2020 00:00:00;Wien;900;1897491;437;18622;2841;149,724;3;269;190;12965
07.10.2020 00:00:00;Eisenstadt(Stadt);101;14637;1;47;3;20,496;0;0;0;42
07.10.2020 00:00:00;Rust(Stadt);102;1940;0;3;0;0;0;0;0;3
07.10.2020 00:00:00;Eisenstadt-Umgebung;103;42927;3;128;19;44,26119;0;1;0;97
07.10.2020 00:00:00;Güssing;104;25797;2;97;29;112,4162;0;0;5;61
07.10.2020 00:00:00;Jennersdorf;105;17066;0;19;0;0;0;0;0;19
07.10.2020 00:00:00;Mattersburg;106;39925;4;151;18;45,08453;0;1;2;128
07.10.2020 00:00:00;Neusiedl am See;107;59552;8;246;65;109,1483;0;4;13;148
07.10.2020 00:00:00;Oberpullendorf;108;37513;4;85;28;74,64079;0;1;0;46
07.10.2020 00:00:00;Oberwart;109;54076;6;242;24;44,38198;0;4;1;187
07.10.2020 00:00:00;Klagenfurt Stadt;201;100817;6;225;21;20,82982;0;3;1;193
07.10.2020 00:00:00;Villach Stadt;202;62243;5;117;15;24,0991;0;0;1;98
07.10.2020 00:00:00;Hermagor;203;18224;0;52;14;76,82177;0;0;11;20
07.10.2020 00:00:00;Klagenfurt Land;204;59800;4;107;13;21,73913;0;2;0;79
07.10.2020 00:00:00;Sankt Veit an der Glan;205;54555;7;92;16;29,3282;0;0;1;70
07.10.2020 00:00:00;Spittal an der Drau;206;76091;3;86;6;7,885295;0;1;0;72
07.10.2020 00:00:00;Villach Land;207;64668;2;129;8;12,37088;0;2;2;112
07.10.2020 00:00:00;Völkermarkt;208;41878;4;126;48;114,6187;0;4;2;71
07.10.2020 00:00:00;Wolfsberg;209;52726;0;89;3;5,689793;0;1;2;82
07.10.2020 00:00:00;Feldkirchen;210;29937;0;37;1;3,340348;0;0;1;32
07.10.2020 00:00:00;Krems an der Donau(Stadt);301;24876;3;143;21;84,41872;0;4;2;113
07.10.2020 00:00:00;Sankt Pölten(Stadt);302;55044;7;309;79;143,5215;0;5;0;172
07.10.2020 00:00:00;Waidhofen an der Ybbs(Stadt);303;11261;0;31;1;8,880206;0;3;0;27
07.10.2020 00:00:00;Wiener Neustadt(Stadt);304;45277;5;272;29;64,05018;0;0;0;194
07.10.2020 00:00:00;Amstetten;305;116114;6;430;44;37,8938;0;16;2;352
07.10.2020 00:00:00;Baden;306;146203;20;719;117;80,02572;0;6;6;567
07.10.2020 00:00:00;Bruck an der Leitha;307;102010;19;489;107;104,8917;0;5;1;337
07.10.2020 00:00:00;Gänserndorf;308;103686;14;493;81;78,12048;0;5;3;351
07.10.2020 00:00:00;Gmünd;309;36773;2;133;36;97,89791;0;1;1;77
07.10.2020 00:00:00;Hollabrunn;310;50858;1;114;30;58,98777;1;1;0;81
07.10.2020 00:00:00;Horn;311;31090;3;122;10;32,16468;0;5;0;105
07.10.2020 00:00:00;Korneuburg;312;90889;18;475;71;78,11726;0;6;1;368
07.10.2020 00:00:00;Krems(Land);313;56596;6;338;44;77,74401;0;8;1;264
07.10.2020 00:00:00;Lilienfeld;314;25812;5;109;14;54,23834;0;5;0;90
07.10.2020 00:00:00;Melk;315;77962;6;382;46;59,00311;0;4;7;306
07.10.2020 00:00:00;Mistelbach;316;75483;12;364;55;72,86409;0;7;4;273
07.10.2020 00:00:00;Mödling;317;118998;16;645;112;94,11923;0;9;5;492
07.10.2020 00:00:00;Neunkirchen;318;86291;10;512;49;56,7846;0;8;4;444
07.10.2020 00:00:00;Sankt Pölten(Land);319;131044;19;608;97;74,02094;0;11;0;397
07.10.2020 00:00:00;Scheibbs;320;41403;2;169;8;19,32227;0;2;0;149
07.10.2020 00:00:00;Tulln;321;103771;11;419;56;53,96498;0;6;1;328
07.10.2020 00:00:00;Waidhofen an der Thaya;322;25888;4;158;25;96,56984;0;2;3;126
07.10.2020 00:00:00;Wiener Neustadt(Land);323;77991;6;290;37;47,44137;0;9;1;244
07.10.2020 00:00:00;Zwettl;325;42222;0;193;22;52,10554;0;2;2;162
07.10.2020 00:00:00;Linz(Stadt);401;205726;5;1502;193;93,8141;0;20;19;1227
07.10.2020 00:00:00;Steyr(Stadt);402;38193;5;182;13;34,03765;0;2;0;159
07.10.2020 00:00:00;Wels(Stadt);403;61727;17;417;57;92,34209;0;0;3;345
07.10.2020 00:00:00;Braunau am Inn;404;104408;10;362;41;39,26902;0;5;0;290
07.10.2020 00:00:00;Eferding;405;33156;0;128;1;3,016045;0;6;1;120
07.10.2020 00:00:00;Freistadt;406;66621;6;324;33;49,53393;0;6;3;272
07.10.2020 00:00:00;Gmunden;407;101631;17;360;87;85,60381;0;2;3;240
07.10.2020 00:00:00;Grieskirchen;408;64721;3;204;18;27,81168;0;1;5;176
07.10.2020 00:00:00;Kirchdorf an der Krems;409;56866;0;148;7;12,30964;0;2;0;123
07.10.2020 00:00:00;Linz-Land;410;150273;9;1031;112;74,53102;0;9;0;825
07.10.2020 00:00:00;Perg;411;68459;8;470;25;36,51821;0;4;3;437
07.10.2020 00:00:00;Ried im Innkreis;412;61204;8;306;64;104,5683;0;0;12;199
07.10.2020 00:00:00;Rohrbach;413;56524;9;280;51;90,22716;0;0;2;227
07.10.2020 00:00:00;Schärding;414;57307;9;150;26;45,36967;0;1;2;107
07.10.2020 00:00:00;Steyr-Land;415;60427;3;289;17;28,13312;0;7;1;263
07.10.2020 00:00:00;Urfahr-Umgebung;416;85505;9;493;63;73,6799;0;6;3;407
07.10.2020 00:00:00;Vöcklabruck;417;136253;16;546;111;81,46609;0;4;4;391
07.10.2020 00:00:00;Wels-Land;418;73094;10;327;29;39,67494;0;1;0;281
07.10.2020 00:00:00;Salzburg(Stadt);501;154211;17;609;78;50,58005;0;3;4;496
07.10.2020 00:00:00;Hallein;502;60374;14;287;87;144,1018;0;1;4;179
07.10.2020 00:00:00;Salzburg-Umgebung;503;152281;7;538;78;51,2211;0;11;3;438
07.10.2020 00:00:00;Sankt Johann im Pongau;504;80573;13;627;47;58,3322;0;18;6;542
07.10.2020 00:00:00;Tamsweg;505;20320;1;47;13;63,97638;0;1;0;32
07.10.2020 00:00:00;Zell am See;506;87462;1;478;18;20,58037;0;9;3;442
07.10.2020 00:00:00;Graz(Stadt);601;288806;20;1350;101;34,97157;0;52;13;1137
07.10.2020 00:00:00;Deutschlandsberg;603;60821;3;113;12;19,73003;0;2;1;97
07.10.2020 00:00:00;Graz-Umgebung;606;154260;6;497;53;34,35758;0;36;2;380
07.10.2020 00:00:00;Leibnitz;610;82484;5;276;14;16,97299;0;9;1;246
07.10.2020 00:00:00;Leoben;611;60060;6;121;28;46,62005;0;3;0;73
07.10.2020 00:00:00;Liezen;612;79901;6;214;33;41,30111;0;1;0;166
07.10.2020 00:00:00;Murau;614;27659;1;39;2;7,230919;0;0;0;36
07.10.2020 00:00:00;Voitsberg;616;51161;3;171;23;44,95612;0;5;3;128
07.10.2020 00:00:00;Weiz;617;90343;5;302;17;18,81717;0;18;0;260
07.10.2020 00:00:00;Murtal;620;72004;0;131;19;26,38742;0;1;4;108
07.10.2020 00:00:00;Bruck-Mürzzuschlag;621;98984;5;194;46;46,47216;0;5;4;139
07.10.2020 00:00:00;Hartberg-Fürstenfeld;622;90622;3;411;14;15,44879;0;41;4;354
07.10.2020 00:00:00;Südoststeiermark;623;85947;0;97;3;3,490523;0;2;0;76
07.10.2020 00:00:00;Innsbruck-Stadt;701;132110;32;1440;222;168,0418;0;6;8;1179
07.10.2020 00:00:00;Imst;702;60056;2;451;37;61,60917;0;6;3;406
07.10.2020 00:00:00;Innsbruck-Land;703;179318;18;1077;172;95,91898;0;14;5;846
07.10.2020 00:00:00;Kitzbühel;704;63881;1;482;18;28,17739;0;11;2;455
07.10.2020 00:00:00;Kufstein;705;109682;11;989;62;56,52705;0;35;5;888
07.10.2020 00:00:00;Landeck;706;44362;6;1190;59;132,9967;0;16;7;1101
07.10.2020 00:00:00;Lienz;707;48753;1;184;1;2,051156;0;6;1;176
07.10.2020 00:00:00;Reutte;708;32670;1;121;2;6,121824;0;1;0;118
07.10.2020 00:00:00;Schwaz;709;83873;4;749;87;103,7283;0;14;6;639
07.10.2020 00:00:00;Bludenz;801;63714;3;471;27;42,37687;0;5;1;432
07.10.2020 00:00:00;Bregenz;802;134383;13;643;88;65,48447;0;10;5;524
07.10.2020 00:00:00;Dornbirn;803;89041;10;517;60;67,38469;0;5;3;427
07.10.2020 00:00:00;Feldkirch;804;107159;12;585;137;127,8474;0;4;5;417
07.10.2020 00:00:00;Wien;900;1897491;605;19227;3122;164,5331;4;273;3;12968
08.10.2020 00:00:00;Eisenstadt(Stadt);101;14637;0;47;3;20,496;0;0;0;42
08.10.2020 00:00:00;Rust(Stadt);102;1940;0;3;0;0;0;0;0;3
08.10.2020 00:00:00;Eisenstadt-Umgebung;103;42927;4;132;20;46,59072;0;1;0;97
08.10.2020 00:00:00;Güssing;104;25797;0;97;18;69,77556;0;0;2;63
08.10.2020 00:00:00;Jennersdorf;105;17066;0;19;0;0;0;0;0;19
08.10.2020 00:00:00;Mattersburg;106;39925;1;152;14;35,06575;0;1;2;130
08.10.2020 00:00:00;Neusiedl am See;107;59552;8;254;66;110,8275;0;4;5;153
08.10.2020 00:00:00;Oberpullendorf;108;37513;2;87;26;69,3093;0;1;0;46
08.10.2020 00:00:00;Oberwart;109;54076;7;249;29;53,62823;0;4;2;189
08.10.2020 00:00:00;Klagenfurt Stadt;201;100817;4;229;23;22,81361;0;3;0;193
08.10.2020 00:00:00;Villach Stadt;202;62243;4;121;19;30,52552;0;0;2;100
08.10.2020 00:00:00;Hermagor;203;18224;0;52;11;60,35997;0;0;2;22
08.10.2020 00:00:00;Klagenfurt Land;204;59800;3;110;15;25,08361;0;2;0;79
08.10.2020 00:00:00;Sankt Veit an der Glan;205;54555;9;101;24;43,9923;0;0;1;71
08.10.2020 00:00:00;Spittal an der Drau;206;76091;2;88;8;10,51373;0;1;0;72
08.10.2020 00:00:00;Villach Land;207;64668;0;129;7;10,82452;0;2;1;113
08.10.2020 00:00:00;Völkermarkt;208;41878;0;126;48;114,6187;0;4;0;71
08.10.2020 00:00:00;Wolfsberg;209;52726;0;89;3;5,689793;0;1;1;83
08.10.2020 00:00:00;Feldkirchen;210;29937;1;38;2;6,680696;0;0;0;32
08.10.2020 00:00:00;Krems an der Donau(Stadt);301;24876;0;143;16;64,31902;0;4;2;115
08.10.2020 00:00:00;Sankt Pölten(Stadt);302;55044;10;319;81;147,155;0;5;4;176
08.10.2020 00:00:00;Waidhofen an der Ybbs(Stadt);303;11261;0;31;1;8,880206;0;3;0;27
08.10.2020 00:00:00;Wiener Neustadt(Stadt);304;45277;6;278;35;77,30194;0;0;0;194
08.10.2020 00:00:00;Amstetten;305;116114;12;442;52;44,78357;0;16;8;360
08.10.2020 00:00:00;Baden;306;146203;21;740;126;86,18154;1;7;7;574
08.10.2020 00:00:00;Bruck an der Leitha;307;102010;10;499;105;102,9311;0;5;18;355
08.10.2020 00:00:00;Gänserndorf;308;103686;16;509;90;86,80053;0;5;1;352
08.10.2020 00:00:00;Gmünd;309;36773;6;139;39;106,0561;0;1;9;86
08.10.2020 00:00:00;Hollabrunn;310;50858;2;116;32;62,92029;1;2;0;81
08.10.2020 00:00:00;Horn;311;31090;2;124;10;32,16468;0;5;0;105
08.10.2020 00:00:00;Korneuburg;312;90889;25;500;86;94,62091;0;6;5;373
08.10.2020 00:00:00;Krems(Land);313;56596;6;344;46;81,27783;0;8;7;271
08.10.2020 00:00:00;Lilienfeld;314;25812;2;111;14;54,23834;0;5;0;90
08.10.2020 00:00:00;Melk;315;77962;10;392;44;56,43775;1;5;10;316
08.10.2020 00:00:00;Mistelbach;316;75483;7;371;58;76,83849;0;7;7;280
08.10.2020 00:00:00;Mödling;317;118998;21;666;122;102,5227;0;9;0;492
08.10.2020 00:00:00;Neunkirchen;318;86291;4;516;45;52,14912;0;8;8;452
08.10.2020 00:00:00;Sankt Pölten(Land);319;131044;15;623;101;77,07335;0;11;0;397
08.10.2020 00:00:00;Scheibbs;320;41403;0;169;7;16,90699;0;2;3;152
08.10.2020 00:00:00;Tulln;321;103771;16;435;69;66,49257;0;6;0;328
08.10.2020 00:00:00;Waidhofen an der Thaya;322;25888;2;160;24;92,70705;0;2;4;130
08.10.2020 00:00:00;Wiener Neustadt(Land);323;77991;6;296;39;50,00577;0;9;0;244
08.10.2020 00:00:00;Zwettl;325;42222;6;199;25;59,21084;0;2;3;165
08.10.2020 00:00:00;Linz(Stadt);401;205726;23;1525;192;93,32802;0;20;13;1240
08.10.2020 00:00:00;Steyr(Stadt);402;38193;2;184;14;36,65593;0;2;3;162
08.10.2020 00:00:00;Wels(Stadt);403;61727;30;447;81;131,223;0;0;6;351
08.10.2020 00:00:00;Braunau am Inn;404;104408;5;367;33;31,60677;0;5;9;299
08.10.2020 00:00:00;Eferding;405;33156;3;131;4;12,06418;0;6;0;120
08.10.2020 00:00:00;Freistadt;406;66621;5;329;29;43,52982;0;6;0;272
08.10.2020 00:00:00;Gmunden;407;101631;18;378;93;91,50751;1;3;9;249
08.10.2020 00:00:00;Grieskirchen;408;64721;20;224;35;54,07827;0;1;3;179
08.10.2020 00:00:00;Kirchdorf an der Krems;409;56866;3;151;9;15,82668;0;2;0;123
08.10.2020 00:00:00;Linz-Land;410;150273;11;1042;117;77,8583;0;9;0;825
08.10.2020 00:00:00;Perg;411;68459;2;472;25;36,51821;0;4;1;438
08.10.2020 00:00:00;Ried im Innkreis;412;61204;7;313;62;101,3006;0;0;6;205
08.10.2020 00:00:00;Rohrbach;413;56524;13;293;58;102,6113;0;0;4;231
08.10.2020 00:00:00;Schärding;414;57307;7;157;30;52,34962;0;1;3;110
08.10.2020 00:00:00;Steyr-Land;415;60427;0;289;16;26,47823;0;7;0;263
08.10.2020 00:00:00;Urfahr-Umgebung;416;85505;5;498;52;60,81516;0;6;1;408
08.10.2020 00:00:00;Vöcklabruck;417;136253;16;562;108;79,26431;0;4;16;407
08.10.2020 00:00:00;Wels-Land;418;73094;4;331;27;36,93874;0;1;1;282
08.10.2020 00:00:00;Salzburg(Stadt);501;154211;15;624;88;57,06467;0;3;15;511
08.10.2020 00:00:00;Hallein;502;60374;28;315;103;170,6032;0;1;7;186
08.10.2020 00:00:00;Salzburg-Umgebung;503;152281;22;560;94;61,72799;0;11;4;442
08.10.2020 00:00:00;Sankt Johann im Pongau;504;80573;10;637;54;67,01997;0;18;4;546
08.10.2020 00:00:00;Tamsweg;505;20320;3;50;15;73,8189;0;1;0;32
08.10.2020 00:00:00;Zell am See;506;87462;5;483;22;25,15378;0;9;0;442
08.10.2020 00:00:00;Graz(Stadt);601;288806;24;1374;117;40,51162;0;52;20;1157
08.10.2020 00:00:00;Deutschlandsberg;603;60821;2;115;12;19,73003;0;2;1;98
08.10.2020 00:00:00;Graz-Umgebung;606;154260;8;505;47;30,46804;0;36;0;380
08.10.2020 00:00:00;Leibnitz;610;82484;2;278;14;16,97299;0;9;1;247
08.10.2020 00:00:00;Leoben;611;60060;11;132;37;61,60506;0;3;0;73
08.10.2020 00:00:00;Liezen;612;79901;6;220;33;41,30111;0;1;7;173
08.10.2020 00:00:00;Murau;614;27659;0;39;2;7,230919;0;0;0;36
08.10.2020 00:00:00;Voitsberg;616;51161;2;173;23;44,95612;0;5;1;129
08.10.2020 00:00:00;Weiz;617;90343;5;307;19;21,03096;0;18;0;260
08.10.2020 00:00:00;Murtal;620;72004;3;134;20;27,77624;0;1;1;109
08.10.2020 00:00:00;Bruck-Mürzzuschlag;621;98984;12;206;52;52,53374;0;5;0;139
08.10.2020 00:00:00;Hartberg-Fürstenfeld;622;90622;2;413;13;14,3453;0;41;2;356
08.10.2020 00:00:00;Südoststeiermark;623;85947;2;99;5;5,817539;0;2;0;76
08.10.2020 00:00:00;Innsbruck-Stadt;701;132110;27;1467;235;177,8821;0;6;19;1198
08.10.2020 00:00:00;Imst;702;60056;14;465;44;73,26495;0;6;0;406
08.10.2020 00:00:00;Innsbruck-Land;703;179318;16;1093;174;97,03432;0;14;29;875
08.10.2020 00:00:00;Kitzbühel;704;63881;0;482;16;25,04657;0;11;4;459
08.10.2020 00:00:00;Kufstein;705;109682;11;1000;64;58,35051;0;35;4;892
08.10.2020 00:00:00;Landeck;706;44362;4;1194;42;94,67562;0;16;12;1113
08.10.2020 00:00:00;Lienz;707;48753;1;185;2;4,102312;0;6;0;176
08.10.2020 00:00:00;Reutte;708;32670;2;123;4;12,24365;0;1;0;118
08.10.2020 00:00:00;Schwaz;709;83873;32;781;108;128,7661;0;14;10;649
08.10.2020 00:00:00;Bludenz;801;63714;7;478;34;53,36347;0;5;0;432
08.10.2020 00:00:00;Bregenz;802;134383;13;656;93;69,20518;0;10;5;529
08.10.2020 00:00:00;Dornbirn;803;89041;5;522;61;68,50777;0;5;5;432
08.10.2020 00:00:00;Feldkirch;804;107159;18;603;146;136,2461;0;4;3;420
08.10.2020 00:00:00;Wien;900;1897491;355;19582;3110;163,9007;0;273;0;12968
09.10.2020 00:00:00;Eisenstadt(Stadt);101;14637;0;47;3;20,496;0;0;0;42
09.10.2020 00:00:00;Rust(Stadt);102;1940;0;3;0;0;0;0;0;3
09.10.2020 00:00:00;Eisenstadt-Umgebung;103;42927;1;133;17;39,60212;0;1;1;98
09.10.2020 00:00:00;Güssing;104;25797;0;97;17;65,89913;0;0;2;65
09.10.2020 00:00:00;Jennersdorf;105;17066;1;20;1;5,859604;0;0;0;19
09.10.2020 00:00:00;Mattersburg;106;39925;0;152;13;32,56105;0;1;0;130
09.10.2020 00:00:00;Neusiedl am See;107;59552;4;258;61;102,4315;0;4;0;153
09.10.2020 00:00:00;Oberpullendorf;108;37513;1;88;26;69,3093;0;1;0;46
09.10.2020 00:00:00;Oberwart;109;54076;3;252;30;55,47748;0;4;0;189
09.10.2020 00:00:00;Klagenfurt Stadt;201;100817;4;233;26;25,7893;0;3;0;193
09.10.2020 00:00:00;Villach Stadt;202;62243;6;127;22;35,34534;0;0;0;100
09.10.2020 00:00:00;Hermagor;203;18224;1;53;9;49,38543;0;0;2;24
09.10.2020 00:00:00;Klagenfurt Land;204;59800;1;111;15;25,08361;0;2;0;79
09.10.2020 00:00:00;Sankt Veit an der Glan;205;54555;0;101;22;40,32627;0;0;0;71
09.10.2020 00:00:00;Spittal an der Drau;206;76091;3;91;10;13,14216;0;1;0;72
09.10.2020 00:00:00;Villach Land;207;64668;1;130;6;9,278159;0;2;1;114
09.10.2020 00:00:00;Völkermarkt;208;41878;1;127;44;105,0671;0;4;0;71
09.10.2020 00:00:00;Wolfsberg;209;52726;2;91;4;7,58639;0;1;0;83
09.10.2020 00:00:00;Feldkirchen;210;29937;0;38;2;6,680696;0;0;0;32
09.10.2020 00:00:00;Krems an der Donau(Stadt);301;24876;0;143;12;48,23927;0;4;4;119
09.10.2020 00:00:00;Sankt Pölten(Stadt);302;55044;0;319;72;130,8044;0;5;0;176
09.10.2020 00:00:00;Waidhofen an der Ybbs(Stadt);303;11261;0;31;1;8,880206;0;3;0;27
09.10.2020 00:00:00;Wiener Neustadt(Stadt);304;45277;0;278;26;57,4243;0;0;0;194
09.10.2020 00:00:00;Amstetten;305;116114;0;442;48;41,33868;0;16;7;367
09.10.2020 00:00:00;Baden;306;146203;2;742;115;78,65775;0;7;12;586
09.10.2020 00:00:00;Bruck an der Leitha;307;102010;2;501;100;98,0296;0;5;9;364
09.10.2020 00:00:00;Gänserndorf;308;103686;6;515;89;85,83608;0;5;1;353
09.10.2020 00:00:00;Gmünd;309;36773;1;140;29;78,86221;0;1;5;91
09.10.2020 00:00:00;Hollabrunn;310;50858;1;117;26;51,12273;0;2;1;82
09.10.2020 00:00:00;Horn;311;31090;0;124;9;28,94822;0;5;0;105
09.10.2020 00:00:00;Korneuburg;312;90889;1;501;84;92,42043;0;6;7;380
09.10.2020 00:00:00;Krems(Land);313;56596;0;344;44;77,74401;0;8;1;272
09.10.2020 00:00:00;Lilienfeld;314;25812;0;111;13;50,36417;0;5;0;90
09.10.2020 00:00:00;Melk;315;77962;0;392;38;48,7417;0;5;5;321
09.10.2020 00:00:00;Mistelbach;316;75483;2;373;52;68,88969;0;7;4;284
09.10.2020 00:00:00;Mödling;317;118998;3;669;112;94,11923;0;9;0;492
09.10.2020 00:00:00;Neunkirchen;318;86291;3;519;43;49,83138;0;8;4;456
09.10.2020 00:00:00;Sankt Pölten(Land);319;131044;0;623;95;72,49474;0;11;0;397
09.10.2020 00:00:00;Scheibbs;320;41403;1;170;5;12,07642;0;2;3;155
09.10.2020 00:00:00;Tulln;321;103771;3;438;60;57,81962;0;6;0;328
09.10.2020 00:00:00;Waidhofen an der Thaya;322;25888;0;160;21;81,11867;0;2;0;130
09.10.2020 00:00:00;Wiener Neustadt(Land);323;77991;1;297;39;50,00577;0;9;3;247
09.10.2020 00:00:00;Zwettl;325;42222;0;199;24;56,8424;0;2;1;166
09.10.2020 00:00:00;Linz(Stadt);401;205726;8;1533;175;85,0646;0;20;22;1262
09.10.2020 00:00:00;Steyr(Stadt);402;38193;1;185;15;39,27421;0;2;1;163
09.10.2020 00:00:00;Wels(Stadt);403;61727;11;458;87;140,9432;0;0;4;355
09.10.2020 00:00:00;Braunau am Inn;404;104408;4;371;36;34,48012;0;5;9;308
09.10.2020 00:00:00;Eferding;405;33156;0;131;4;12,06418;0;6;0;120
09.10.2020 00:00:00;Freistadt;406;66621;1;330;24;36,02468;0;6;7;279
09.10.2020 00:00:00;Gmunden;407;101631;0;378;89;87,57171;0;3;14;263
09.10.2020 00:00:00;Grieskirchen;408;64721;1;225;34;52,53318;0;1;3;182
09.10.2020 00:00:00;Kirchdorf an der Krems;409;56866;0;151;8;14,06816;0;2;4;127
09.10.2020 00:00:00;Linz-Land;410;150273;4;1046;110;73,20011;0;9;4;829
09.10.2020 00:00:00;Perg;411;68459;1;473;24;35,05748;0;4;2;440
09.10.2020 00:00:00;Ried im Innkreis;412;61204;0;313;48;78,42625;0;0;2;207
09.10.2020 00:00:00;Rohrbach;413;56524;9;302;66;116,7646;0;0;2;233
09.10.2020 00:00:00;Schärding;414;57307;3;160;31;54,09461;0;1;0;110
09.10.2020 00:00:00;Steyr-Land;415;60427;2;291;17;28,13312;0;7;0;263
09.10.2020 00:00:00;Urfahr-Umgebung;416;85505;2;500;46;53,79802;0;6;0;408
09.10.2020 00:00:00;Vöcklabruck;417;136253;9;571;111;81,46609;0;4;12;419
09.10.2020 00:00:00;Wels-Land;418;73094;0;331;27;36,93874;0;1;0;282
09.10.2020 00:00:00;Salzburg(Stadt);501;154211;3;627;85;55,11929;0;3;0;511
09.10.2020 00:00:00;Hallein;502;60374;1;316;93;154,0398;0;1;9;195
09.10.2020 00:00:00;Salzburg-Umgebung;503;152281;2;562;76;49,90774;0;11;4;446
09.10.2020 00:00:00;Sankt Johann im Pongau;504;80573;1;638;47;58,3322;0;18;9;555
09.10.2020 00:00:00;Tamsweg;505;20320;0;50;15;73,8189;0;1;0;32
09.10.2020 00:00:00;Zell am See;506;87462;0;483;20;22,86707;0;9;0;442
09.10.2020 00:00:00;Graz(Stadt);601;288806;2;1376;109;37,7416;0;52;18;1175
09.10.2020 00:00:00;Deutschlandsberg;603;60821;0;115;12;19,73003;0;2;0;98
09.10.2020 00:00:00;Graz-Umgebung;606;154260;4;509;43;27,87502;0;36;0;380
09.10.2020 00:00:00;Leibnitz;610;82484;1;279;15;18,18534;0;9;4;251
09.10.2020 00:00:00;Leoben;611;60060;13;145;50;83,25008;0;3;0;73
09.10.2020 00:00:00;Liezen;612;79901;4;224;31;38,79801;0;1;0;173
09.10.2020 00:00:00;Murau;614;27659;0;39;2;7,230919;0;0;0;36
09.10.2020 00:00:00;Voitsberg;616;51161;5;178;23;44,95612;0;5;5;134
09.10.2020 00:00:00;Weiz;617;90343;6;313;21;23,24475;0;18;2;262
09.10.2020 00:00:00;Murtal;620;72004;1;135;20;27,77624;0;1;0;109
09.10.2020 00:00:00;Bruck-Mürzzuschlag;621;98984;5;211;55;55,56454;0;5;0;139
09.10.2020 00:00:00;Hartberg-Fürstenfeld;622;90622;3;416;16;17,65576;0;41;1;357
09.10.2020 00:00:00;Südoststeiermark;623;85947;2;101;7;8,144554;0;2;0;76
09.10.2020 00:00:00;Innsbruck-Stadt;701;132110;5;1472;220;166,5279;0;6;13;1211
09.10.2020 00:00:00;Imst;702;60056;5;470;47;78,26029;0;6;0;406
09.10.2020 00:00:00;Innsbruck-Land;703;179318;4;1097;156;86,99628;0;14;0;875
09.10.2020 00:00:00;Kitzbühel;704;63881;0;482;12;18,78493;0;11;1;460
09.10.2020 00:00:00;Kufstein;705;109682;0;1000;52;47,40979;0;35;5;897
09.10.2020 00:00:00;Landeck;706;44362;2;1196;36;81,15054;0;16;14;1127
09.10.2020 00:00:00;Lienz;707;48753;1;186;3;6,153468;0;6;0;176
09.10.2020 00:00:00;Reutte;708;32670;1;124;5;15,30456;0;1;0;118
09.10.2020 00:00:00;Schwaz;709;83873;0;781;103;122,8047;0;14;7;656
09.10.2020 00:00:00;Bludenz;801;63714;2;480;34;53,36347;0;5;0;432
09.10.2020 00:00:00;Bregenz;802;134383;0;656;76;56,55477;0;10;3;532
09.10.2020 00:00:00;Dornbirn;803;89041;0;522;48;53,90775;0;5;0;432
09.10.2020 00:00:00;Feldkirch;804;107159;5;608;129;120,3819;0;4;4;424
09.10.2020 00:00:00;Wien;900;1897491;245;19827;3048;160,6332;0;273;1;12969